6	24.613012650604105
7	24.11930492529642
8	24.00034447639967
9	24.351886509199655
10	23.807678664021218
11	27.345840533960427
12	24.662193887455064
13	23.987174631103503
14	23.568988606503922
15	25.328335144918356
16	29.20382145510464
17	22.305649294821386
18	22.26066229549492
19	26.055073580520997
20	28.421294001057323
21	25.571717309095067
22	23.679301126261635
23	24.10384205228244
24	20.75059538017365
25	23.437944012513793
26	24.145438189211593
27	25.000567572821275
28	25.906733588802126
29	24.369479297931168
30	25.894727749950377
31	25.845845002841955
32	23.964317440627685
33	24.197277380338637
34	25.46217687313684
35	24.787504325947555
36	21.751431080057955
37	28.58785632110145
38	27.220930221149224
39	23.952907681650167
40	21.68736906394119
41	21.167677685682325
42	23.996072005753852
43	27.27190354690382
44	24.50180115762156
45	27.289442556539953
46	24.296389702658416
47	28.486980844774994
48	23.458217655504995
49	23.29836556878693
50	20.076624031348317
51	23.102428639884845
52	23.536537372455893
53	22.471018931420684
54	27.08050581732823
55	21.88689023633891
56	23.829163589659963
57	25.443369198680088
58	21.650178972029245
59	25.802412385523994
60	26.855924847578272
61	22.374259216101684
62	24.103041096982583
63	22.076828589084588
64	23.942018386178997
65	24.74182259795565
66	23.77489478457428
67	25.91224907578649
68	22.20411111480308
69	28.991861584316542
70	21.52994760216428
71	24.36299096665607
72	21.636418532988593
73	23.576628902449155
74	26.764240831949373
75	25.570421206254395
76	25.553633499278778
77	24.971359974418682
78	21.68696078441366
79	22.445912082275026
80	24.002976574994634
81	31.060632034985854
82	25.60493341563303
83	23.453343738015974
84	24.332315376943804
85	24.326668597819257
86	25.063872309358583
87	23.169071594407097
88	25.89487610915501
89	25.55140553650388
90	22.534185049708867
91	23.044712653848507
92	26.700922895975587
93	23.770174087100784
94	21.2893900191181
95	24.82911910434571
96	23.320948022045194
97	23.032517442224584
98	24.635420836920765
99	24.832054675784512
100	25.50823109072432
101	24.109802286385356
102	22.22186117855521
103	24.942190370473124
104	24.806319698504375
105	29.709375434570877
106	23.42523903923187
107	20.78607301901186
108	24.78968771640401
109	26.603539786465543
110	25.716736528612092
111	20.58091766223697
112	24.613280871836608
113	22.31768703423101
114	23.518202487486025
115	25.835997707706323
116	23.478786504105084
117	23.317078260833764
118	23.748035960885318
119	24.572944677337475
120	23.13406966654362
121	22.879098557078276
122	27.06539137209308
123	24.132462222330826
124	24.199255227701386
125	23.819841474469285
126	20.083452437278467
127	26.976411341762894
128	22.74436342647294
129	25.76749405755308
130	21.22670127427005
131	26.007677384515535
132	20.738932006377063
133	25.34773467287388
134	22.95844672694657
135	27.235082478119043
136	21.713162459657422
137	25.963753547505476
138	23.934906826866527
139	25.03700074017847
140	23.918461930456104
141	22.525451007193976
142	24.08259350411324
143	25.722372179788362
144	25.733692630359048
145	24.000070307381165
146	26.22483454385777
147	23.61769476053208
148	23.734366731671408
149	26.4771407621253
150	28.112142965183512
151	27.420737957621704
152	25.18695810468169
153	24.111883452992238
154	25.447980660177045
155	27.453284182326268
156	26.355475115957425
157	23.82049900952028
158	24.214329356880626
159	24.1841179500625
160	24.770873789920568
161	25.652110853605596
162	24.120911670441274
163	25.888588618527866
164	23.36940787952044
165	25.939570493573555
166	23.999106173307627
167	28.730339006672793
168	26.81621722775847
169	21.951188620865448
170	22.948565270004206
171	25.590905773058005
172	21.18452786729703
173	26.57855546796054
174	27.646521433227463
175	24.370830093834083
176	26.413301013133605
177	25.481949271324265
178	21.39138525580347
179	28.76354865333889
180	24.986885868974717
181	28.287724980054744
182	26.498085487577615
183	22.840939094291944
184	23.555263469909764
185	25.025795584305644
186	24.577725499030446
187	23.63400755619053
188	23.111066335894325
189	23.693971804620343
190	24.101672549831466
191	24.48218453272097
192	25.15499190549731
193	21.819794845636352
194	22.164150782606157
195	25.499701536525905
196	25.676559474799433
197	26.368583291660762
198	22.40339889442135
199	24.416105076867098
200	22.18368388183444
201	25.75043604264184
202	22.910613910401214
203	21.139336097124865
204	24.722895740316744
205	22.733700613934722
206	25.623192359484772
207	25.027389785744163
208	21.606365684731525
209	25.50787721107093
210	25.49465904037713
211	24.34880416786216
212	21.92835687427928
213	22.04883872695791
214	28.07789003207236
215	25.75772382245632
216	23.503180325298064
217	26.255552068617753
218	25.504285566309637
219	26.249502891682788
220	25.341798918974487
221	24.456255334116577
222	27.170766760723463
223	22.488276998617668
224	24.621846405943263
225	25.53770800703999
226	25.58845543000886
227	23.296667778664574
228	21.923635869562858
229	25.77073239203193
230	26.764250935372928
231	25.432006304681998
232	27.689372862975173
233	22.743649841210914
234	22.749085218014702
235	23.924137280093273
236	25.236708395632984
237	23.410968964227607
238	18.639371760840213
239	26.65595100676624
240	24.94051329441222
241	23.888509423970245
242	24.80166222486094
243	22.25658151814714
244	25.70227792575024
245	24.098403133880986
246	25.039469522424042
247	25.526368895214983
248	23.68747749569316
249	22.16908186922844
250	23.663862284388248
251	23.195129364108045
252	26.052534228317466
253	24.295420070851428
254	27.019630501141112
255	27.49440926979878
256	24.15415975925377
257	24.02374355376297
258	23.88034376791091
259	26.37145893206495
260	24.429240501396215
261	23.612313509493106
262	26.414243105621807
263	26.949012406798527
264	24.310013172595063
265	24.485350108322702
266	24.191432453869815
267	23.446690568022728
268	25.360612041929638
269	23.986484366864897
270	24.431254693585085
271	25.8553117310768
272	25.894654208302963
273	25.048382286427078
274	25.401531481380516
275	22.807946620101575
276	23.963827099854825
277	24.145085641744082
278	23.27719543882995
279	23.42132416585567
280	26.055125601531472
281	24.956587685579766
282	23.41499160685392
283	23.386189232522156
284	25.636584120545496
285	22.76831227974326
286	21.94826523832086
287	29.408738227840512
288	25.720359721100735
289	22.60949768449577
290	23.38730009679178
291	24.537724863826398
292	22.355679900551745
293	23.938850127722255
294	22.95391784199698
295	22.7862283406818
296	22.627887817420834
297	26.940179490396986
298	24.50693224468393
299	22.536908799067273
300	25.30027613509679
301	25.211903017663282
302	24.839233881824185
303	22.67679158130428
304	23.33891778749239
305	23.643152189584118
306	29.522928694782813
307	24.03283737994276
308	25.09075186942105
309	26.11987751850177
310	25.63636412579217
311	25.690391554759117
312	25.31693528276519
313	26.465561509842072
314	23.43871647908721
315	25.86558698984268
316	24.80026248305624
317	22.394248526936863
318	19.774385178170633
319	23.127193024684676
320	23.9744154729476
321	24.670835493048394
322	23.53947430216067
323	24.914587093366816
324	25.897699526634014
325	24.88841778714279
326	23.155617626455967
327	24.089341388978937
328	25.292677936144173
329	25.44710129823943
330	24.758924447943475
331	22.707147248805445
332	25.512164409121716
333	25.326908948266304
334	21.64576833810219
335	25.976094218172268
336	23.621369218525203
337	22.4020239920076
338	23.017965704094266
339	22.490924096743885
340	22.576832746368318
341	23.842717685083496
342	24.287783579013194
343	25.15080938786767
344	23.773079612352497
345	24.20427259732581
346	23.710438828402268
347	23.323969068429008
348	25.227497445608606
349	24.729296910659677
350	23.684165529686855
351	26.4794083527016
352	22.34971588359754
353	24.758453646769723
354	25.394185886534007
355	23.08591444479176
356	24.18524881812314
357	27.58983262309145
358	21.431884541718755
359	23.595005138598417
360	26.99493805256162
361	23.233466362270992
362	23.42767311045706
363	24.835160803318665
364	25.90741913135571
365	22.410443128833347
366	29.31454314578247
367	28.855930714639655
368	24.12816459032474
369	21.668527404286433
370	25.726586505919112
371	25.056785219244194
372	25.333727097695533
373	24.827753317716997
374	23.475485303587146
375	24.200775629500168
376	21.23414867811543
377	22.35702744643449
378	25.8350297782769
379	21.461030701684017
380	23.109177999670564
381	21.777608524722467
382	24.841037240236933
383	27.289740655627103
384	25.050105250279348
385	25.862077782439883
386	25.371003432148427
387	26.556347595731495
388	24.79560694480791
389	26.715393739022936
390	23.333215911250115
391	20.928958664016267
392	23.12519693550421
393	26.115261186634214
394	25.212201970624545
395	24.35679879515223
396	22.680371813224546
397	24.504720598311298
398	27.20516134830056
399	23.11051236068306
400	22.530462535272818
401	23.456040397839388
402	24.690907444936993
403	25.386789389955435
404	23.54493210594282
405	21.85395862388832
406	29.94455295824952
407	22.827602254707017
408	25.642954280755173
409	25.439506962861813
410	26.4720539069264
411	23.076232513589336
412	25.617272231738927
413	26.434446081349794
414	24.285333922671903
415	24.001510666835763
416	23.14259110561051
417	27.911743074122707
418	24.578924175179882
419	23.420273257849697
420	23.29527246764545
421	26.28228800164303
422	22.518612277994787
423	26.102379245835536
424	23.18809967755563
425	22.92594947846158
426	24.004812115256854
427	24.044196062474622
428	25.224503244788917
429	25.635768099071676
430	26.324213901676963
431	25.947200005694565
432	25.85361424595191
433	23.416033626931796
434	25.404228814487364
435	24.476307217202027
436	25.856303624507166
437	22.11461936733954
438	25.94972977983222
439	26.09809020857349
440	25.445255223786393
441	24.00951560407945
442	21.69485370390716
443	24.504460386405256
444	22.831053114236884
445	25.82887538117043
446	23.95618998963203
447	30.19840578155466
448	23.660918236154732
449	25.752514766050606
450	24.46327565321893
451	26.684037467276323
452	25.803413081454067
453	22.548964591482548
454	27.249496246073655
455	25.266228259231536
456	22.759562516124394
457	26.019615292863456
458	24.98232891589636
459	25.356593420886202
460	23.38505583502826
461	22.644022442633286
462	21.85925900174438
463	23.651621584804925
464	22.076906757732534
465	26.43158152033963
466	22.233212507126154
467	25.38670398737116
468	25.454856542014266
469	23.710293228265883
470	23.592063976825255
471	22.215497078754456
472	21.073197965755146
473	25.76122498889221
474	24.172555301049634
475	23.687950466873147
476	25.001898150952336
477	26.37281651857861
478	22.329029879507807
479	27.322571150793618
480	19.645988000013556
481	21.472618647438054
482	20.273962297285575
483	24.31573404093215
484	21.287857384165324
485	24.556559907834288
486	27.203618856111113
487	22.436440505644942
488	23.09851569715344
489	26.48065399515908
490	23.06426265344115
491	24.675934880583856
492	21.797770038980094
493	20.01527281864158
494	26.304991196928313
495	21.581037411074956
496	24.157628044123367
497	25.89958428045793
498	26.2134646971208
499	24.31089851829689
500	26.143339993067045
501	24.128206047567073
502	23.72822383602141
503	23.529110173323986
504	26.482957321277354
505	24.016940277590443
506	20.790244994746686
507	23.793058347151838
508	22.888414238295
509	22.756707068259733
510	20.630395004778013
511	25.140241279308004
512	29.262729165395616
513	23.421224617804302
514	24.577694298051938
515	25.83635439772791
516	26.797028362836933
517	25.92559697118346
518	25.12128953262931
519	26.625404312528428
520	23.605257069226354
521	25.49948711876641
522	25.611215939121653
523	24.948539194261404
524	25.618427936691745
525	30.457568203598687
526	24.32135038007428
527	21.651527794243425
528	23.150996632649804
529	27.24382650777232
530	27.382141494232677
531	24.75400877627544
532	24.712046022114617
533	24.574089540808927
534	24.208995068242075
535	27.756197255877353
536	24.03091940023781
537	21.80964136454912
538	25.24891001865637
539	23.642570479147793
540	25.55120528989408
541	22.953979608392167
542	24.602278291331604
543	22.41869114165787
544	25.871634613323426
545	26.235827200638596
546	24.76708780451251
547	25.29868106643747
548	22.43683042468575
549	30.42008058229694
550	25.113401079788066
551	26.95998283797551
552	22.006829704941573
553	25.445242755580693
554	22.43789399713701
555	27.790455806357052
556	28.405705583859415
557	27.100992991825855
558	25.048132060983335
559	24.625361291090183
560	24.489259353264814
561	26.870708441960492
562	24.49071418395421
563	25.39907564904674
564	25.468696231419347
565	25.144746617435615
566	25.168864274848602
567	26.80188079083261
568	22.216038765822304
569	24.143252259990398
570	23.033315567304573
571	26.038463475054193
572	23.82304854229733
573	23.709673913925972
574	26.21878560759512
575	26.37248130154796
576	26.226158242319123
577	23.55995880537999
578	28.010845482064823
579	24.360375707129908
580	25.588608645120015
581	24.307569573383294
582	25.185298603886622
583	25.80704042285215
584	25.604304518057035
585	23.170168361150782
586	26.158621394319372
587	24.73695652208158
588	26.31133079782982
589	24.63511371319085
590	24.83396736088484
591	20.90954370077123
592	23.892085955308477
593	22.33985171619464
594	24.806200575798616
595	25.002892090622076
596	25.83396889793221
597	26.101518800889608
598	25.17704624637324
599	25.335971562769444
600	25.49089277064195
601	25.701165710692294
602	26.464361498355476
603	23.462355052020442
604	27.71745412388776
605	23.357265544049866
606	26.541180295460098
607	21.12942598462905
608	24.02819283857243
609	24.17306930370978
610	23.756945044733584
611	28.501255597972584
612	26.17031467676102
613	27.657050830103497
614	24.137703835905995
615	26.773552965428852
616	19.506710707925127
617	23.00865558384491
618	23.925700624223314
619	25.482308225684044
620	23.590033612692164
621	25.718000711023343
622	25.71996338937768
623	22.119842129334916
624	23.09130999658858
625	22.55023023709381
626	22.98323278832518
627	22.89086691817184
628	24.622440881126007
629	24.761823130106286
630	23.290774645789778
631	22.57933539552323
632	21.64653126792317
633	25.720945478411917
634	27.38267442538927
635	26.499160999403102
636	26.349698379844675
637	22.732137404807396
638	24.24588243517792
639	23.99601479746052
640	24.717260551036578
641	21.751536270366394
642	25.613027016153662
643	22.48664532023433
644	23.102836362567082
645	24.185116969502594
646	26.839110352492963
647	24.58302291178067
648	27.0785627391078
649	25.74494180898667
650	22.45844466260557
651	25.416173216207728
652	26.594405222451314
653	25.51932921706854
654	19.329168460453563
655	25.12764522163343
656	19.115295058563596
657	26.185724073121
658	25.65450664711049
659	25.710693962537967
660	23.43738637238534
661	24.18296728023727
662	22.844512091949582
663	26.321436449391605
664	29.996707698048947
665	25.769517118567958
666	22.138268852304794
667	23.550239171080577
668	24.751494365666684
669	23.89362819396425
670	26.38646494304218
671	26.790577551826242
672	29.142386340579293
673	24.167948168271256
674	25.96693930993206
675	23.106392554426566
676	22.16454748293661
677	24.13507895014266
678	23.9094725283018
679	23.746976985418073
680	19.52441174069342
681	23.38893446138536
682	22.633859010101464
683	23.74416731218142
684	24.441351718650647
685	23.305893229791597
686	25.70512704710709
687	26.30367902191245
688	25.539539063241573
689	23.73940257041665
690	25.12793978136324
691	21.788743419732782
692	24.711752517328325
693	25.833080155945417
694	24.777079258243948
695	25.58777629835997
696	23.903270052209415
697	25.700506672674756
698	23.4030719107028
699	27.132276138853438
700	25.05666391555728
701	23.930236989843912
702	23.38884459484169
703	22.308344583329745
704	22.038157544376688
705	28.95722136694184
706	25.47533778329274
707	24.552864782246616
708	24.022455210038018
709	26.51451549688465
710	25.81327699581643
711	23.177087181339676
712	21.787950139152127
713	24.785764104014643
714	25.06110512073792
715	23.173130743301176
716	23.981126906190184
717	23.967538855717674
718	25.623360752092246
719	24.847858547222774
720	23.421906341449358
721	24.316454700066796
722	26.719487125610208
723	23.967431022008117
724	24.47173006344103
725	23.47924840087944
726	21.72259258561535
727	21.739027409014913
728	27.836044989996246
729	25.471944252284068
730	26.471033174326926
731	31.876475313771515
732	25.12485547174848
733	24.810697932760895
734	27.188413047857466
735	22.16646070372995
736	25.557739684226302
737	25.165714223850955
738	24.333342110235243
739	25.189015980988188
740	27.44383775120368
741	24.81870108209772
742	24.191086932783946
743	25.89208788914537
744	21.754297847709886
745	27.064266702789745
746	21.77704550352646
747	22.471008580298914
748	26.32139944834184
749	20.470704728604428
750	27.593774651164644
751	22.019426839101424
752	24.967526680511785
753	22.42731801181566
754	24.27515769935282
755	25.942707645864335
756	29.105830458279733
757	27.25993054715495
758	26.521734089740978
759	25.87104041132746
760	24.403204570961954
761	24.948048106596495
762	24.18565247876298
763	22.99420248977064
764	21.080389179389126
765	25.034116482062156
766	24.20356673192873
767	25.58602580910859
768	22.565967016964265
769	24.712605482627016
770	27.045504010931058
771	18.579920296634857
772	25.00634336670956
773	25.00965533548375
774	26.84320425612497
775	26.105763261780208
776	27.34866398903362
777	23.879976864044483
778	27.758723942689056
779	26.09712269776251
780	22.84863485345918
781	27.705270992515704
782	24.10719391317495
783	24.665365270906477
784	21.06533145272988
785	21.825673949538864
786	25.174115243533517
787	25.465800356323598
788	25.878897213048358
789	25.593009254276947
790	22.66942442059875
791	25.741503958415706
792	25.825029185402297
793	23.63889878009365
794	25.26071834716411
795	24.995360379794146
796	24.73917490237562
797	23.672380413675423
798	28.688643194361717
799	24.652154349437396
800	23.745648282580078
801	24.23789743660524
802	23.07716990205787
803	28.40741752654475
804	25.277518807495337
805	24.522967840152948
806	30.560050307375302
807	22.437244259921137
808	26.116877818349167
809	25.935737581108697
810	22.697642470628058
811	23.47440089948941
812	23.51138035738323
813	26.89977760471259
814	29.06527327808241
815	25.188535165995184
816	24.038975546490402
817	24.046975628806926
818	22.685786811126903
819	29.2394716736661
820	22.26480690207765
821	18.97311568579416
822	22.191339991834905
823	24.815846542665817
824	24.442032971854875
825	26.21689425589537
826	27.91071985149756
827	28.320040036832278
828	22.113030571257696
829	31.237757284067694
830	26.548230117003964
831	23.46441575110657
832	22.058986642809273
833	28.304266847117105
834	18.879628124551594
835	23.776451063708887
836	24.800398977361812
837	25.26049180267728
838	29.59385626213528
839	25.913066818050407
840	26.098829903654405
841	22.43165160262669
842	25.17839211356962
843	25.87347702468858
844	26.649106309031293
845	25.36475726365946
846	22.32587687166287
847	24.352543642402026
848	26.380739571001115
849	23.812190676496055
850	26.584262730836468
851	25.0005533144374
852	25.419788656112935
853	24.488418469936327
854	23.09420855123705
855	27.834131623351233
856	24.609136647278017
857	22.48751187463791
858	22.58614884847638
859	23.617780148446787
860	23.648568510601763
861	24.73268934813354
862	24.239300863666966
863	32.0077526238941
864	24.134928224371592
865	24.01290833799673
866	22.690941275163954
867	25.08449313369982
868	24.52045809703682
869	26.98101179495487
870	24.600882993163395
871	23.226863537666347
872	24.77192432190238
873	24.85286017798353
874	29.49035734809877
875	26.963618515163724
876	24.703920516980123
877	26.035714561265195
878	24.939809821408875
879	25.030770932673477
880	25.83156315308103
881	22.704947369335137
882	23.139486154715996
883	23.313051229385934
884	25.24120282161069
885	25.182752228789468
886	22.699334700635518
887	23.56643738140232
888	25.645651205527148
889	23.91809564796985
890	23.499572049977292
891	22.52317791556873
892	26.86834559288238
893	22.137831330006012
894	25.383547776567173
895	28.07873660634847
896	26.836208397356263
897	23.119871549030695
898	25.92384468038411
899	27.371954613447695
900	25.689317138532402
901	24.710521150943674
902	25.02829990999611
903	26.546954226791225
904	23.101821718305775
905	24.855108550647273
906	25.78770491197197
907	27.812664815646713
908	25.25832060779794
909	27.919512329923332
910	23.954636733849636
911	25.54713150914592
912	25.95666674108846
913	21.394135053507938
914	23.36745358623254
915	24.92486715752252
916	24.002488809086284
917	20.58382676106218
918	24.001391541059128
919	25.32750245971605
920	19.914876112412788
921	26.826912741125042
922	26.890916126566157
923	26.168297679601785
924	24.047546880785376
925	22.335784563731675
926	26.850255605263207
927	21.197448935846545
928	23.903361864673737
929	25.800953132207507
930	23.00301156598254
931	25.64819675210553
932	24.252660407573618
933	23.896731187056208
934	23.232278925283545
935	26.780193077660876
936	27.32692116801627
937	25.40903624058701
938	25.551237906124726
939	22.026923457464285
940	22.882385073295154
941	22.109976474526338
942	23.45854118848365
943	25.432158068689105
944	25.199520581013832
945	24.089962762590343
946	24.298381234903353
947	24.814629361873294
948	25.06886468934361
949	23.21348212786584
950	24.401963039982366
951	25.516206771188248
952	23.723303808153744
953	29.15237851050609
954	24.951761949376667
955	23.778651690265786
956	22.858834901232814
957	23.9807485647907
958	25.50658548501734
959	24.90406572913751
960	23.347706006950744
961	19.69614557523746
962	24.784912065869623
963	24.247181816410738
964	24.80669481192793
965	24.390812342010367
966	21.76878813938016
967	22.00094150694748
968	21.643691187733783
969	25.995062510970456
970	27.442100811176577
971	26.73900776185885
972	23.24924737766385
973	27.626206704071198
974	24.171834581736476
975	25.562462780408428
976	22.91741792176015
977	24.7177614773474
978	24.77345090068896
979	23.055096814346534
980	25.81342580759277
981	23.496830170579337
982	29.493288565689
983	25.61051958270319
984	22.720212218102958
985	23.742311828469315
986	26.056684884203907
987	26.756332394795027
988	23.11483186559053
989	24.064419994511727
990	24.94931217598884
991	24.7145006830226
992	24.87548721792908
993	24.177923779721215
994	28.77217730487852
995	26.556648321686467
996	23.02003658673978
997	26.141347354825804
998	26.496791270722444
999	25.23951191441059
1000	23.970209396160815
1001	25.05116168148298
1002	25.684047946943902
1003	23.308889086279255
1004	22.622139923874055
1005	22.602040589063627
1006	24.841464420564957
1007	24.04265806705225
1008	23.474708425937795
1009	24.672398716162814
1010	26.512963189913233
1011	24.555606545833008
1012	26.566100157557656
1013	24.934521136485273
1014	24.856434297738208
1015	24.69988454027528
1016	19.691442945573588
1017	26.17271976953769
1018	26.776524317373212
1019	21.761315783109453
1020	24.954246038449043
1021	23.904529426418975
1022	22.818571114430338
1023	24.43217286847842
1024	25.16283938133468
1025	23.24373749146859
1026	25.232625996965606
1027	25.23903140137778
1028	25.199540297434265
1029	23.75934301299023
1030	22.504141666506335
1031	25.219941690061074
1032	23.977307623875095
1033	25.005460532442868
1034	25.078442123233497
1035	29.738821006580256
1036	25.044225086058166
1037	23.440773546196787
1038	26.525695985363377
1039	22.295471316579587
1040	26.383310921714067
1041	30.65491317683232
1042	26.444623354558523
1043	27.7621591777489
1044	18.848348139674943
1045	28.724004326376598
1046	23.222450806606755
1047	26.15727083234709
1048	25.60182587144448
1049	23.978319618760818
1050	25.11524329697048
1051	24.351404321976005
1052	22.665860917169116
1053	23.088000027268816
1054	24.965714391875302
1055	19.931305657097795
1056	26.58355486668491
1057	25.36944320147288
1058	23.485796544831246
1059	30.085906338325003
1060	25.45486881322965
1061	26.716298944534113
1062	25.215588985666358
1063	26.88582677735082
1064	25.39852413983705
1065	24.94960781261103
1066	24.346721234742464
1067	21.191274166096594
1068	24.770890741888433
1069	26.012005073702312
1070	22.710475458641582
1071	22.655001647382353
1072	25.092049344042795
1073	22.574958515262033
1074	24.21190458404916
1075	27.27898318901619
1076	26.654674396358637
1077	26.850670608870374
1078	24.479274864115848
1079	27.451027483886314
1080	25.57117655655369
1081	24.322280591751525
1082	24.947328470274805
1083	23.908842284268196
1084	22.866462981391052
1085	24.55244684621209
1086	30.48944162291009
1087	23.63248542129683
1088	26.686848400246042
1089	25.247156192325445
1090	22.845665907021612
1091	26.874839776124723
1092	27.300733128748835
1093	27.62824771956366
1094	25.857035283581354
1095	25.52188092469157
1096	24.89524979285896
1097	24.890515257505914
1098	25.330121384600975
1099	24.062126145262837
1100	24.06397209675263
1101	24.836153555513274
1102	26.214424895423956
1103	24.513854577024986
1104	25.88593754454897
1105	22.911419380076783
1106	22.99532552140074
1107	23.972108801524154
1108	24.476977100986655
1109	25.03095435886644
1110	24.609077111331988
1111	22.84432375006145
1112	24.11291054027431
1113	25.581665602568094
1114	27.660365166596602
1115	23.977930572786136
1116	24.8058590160907
1117	25.778945685364306
1118	27.834679178134987
1119	26.355603023791144
1120	25.5180171468722
1121	25.911031312909664
1122	19.90994531934848
1123	29.526464071681563
1124	25.06548100997073
1125	22.296804578520824
1126	24.73986371839419
1127	26.234394776877405
1128	22.227615019664103
1129	23.962848641162662
1130	22.841938287520314
1131	24.98742596661948
1132	27.580594976009294
1133	26.201052552610193
1134	24.282854339005425
1135	23.36586716104066
1136	25.686315948476217
1137	27.54687775814091
1138	24.413613549518313
1139	22.81758342075627
1140	24.474112924541934
1141	27.51847643176249
1142	22.87740805139765
1143	23.578820961037355
1144	25.002008962893992
1145	23.702407522834147
1146	25.274656953115482
1147	23.179805380593546
1148	25.188705782350596
1149	22.18794904100051
1150	23.194748161467334
1151	25.183903744027095
1152	22.76233953522751
1153	26.668595248841616
1154	24.864224532912313
1155	19.623334918264298
1156	26.10684839064682
1157	22.942600212153046
1158	25.494546210927957
1159	22.297104702297865
1160	25.882357521423337
1161	26.432662129146046
1162	23.52685128406544
1163	25.337293960507616
1164	24.451084887764107
1165	23.99083711472661
1166	23.91909958643373
1167	24.711162008428282
1168	23.83545890486015
1169	23.90456802486248
1170	24.546781167795416
1171	23.522023320459994
1172	23.610413165030035
1173	25.89958590233194
1174	24.802320522049236
1175	24.473883208042633
1176	24.461928139413324
1177	23.205406730882824
1178	23.430384993456148
1179	22.578730746308185
1180	22.683388281904627
1181	22.123168026572483
1182	22.81750706807361
1183	21.906475313257292
1184	22.512007688417246
1185	21.573249290881602
1186	24.591561729209904
1187	25.06683041664879
1188	24.11543758728658
1189	27.138493088636704
1190	22.63254135013752
1191	23.447750820404117
1192	24.27058126618011
1193	22.561181356500903
1194	26.062260710578855
1195	25.880388582634083
1196	21.698785194317285
1197	25.833415561367293
1198	24.826509460436043
1199	23.116253684654733
1200	26.498800058616325
1201	25.41288153674792
1202	26.012635526619853
1203	21.420203490484575
1204	25.233130029948622
1205	24.545484678661452
1206	23.060077654441226
1207	26.104572295890346
1208	27.324458554154262
1209	22.094307696970645
1210	24.83079711843031
1211	24.849161217466463
1212	19.409039101027883
1213	27.347459777708977
1214	23.18685404204933
1215	23.142402095836587
1216	24.40854163905005
1217	23.75690627254938
1218	22.988366801834974
1219	24.46666558022643
1220	24.534552070661448
1221	22.536565680257528
1222	25.289966759097297
1223	26.18158222486167
1224	25.60665701069117
1225	21.979191699577495
1226	29.177307003915
1227	23.192637822109585
1228	24.197082327880587
1229	24.87821171140491
1230	25.252982759421382
1231	26.853693858466364
1232	24.17535161817934
1233	26.310232559849585
1234	20.627467784664727
1235	23.694771385511558
1236	26.641972007936445
1237	23.981464526006242
1238	26.42735235217993
1239	25.411623684737908
1240	25.125078517992126
1241	24.637739434933543
1242	24.288193678925744
1243	24.27292878827494
1244	23.380058490564505
1245	24.75216163708291
1246	25.084841516675493
1247	24.289046978368425
1248	23.927012256758573
1249	25.85101195673924
1250	25.461300047059055
1251	24.11771971124196
1252	26.089446906000376
1253	23.490083657528064
1254	25.990489819185594
1255	25.15989852946644
1256	25.113261927838902
1257	26.548879154827446
1258	26.24697585220565
1259	27.102007272448674
1260	23.298285093003262
1261	25.626875153598213
1262	26.01566314581959
1263	22.381357184427447
1264	24.534559070270646
1265	24.23494418182368
1266	23.3314744145493
1267	23.438768273635738
1268	23.614163511769018
1269	23.565838436683407
1270	21.288485772639085
1271	25.72376192973324
1272	24.90375833735258
1273	25.795617261285624
1274	25.89489150127396
1275	25.80519447078751
1276	24.244362880582532
1277	26.2236101309245
1278	28.32273501614774
1279	25.410871820058674
1280	22.709797196959457
1281	21.863193511242223
1282	25.151631890758573
1283	25.32208685973659
1284	24.197321331251022
1285	25.082743565984337
1286	26.219309202710015
1287	23.439244783630496
1288	25.970598045098424
1289	26.1696973294557
1290	25.144170697355136
1291	23.61379393939253
1292	22.78533305230667
1293	27.355624255826115
1294	21.74424165865362
1295	25.94647070299834
1296	23.782837804921048
1297	21.206254349299705
1298	25.251110368994652
1299	21.230737476966656
1300	23.58505591796711
1301	24.945141105668707
1302	24.71476877951885
1303	24.985487686306307
1304	23.895257423925415
1305	21.804778898501983
1306	20.756910757656442
1307	28.534020147204863
1308	25.005538323803034
1309	24.70609713928813
1310	26.346981889790012
1311	24.588761973457977
1312	24.262948095356116
1313	23.306170083730567
1314	26.808992938796894
1315	24.965306696903315
1316	25.64094767748864
1317	25.124603793456185
1318	23.218149480142166
1319	23.34229854802305
1320	25.261898147524334
1321	25.791532408853527
1322	26.222014968584784
1323	24.25223310192285
1324	23.96282666916554
1325	25.62066592805786
1326	23.11451923992375
1327	23.492813334507385
1328	27.939869214946935
1329	27.37691731646804
1330	24.687416078860405
1331	25.524632044113993
1332	28.069604321121005
1333	23.307063944763147
1334	22.490653181901305
1335	24.335934319794177
1336	25.130486612194492
1337	24.87446141597401
1338	23.455149251996772
1339	25.260560265646994
1340	23.796751806962614
1341	20.96967281911268
1342	25.335240340198983
1343	26.007221648129278
1344	22.814545353129507
1345	26.10680737025622
1346	24.53903297856771
1347	26.073311853959847
1348	24.7869651922777
1349	28.350519371703268
1350	20.332774134983385
1351	24.211453221585796
1352	25.810694443411194
1353	27.39499940663033
1354	27.6924913535611
1355	25.631448531668866
1356	25.741922838031314
1357	24.124611719855633
1358	23.97829815543257
1359	24.58825976552353
1360	26.0330584832991
1361	21.576134467699255
1362	24.710096974438056
1363	21.927611504164005
1364	23.854389297173302
1365	22.408792047193273
1366	21.943247923039877
1367	27.234435428390636
1368	24.0217195488685
1369	25.22973353801662
1370	25.36170460156595
1371	22.895115302177146
1372	21.436029242695355
1373	25.068461964175533
1374	23.823914924541235
1375	19.391005538958346
1376	26.72975855680748
1377	21.64628529228302
1378	26.972309456884183
1379	25.423360821386602
1380	25.56765719762072
1381	30.81879354255274
1382	26.958935829797102
1383	25.66627536772716
1384	27.743080888525583
1385	25.97353318018528
1386	24.795609728598112
1387	21.959375972822798
1388	27.07333640882711
1389	24.65345343988156
1390	25.13705980967331
1391	25.96330840299329
1392	25.65433631534688
1393	28.59160987860135
1394	24.45883272705777
1395	27.346806160290726
1396	24.845901648074182
1397	24.070053659645573
1398	27.23242430512751
1399	24.547291488162816
1400	25.397405232150998
1401	22.78443007062956
1402	22.476556036970578
1403	24.229486431827983
1404	25.230389498006033
1405	23.848333244619425
1406	21.704725630124674
1407	26.273990792287513
1408	23.183927396678232
1409	22.429232086167083
1410	22.83197798062802
1411	22.036874089596004
1412	29.089188111658373
1413	23.73148983207774
1414	23.648446412407793
1415	29.887196189324772
1416	23.379412808587464
1417	22.50401713137858
1418	24.376761369065694
1419	24.856824085562646
1420	27.47312755968464
1421	30.609603011063882
1422	26.829059675370377
1423	25.03066202687264
1424	23.83185595878361
1425	28.816955178463832
1426	26.05723881794672
1427	22.993716594111174
1428	25.345402693634647
1429	27.399720473011257
1430	26.603014561890934
1431	22.469332208241603
1432	21.70818851045756
1433	24.931697701181594
1434	21.37390135280189
1435	26.820659356995396
1436	23.894527449369587
1437	21.58840691050599
1438	22.94078874326526
1439	24.30478115572866
1440	25.79132560431026
1441	26.670004605175926
1442	24.530756738514786
1443	23.33770402340667
1444	27.224537321431562
1445	25.366274608357344
1446	26.272401592049462
1447	26.736095003434457
1448	26.605489396548364
1449	25.395752721367618
1450	26.264400908449065
1451	21.22603402095442
1452	22.967784228025092
1453	26.268745660488666
1454	23.433155471088227
1455	22.394700806195033
1456	23.55676518814289
1457	22.91185482410418
1458	28.07715635551875
1459	23.235028512077406
1460	22.960970957200193
1461	26.09619111290926
1462	21.422864386462606
1463	22.190051451418547
1464	21.471947531728073
1465	26.33204626674044
1466	26.932922251589066
1467	23.375977228124004
1468	24.335423620542446
1469	26.368231139021614
1470	23.592300930946994
1471	23.666046163309755
1472	21.770869103665635
1473	23.210850465527205
1474	26.516756298231137
1475	23.57063163172764
1476	21.779212929715868
1477	21.734910117452575
1478	25.065461468688834
1479	23.36987471404589
1480	26.335581842379177
1481	23.194383387957068
1482	24.726779978799943
1483	21.20693386399459
1484	22.334668639626713
1485	26.890390373223152
1486	24.80123331444338
1487	24.026790512714623
1488	23.97063952529182
1489	25.543739240504802
1490	22.730754640712604
1491	23.404306123333907
1492	25.06521440109376
1493	22.48519336454606
1494	22.53272553777788
1495	25.016191252849666
1496	22.66824441892095
1497	27.190322814751806
1498	24.8421109931916
1499	26.30192051312354
1500	22.225244778499473
1501	27.149811628313426
1502	22.77744319908715
1503	22.087117203755216
1504	24.359781221115824
1505	23.94195260656825
1506	24.911419355105608
1507	24.225963522098027
1508	24.962929913675357
1509	26.993612338174135
1510	23.229188665018107
1511	21.700630073018115
1512	24.08336871715627
1513	23.13324814885643
1514	25.517758603508508
1515	26.526710652418572
1516	26.574398164392914
1517	25.093333052313287
1518	23.93210003487076
1519	23.846263148169964
1520	24.412072323504145
1521	22.991569788849336
1522	24.18072203286768
1523	26.209584386915797
1524	22.687744326024717
1525	23.417819530219557
1526	25.401393657868418
1527	23.292246821406298
1528	25.25903734766568
1529	24.27050239424552
1530	22.854273726122784
1531	26.659743077141076
1532	26.685954537019132
1533	26.607092905323952
1534	27.429345283280348
1535	25.33427955409778
1536	25.28563288857695
1537	23.83275346127518
1538	22.473457494337875
1539	24.555286438061067
1540	25.031925091252198
1541	27.67451788668906
1542	26.53632576225209
1543	23.92119818398108
1544	25.77719711162111
1545	23.81341142864484
1546	29.314171633039436
1547	24.480850737939665
1548	20.89827855697201
1549	21.542801051342394
1550	25.27412683207213
1551	23.347018032513844
1552	27.052537752635544
1553	26.580719567551885
1554	23.45380469453116
1555	27.864157591099765
1556	24.575033559269894
1557	21.52325179180064
1558	24.644623260130174
1559	23.961677272086188
1560	23.93844883143902
1561	24.174397632735783
1562	24.771854740474375
1563	19.914926831720067
1564	22.126924021557596
1565	26.48380965411801
1566	25.64902505367063
1567	24.892028155300068
1568	24.158059022289567
1569	25.03428374941348
1570	24.21781478819127
1571	22.84887224471701
1572	24.476408123797288
1573	28.17861476801971
1574	22.846712845949998
1575	27.36015518678603
1576	23.02042887780011
1577	28.69107389082836
1578	23.930317243306142
1579	23.735685941742055
1580	22.9668129485799
1581	24.956373303507764
1582	24.07880446148726
1583	25.5250975701412
1584	22.6966410788494
1585	24.131780440858364
1586	26.914576246318493
1587	25.83815265626267
1588	22.345926424229724
1589	23.353373816411477
1590	27.94164627818169
1591	25.561069387071594
1592	24.886262836699775
1593	21.49653562870808
1594	22.388264565702734
1595	23.94655413037981
1596	25.663638208478613
1597	26.623353172198403
1598	24.796573174673888
1599	26.544932410264245
1600	23.90772454769768
1601	23.329042430454866
1602	27.179434720672564
1603	25.328598181459757
1604	28.960781586115314
1605	24.24125147202285
1606	24.26332899238712
1607	26.30879860656181
1608	24.030453221414298
1609	26.069572619354837
1610	24.634686024427147
1611	25.435488895513117
1612	27.656648810550738
1613	24.239150553941727
1614	26.816392534771392
1615	26.570946194342863
1616	25.870159744126724
1617	24.998469719774615
1618	26.08972769664765
1619	27.592716616046214
1620	25.769521604130905
1621	22.20041513031659
1622	22.355454860463006
1623	22.164916217443533
1624	19.408863461983856
1625	21.796721926308237
1626	25.418910442906267
1627	27.808211487360918
1628	28.237280031957198
1629	23.45171853766078
1630	26.125177660042905
1631	25.947727943324328
1632	27.441991779131484
1633	22.527808380157996
1634	26.818592952168547
1635	24.440093440109525
1636	26.373840978834778
1637	23.86780803623285
1638	22.851246432470226
1639	29.404324394631356
1640	24.273935925869626
1641	26.117570133775008
1642	24.641030196052302
1643	25.690720882468547
1644	25.765859760492194
1645	27.869695494968134
1646	25.84347702416902
1647	24.493746185242863
1648	25.042972291153372
1649	28.96384302416647
1650	23.71944324371267
1651	25.287125073489733
1652	24.282324325855306
1653	26.28164651446111
1654	24.35055670492875
1655	21.479689207975753
1656	22.20408701962636
1657	21.923342503457597
1658	24.498515148722237
1659	23.38991326678787
1660	20.714249471838897
1661	25.270407825009897
1662	23.8058615738388
1663	24.249717996962968
1664	22.92559218360111
1665	21.419481879485268
1666	23.924083382822573
1667	22.126282056463726
1668	23.678434275064824
1669	24.03823248478584
1670	24.19236129058845
1671	21.225340102007614
1672	21.328897463701043
1673	23.956756569833185
1674	25.72059286097996
1675	26.303314288500353
1676	25.23259068512319
1677	25.846280576988917
1678	22.916783168351024
1679	22.22585060453528
1680	28.990469129321475
1681	25.25433849653096
1682	23.62782996522987
1683	23.405249425594736
1684	24.456966511892258
1685	22.941563634817758
1686	26.65006260493269
1687	24.65753618708219
1688	24.107462682213416
1689	21.956401460260775
1690	25.050707658243482
1691	23.925233702496463
1692	23.35125517822929
1693	25.231936273032
1694	24.08290708949084
1695	25.919307146468782
1696	25.46746895049832
1697	22.727107200010394
1698	27.061066688874483
1699	29.72617584476393
1700	23.824080117153546
1701	24.58614762305903
1702	20.267482546002913
1703	24.749803989488797
1704	23.57645320763501
1705	26.043246552314876
1706	21.563362645885597
1707	25.299493764891572
1708	26.342184632811694
1709	27.23426439599134
1710	25.58544288038114
1711	22.9471752183911
1712	25.60643831257605
1713	25.47113288328983
1714	22.57203271794133
1715	24.168654915289068
1716	27.006708111223166
1717	24.445974388837136
1718	23.41832872422778
1719	26.36095232860599
1720	23.77262658214507
1721	24.009603160990242
1722	24.521988884676247
1723	25.9286952453355
1724	24.259068310502226
1725	24.782849848803988
1726	24.543644884694366
1727	23.88280650734453
1728	24.662286602930788
1729	23.336405350028404
1730	25.412170170079634
1731	26.976559595969906
1732	25.860143909546814
1733	24.77491951159027
1734	21.428770690820077
1735	24.260666957337353
1736	24.538488341883447
1737	24.10658134798342
1738	23.362939646189673
1739	26.196356214294653
1740	24.44325999963097
1741	24.782290570518892
1742	23.438543571932243
1743	27.471246429061626
1744	20.93251960955632
1745	22.63304704888724
1746	21.290856389355703
1747	23.65885247114307
1748	24.40576297155133
1749	25.3961606376688
1750	22.791029093864683
1751	24.58639131179301
1752	21.7919422716368
1753	22.265920961939695
1754	25.459080266016016
1755	24.56841631665205
1756	26.440186340835005
1757	24.68220302982566
1758	24.97035833868198
1759	23.647282266135637
1760	22.48728504319353
1761	25.916101410165023
1762	25.29970331097138
1763	26.46096914021901
1764	24.045808325067075
1765	26.58263900879082
1766	23.793383309446078
1767	23.98921477474758
1768	26.531293068146333
1769	25.54070826843381
1770	25.140972476336174
1771	23.536418623542414
1772	24.958214094613453
1773	24.740194270852953
1774	24.932678955687404
1775	25.20068610033063
1776	26.96064409035582
1777	21.873140414417893
1778	24.587842347288433
1779	25.655427576985677
1780	22.24475797763028
1781	24.36438200124983
1782	24.405761852676637
1783	24.382202499322982
1784	25.908325081053018
1785	24.15827519504265
1786	23.651620647183766
1787	21.421269755542745
1788	22.504664088863258
1789	32.421832486133404
1790	22.533107851995155
1791	21.487641304116696
1792	25.27830931072822
1793	26.759319330864987
1794	24.70785008688108
1795	23.900621814762843
1796	25.180612381981238
1797	23.361967667421727
1798	26.120446911900594
1799	24.14253545006025
1800	23.7049157870416
1801	27.297140362362068
1802	24.20224284649206
1803	28.115735550966836
1804	24.364045545863718
1805	23.45768736763525
1806	24.996400551938944
1807	24.792439328802104
1808	22.052066090061206
1809	24.519471730257813
1810	22.119926866609603
1811	21.028842841761243
1812	22.862045847801102
1813	23.49798013823793
1814	27.354086860548705
1815	27.46312053640442
1816	22.739419601070473
1817	24.070345566071488
1818	24.062701162543487
1819	27.01449864314899
1820	25.329101731961902
1821	24.201646427468706
1822	20.375541465279337
1823	25.621915479032925
1824	23.249591773431305
1825	21.261815073426988
1826	21.886819023638964
1827	28.150603598426095
1828	32.05862267840712
1829	28.117061102529988
1830	28.194231106094474
1831	24.59261549371122
1832	21.46598444296008
1833	25.3682192157954
1834	24.62249278269398
1835	24.660362453872544
1836	23.787536938691996
1837	22.96336799409524
1838	25.080431772362708
1839	24.65417847475382
1840	20.447114112398896
1841	22.599394633074883
1842	28.568632470618468
1843	26.44123219194201
1844	24.314861318276776
1845	25.746753545612783
1846	24.130979972076602
1847	25.805392588164818
1848	21.72414046028056
1849	24.698352700652322
1850	23.820711312540382
1851	24.25350738967838
1852	20.906807114602998
1853	23.0975438412524
1854	23.528960423176894
1855	22.523907812625673
1856	29.558122799295234
1857	27.80711637366201
1858	24.85464009659721
1859	25.41921071104783
1860	25.823020426242653
1861	24.680987359625437
1862	20.14153460165682
1863	24.402538333270375
1864	26.5565030172519
1865	22.517223476497456
1866	28.01550953046364
1867	25.412165600537826
1868	27.265974830217854
1869	30.47026829438151
1870	28.067002237363553
1871	24.90374602863033
1872	23.75645908328112
1873	25.52590950122377
1874	23.701347532531464
1875	24.3368013270956
1876	24.1307100324926
1877	24.867591673957318
1878	23.8486674895329
1879	23.93988056386694
1880	27.41011420678761
1881	22.412201939649613
1882	20.134110795042943
1883	26.0670938391025
1884	25.224721399011155
1885	26.367153195326683
1886	22.697741793978604
1887	25.59587792070726
1888	24.95760519929463
1889	26.167192518049852
1890	23.599907867716286
1891	24.517234387875458
1892	23.946757520761583
1893	24.492510614384496
1894	26.5222130672168
1895	23.830340057135682
1896	28.37876591937115
1897	26.695837588012708
1898	26.104868400124058
1899	25.371501484847006
1900	23.547349662727875
1901	20.040164351409587
1902	22.918372602076627
1903	27.616245180455735
1904	23.63506187305514
1905	24.304982136903245
1906	29.90650529350916
1907	23.651688939005208
1908	27.229197327319223
1909	24.691539268448416
1910	20.767126142928777
1911	23.88565428345464
1912	24.884673961016926
1913	24.72614502371289
1914	24.45678688240094
1915	22.87448215909535
1916	21.94557087909844
1917	22.022156875825633
1918	24.411546868572866
1919	25.827587140189415
1920	26.352927535994066
1921	23.852799398785766
1922	25.215570659811974
1923	24.312704963531967
1924	27.645715015891863
1925	22.8275959873572
1926	25.5501114163734
1927	25.48358041354179
1928	24.783772115462593
1929	24.53349608411426
1930	24.303064218301397
1931	27.031157390554046
1932	25.15663160659772
1933	19.018563536824658
1934	21.30883287751666
1935	25.22379414244788
1936	24.913209331590526
1937	21.751673700975342
1938	24.695341197359895
1939	25.976884036732372
1940	31.300831040624825
1941	23.62749911804567
1942	24.25017596963469
1943	21.226499757217244
1944	22.43462106874385
1945	24.447934813147487
1946	21.993632676817167
1947	20.411652869651636
1948	22.38938302092035
1949	27.201009127677285
1950	24.76062236592854
1951	22.256466093085084
1952	23.71400510291224
1953	24.2075438573061
1954	24.99299480544869
1955	23.310853714633378
1956	27.41924143602955
1957	24.153211413683103
1958	25.412193809259826
1959	24.158714654985815
1960	23.265261611699437
1961	26.61580473975101
1962	25.094122061816353
1963	23.204088929400314
1964	23.722636810077045
1965	24.160687580974773
1966	25.53576886479277
1967	21.9068554145235
1968	23.293856669048015
1969	23.969115055719158
1970	26.150575744201586
1971	23.76697621251578
1972	25.271482790212353
1973	23.92703982026017
1974	24.397174030775204
1975	19.856471955471125
1976	24.200866774744576
1977	22.81310286201452
1978	24.15183450945653
1979	25.543116525833117
1980	25.66444992448669
1981	25.521725289969016
1982	18.281329815275967
1983	22.671141605843633
1984	24.646485218070058
1985	24.480447761421264
1986	23.322224011603634
1987	22.312373585431487
1988	26.94113236979077
1989	24.570185354556003
1990	28.24572521848181
1991	29.24318370922433
1992	26.43615202933804
1993	26.279643096481724
1994	25.478250496080502
1995	25.76981226137839
1996	26.465021029289346
1997	23.819976961253868
1998	26.81714423457327
1999	24.536964893237585
2000	24.302711641287896
2001	22.812234980062517
2002	23.80515531083354
2003	23.14277209840715
2004	26.046814945701044
