6	15.622537951645123
7	12.3351482082027
8	10.726823835651885
9	11.55093617807977
10	11.246116894255623
11	12.068173513965553
12	12.985064452209091
13	13.593057314853079
14	12.21579892651954
15	11.371425260984097
16	12.169734024291285
17	11.96022942252196
18	12.050773945985163
19	11.815624621375242
20	12.137756078452973
21	12.870103177726378
22	11.884246584081016
23	12.255578117623918
24	12.347820325477368
25	12.927371135679252
26	12.49370086572541
27	10.657556728395685
28	10.539498115559581
29	12.160654219163158
30	12.2091059316912
31	13.023521713113691
32	12.649386115842962
33	13.120131148199143
34	13.306662332324777
35	12.974945926653163
36	11.577584293978967
37	12.114382219171299
38	10.66381400411774
39	9.83869673231363
40	14.091708503373267
41	12.841285441758894
42	12.061504755496571
43	12.852936695336862
44	12.94684225276532
45	13.766563099625879
46	13.594852610616362
47	11.644421908293225
48	14.502475833054147
49	11.202465925938808
50	11.408588712308266
51	13.456355606319448
52	10.086989313194698
53	11.759697207606527
54	10.433999820526575
55	12.224346915422343
56	10.322264798049218
57	12.303482170595089
58	12.734309204257078
59	12.336620587091197
60	12.610057014593387
61	12.039230727186562
62	11.354771474621884
63	11.608322085587602
64	15.126946672091007
65	11.575428428661585
66	11.173369960961766
67	10.104883888451456
68	13.636341420267573
69	11.977969790408679
70	12.383995203467334
71	14.329927103888622
72	12.086331901867606
73	11.804915738301935
74	12.984358535590918
75	12.949487993236398
76	9.828735546203461
77	13.120521220313654
78	9.710803242950693
79	11.398691866700393
80	13.264819302132837
81	11.158428975073981
82	12.289235098845474
83	11.542270376368833
84	11.473283917768553
85	10.740109605337407
86	11.224326501310012
87	11.727945858968619
88	14.39456640114484
89	13.422114314771024
90	12.62185647344404
91	13.494318180811732
92	10.978562740784174
93	13.597641061753585
94	11.236431819039353
95	8.921623466293264
96	11.132945894834604
97	12.063768629194238
98	10.091400869419605
99	11.587194291569736
100	11.066144415251983
101	10.74357450784737
102	13.939204168003366
103	12.896106302532846
104	10.889285349909915
105	13.56765628149939
106	11.871380030023284
107	12.953050609389523
108	15.047014846949226
109	12.009546296491932
110	11.825418865081803
111	13.506912282365109
112	11.490649814269826
113	12.022416204375986
114	12.730547664117694
115	10.575631742979533
116	13.661476037623943
117	11.13512136892435
118	10.778698999230983
119	9.075517651752588
120	9.850454187999796
121	12.15117625377934
122	10.611933454298109
123	11.474931562523626
124	12.842762269477282
125	10.995113875883543
126	12.109268608437851
127	12.024866277204637
128	13.205575396555519
129	13.848318654314088
130	11.752884647115328
131	11.84836764443595
132	10.975187813937996
133	12.217534221072649
134	11.124978387952433
135	12.626087494736046
136	10.730768414547734
137	12.452409210428595
138	9.272794637408383
139	11.212095653635599
140	11.810157696597994
141	12.352108361482221
142	12.451773525482912
143	13.273235968203517
144	11.690197938902115
145	13.966381466679094
146	11.535990930243619
147	11.603362160482598
148	12.469867216786952
149	12.260580900379379
150	9.543704172901425
151	11.890345535025086
152	12.641126083708368
153	10.77306645494663
154	11.964412712303913
155	10.943963689425194
156	12.873841139532344
157	12.424758261893876
158	12.39556862648266
159	9.84627102555456
160	12.080466965293219
161	11.04732671549469
162	12.18128499990659
163	12.481142362342217
164	11.131031160506245
165	11.625914765264605
166	11.397729680501572
167	14.324773291070919
168	12.406793460075278
169	12.184775647694348
170	10.1756046324904
171	10.547220934838746
172	12.711009019755975
173	10.93955999334999
174	11.615655546343548
175	9.22860598173109
176	11.850599280183086
177	11.986910683452152
178	12.84731856724587
179	12.21220011013146
180	12.464002941719844
181	13.538317925745755
182	11.987628596083772
183	11.864328959398657
184	11.40424805145853
185	11.357843484576733
186	12.427154270106257
187	13.919571369346764
188	12.541800093857871
189	10.452038234952072
190	10.081693756940998
191	11.154746446705152
192	10.47876470660214
193	12.215112817768386
194	10.181695220066883
195	11.096368613572421
196	11.489030606397622
197	14.24978421390988
198	14.688049859039658
199	11.59224632547072
200	12.632975397784321
201	11.906303742551245
202	13.114288612842381
203	12.101719261270482
204	11.777045821151114
205	11.932422375223334
206	10.990766647639248
207	11.140368327647593
208	13.5171073857382
209	11.923178300156724
210	10.989355574627552
211	13.68848117386889
212	12.000881574529119
213	10.886437244063762
214	11.612972880982044
215	13.077071492903633
216	12.788529894308239
217	12.209610839179991
218	14.418848555119965
219	10.827936171751935
220	13.867663103577105
221	12.148498975990757
222	11.41817480701932
223	11.343184638968804
224	11.726545155191465
225	11.168032629865179
226	12.351022731714087
227	11.131533730415748
228	13.591377052936004
229	13.18154434372671
230	11.287496134804552
231	11.981271763460246
232	9.0901329891083
233	10.085485703589802
234	11.78105136057362
235	12.526998939532787
236	12.036094468604764
237	10.979729810329653
238	13.938158756841274
239	11.389810200529784
240	11.048625478537158
241	11.449642878457672
242	12.757806631305497
243	12.678954215450212
244	11.645734529255424
245	12.538331770010466
246	11.388907180424818
247	10.976941422891105
248	12.764651042964985
249	13.295991901349716
250	10.699824269223932
251	10.726238017627232
252	10.96921409076106
253	12.000700463019514
254	13.185069513290122
255	11.834407032690555
256	13.219594384479569
257	14.269396973046241
258	13.729922917127789
259	12.633705205683023
260	12.2220234529019
261	11.668963515498035
262	10.63083206733142
263	9.969270863453858
264	13.089050944058478
265	11.86507272364741
266	13.001817676064093
267	12.180059548459083
268	11.540744717303346
269	13.43831119385972
270	11.901312659801139
271	12.548626374879387
272	13.053422972661792
273	10.90955861327397
274	9.817262707477008
275	10.67622709706969
276	11.041920556705445
277	13.11043246671695
278	12.438821886220607
279	9.123783705423799
280	13.126294814627423
281	10.650035101953629
282	10.714778322226872
283	12.328167095495571
284	13.962633273084066
285	11.064281649360783
286	12.638859476679025
287	11.959253918880131
288	9.897580885194476
289	10.543573665147415
290	12.265961264018658
291	11.772042610571193
292	11.876623231668159
293	9.998470344673843
294	11.320154831177206
295	12.874201799408183
296	12.435554200960151
297	11.820622348566152
298	10.587537194789288
299	9.860260678676976
300	11.727826180050615
301	11.667637692624703
302	13.424344420160633
303	12.402477793770377
304	11.394283910526914
305	13.256149911714601
306	10.957368378525384
307	12.463287829077759
308	11.925982989452313
309	10.514817755811078
310	11.364028878222193
311	11.581337942735344
312	10.67442233687034
313	9.461273038668038
314	11.334653915180146
315	12.556419664447237
316	11.894756248180503
317	11.121502876579761
318	11.730038442378453
319	11.324503418904108
320	14.39579879183408
321	11.553908575539632
322	10.18697163540734
323	10.202849647350376
324	12.540604450823999
325	13.60135758375637
326	12.180332848874276
327	11.26169115913702
328	11.454243572678283
329	10.540298800777236
330	11.071045406866082
331	11.972271429877516
332	10.610540254294927
333	12.72606245149783
334	12.736461582562804
335	13.486095457861666
336	12.936441515006461
337	12.614887799809221
338	10.749169950134618
339	9.813788689988494
340	12.635294037740678
341	12.855911238356148
342	11.019620083490736
343	12.371086972177311
344	11.525374983016324
345	13.358506693625047
346	12.00386197709789
347	12.711744729686126
348	11.731085677851903
349	10.460993067073147
350	10.80266621855467
351	12.763735429186415
352	9.666984484959606
353	13.796176619643933
354	13.078594524849905
355	11.93066774680315
356	12.600080903160583
357	11.333694360445305
358	12.48491957277758
359	12.433241514688623
360	12.466335880352954
361	12.568655115212314
362	12.782525021260275
363	12.235927317427317
364	11.429387192285503
365	12.243249673487819
366	12.044082159859439
367	13.644872908780458
368	11.805794091436546
369	11.392527293378953
370	12.335010823758784
371	14.515577229461632
372	11.21473017723411
373	12.133482332263016
374	11.72407920750508
375	12.694363454503387
376	12.773989734194604
377	12.042139391999962
378	14.406400423390247
379	10.991707438119667
380	14.854598678583796
381	10.974881911104603
382	12.061478095463826
383	10.636713096483039
384	12.936466341036766
385	11.600302676044521
386	12.842899413255509
387	14.138998516849824
388	12.38723578278388
389	11.63023707535661
390	11.318584825651234
391	13.151579403384265
392	11.773728112001782
393	9.709091625403074
394	13.148653816528773
395	12.369661220126577
396	14.394001651796446
397	10.434365780631197
398	13.117419009623214
399	11.88867610160863
400	12.36630305912471
401	12.891874856990762
402	10.114607342091341
403	11.396575452718285
404	11.851940035643228
405	11.003686224119155
406	10.981344771794165
407	12.687060439706329
408	11.301369748869911
409	12.105910137259903
410	12.222404125141717
411	10.75797172861677
412	11.641532709076447
413	11.569220202816227
414	13.060182314267403
415	14.657545520145158
416	12.814959102950525
417	12.23826646600859
418	12.123579596399479
419	10.3555086292782
420	11.697409503565202
421	10.486264164375607
422	10.006370766095642
423	13.759172395502295
424	11.363961640907897
425	12.806934309056183
426	9.393241593711233
427	9.18773139192767
428	11.890441833379944
429	11.219460337395397
430	11.699869274596374
431	12.738228609854733
432	13.568866906344498
433	12.74468327317542
434	11.451463066037158
435	11.433690732204855
436	13.28993514201879
437	11.35678942231551
438	12.737844762047407
439	13.828625109345328
440	13.986723690457158
441	10.98867701368484
442	9.869743059961392
443	12.853866934263525
444	14.185940946049717
445	13.661751325736986
446	14.413022750631042
447	10.069737645365725
448	12.925034152183798
449	11.361006246255581
450	14.752962371551742
451	15.116428778055013
452	14.204496111679223
453	12.35421764872312
454	12.12158643578274
455	11.57397909188876
456	12.081677918580523
457	10.658594537389
458	11.787178694170434
459	11.398484765245424
460	11.558754492104137
461	12.043086031503313
462	10.500129175398293
463	11.997709867035693
464	14.450151403529546
465	12.279819466857589
466	10.120864435263295
467	9.992894062672876
468	13.278275542827032
469	12.667396609952752
470	10.150696648909987
471	10.641845311603975
472	11.830439411409316
473	13.314812976985454
474	13.345772418454189
475	13.03517848606931
476	13.311857227481118
477	11.090988110511615
478	11.880067822972446
479	10.591871587566857
480	13.23188958431759
481	12.149110523415619
482	11.20456200615514
483	13.289297697055735
484	12.061800864945246
485	12.693023898486938
486	11.387755324647655
487	13.023033868619486
488	11.031753102979565
489	12.776664390895167
490	12.643161656430623
491	12.588213302810411
492	10.045020203701117
493	10.026162703249915
494	11.804052295043794
495	9.659862115901584
496	13.515958126177653
497	12.337645180319669
498	12.34113519060702
499	9.523337757622357
500	11.840646385180827
501	11.562136159113143
502	12.088565667547906
503	11.541284838764652
504	10.554519314742224
505	10.75662874582243
506	13.27036891997833
507	11.821013083056364
508	11.945467141715604
509	13.775891904373943
510	9.66287433774495
511	11.446560189865219
512	12.5279734869731
513	12.577030930338273
514	13.872634546632375
515	12.061626731445791
516	11.842420193671604
517	9.782660483787858
518	11.395332053201273
519	11.685430137511423
520	13.42345640492251
521	12.807827447957466
522	11.996960981235253
523	12.017183493924676
524	11.181864522139742
525	11.420250385660134
526	13.180518504470543
527	11.401108876612087
528	10.98943417100667
529	11.022387938071041
530	10.606163828279419
531	13.345507324662147
532	14.073845826593848
533	12.229063745064195
534	10.912297464174722
535	10.900469942341177
536	11.442438920951206
537	12.76417318292343
538	11.732426997438747
539	13.190226972529976
540	13.047694096701559
541	11.481571983839828
542	13.399572170544415
543	12.469819816474972
544	10.593731493339874
545	15.051043869338173
546	12.06256403727942
547	12.710531503152257
548	13.09814868756355
549	11.08573654051288
550	12.34273685153177
551	11.059453657182166
552	14.952298290073836
553	11.091315459567122
554	10.41892747336533
555	12.257767340217374
556	12.123839153763678
557	11.05392338049401
558	13.474104612304169
559	12.670014490645068
560	11.419810054795656
561	12.766013737030638
562	12.438288768163572
563	11.112894194649666
564	11.769743278278673
565	10.90906948647117
566	13.509665621619206
567	10.775827550853137
568	13.270843062137525
569	13.43448853315663
570	11.885480341045573
571	13.93186052769005
572	13.193214182334486
573	11.809492881026623
574	13.974545090697662
575	10.13506474477239
576	13.477604124695063
577	12.98487581333722
578	12.396393853657948
579	10.380609302325562
580	11.613495579936231
581	11.906519837354104
582	11.947786341058627
583	11.571244520772977
584	12.144338278234937
585	13.93814620358424
586	12.49878437743367
587	12.842761379876174
588	11.816024771969145
589	10.526928940506574
590	11.380263650874523
591	11.698935112283964
592	9.318559335738732
593	13.106080608862227
594	10.51834314672548
595	11.765100113186055
596	13.964437547089208
597	11.434641743292255
598	13.663260819016662
599	12.297818353233966
600	11.297675996211183
601	11.6703282619128
602	12.233108989906032
603	13.740708192995623
604	11.129240046265414
605	11.580148310919123
606	10.170907737579439
607	12.849591694048286
608	13.648260515549918
609	12.320262249287529
610	13.637446603223603
611	11.797335894919039
612	11.673843987742798
613	11.28802887896364
614	12.708102643427152
615	12.604081209503217
616	14.818443694064626
617	13.016608873786893
618	11.236756210568947
619	11.639506771783566
620	11.657055530426858
621	11.474773276486667
622	11.165000843937465
623	12.655266037734691
624	11.050460555585838
625	10.60398070840165
626	11.176622045445793
627	12.418082131808411
628	9.975872079794364
629	14.432987538571027
630	11.824378561443435
631	12.166905000252882
632	10.505410372917098
633	10.737921223899795
634	12.446172061979139
635	12.544157026704246
636	13.511522554826703
637	12.09827974008943
638	10.706779988185088
639	8.958651414490305
640	12.760037048163055
641	12.550212886895881
642	11.827421661462049
643	11.324514937323617
644	12.50508025984543
645	10.191123783716868
646	12.173981125855915
647	14.616231297216101
648	12.174700306890452
649	13.2559244519216
650	11.5553034558543
651	11.028603723379396
652	11.268704778430136
653	14.323954593230155
654	13.649724004980685
655	10.71126701439789
656	13.452726242788087
657	13.28559797250021
658	11.902259332855465
659	10.046467679061765
660	14.449986365908343
661	11.674562626559887
662	13.372451534430729
663	12.112056341078453
664	10.971263924401931
665	11.482977368394272
666	11.753164420978548
667	12.858238406577865
668	9.230764080648354
669	11.986256501069292
670	14.036920939091942
671	12.950813200330066
672	12.91594326258075
673	11.98614287802634
674	10.497477114940661
675	11.948071569711901
676	12.591055386311686
677	10.39735100484298
678	12.60096857714234
679	12.279441087656926
680	12.740298847658172
681	12.223807411912276
682	12.704809362201818
683	13.408187489679438
684	12.206060265969677
685	12.058640516860494
686	10.780927212868118
687	12.18406993351389
688	11.450742427583059
689	12.32208886920541
690	9.869344273135843
691	13.465702802646168
692	11.151872094560531
693	10.550507248425024
694	12.043748789883326
695	9.732999847792088
696	11.570122883346377
697	12.78913387245432
698	10.911624187542614
699	10.834501583924672
700	13.75803122747245
701	11.89635714678496
702	13.031585859339906
703	10.54310295333853
704	12.678995328531
705	11.09822309670216
706	9.560599684784062
707	12.035897131998354
708	13.582460019349432
709	13.100510238136243
710	10.685421739512375
711	8.888096927695809
712	11.751739199368146
713	12.43168982349082
714	11.656351848844983
715	10.08127396553339
716	13.240464362868806
717	14.876279683634898
718	12.821957723398764
719	12.255311233611257
720	10.331765223268038
721	12.957631970248185
722	11.93248135116174
723	11.873173115666889
724	12.50649065762991
725	12.228710894197176
726	11.267071577211565
727	9.346689029837338
728	12.175849669802657
729	11.016832202390235
730	12.42874442129396
731	10.276087388508923
732	11.39433706307318
733	13.248215999620568
734	10.551244030570766
735	12.423665505883816
736	11.913796312354195
737	11.140173107723967
738	10.029039765074849
739	13.463454777065635
740	11.091751288649782
741	11.26071403952032
742	12.815376906870178
743	12.028830796375807
744	11.434919807116353
745	12.635736342993807
746	13.803570410248359
747	11.100257851344605
748	14.40837420509272
749	10.738440833510444
750	10.681952892460258
751	11.713075918641774
752	13.854308720956194
753	11.419841912006959
754	11.60125557140499
755	12.119152174748974
756	10.129456913165216
757	12.109206352266483
758	12.726479280594504
759	13.348596711710949
760	11.651120553756583
761	12.986337722030779
762	12.758575422800883
763	11.812880354598747
764	12.504901600813138
765	12.252134300745988
766	11.58445959010472
767	12.678429109525556
768	12.388587339426435
769	11.619884003824112
770	14.837502596234637
771	9.382859244562376
772	13.49862023167766
773	11.555826085467393
774	11.703326083475812
775	11.674980818852783
776	11.53155012090186
777	12.42097867497852
778	13.133301365654916
779	12.610700124431581
780	13.118169061490335
781	12.247355385080233
782	10.090841433528112
783	13.131773113282785
784	13.289826662143847
785	10.02196380427839
786	12.313446346540541
787	13.234446443336006
788	11.080099472536377
789	11.022852570127599
790	11.184146896913612
791	10.317910856617216
792	9.51768009219649
793	12.118343635593824
794	12.993633853948538
795	14.23521078042686
796	10.726310379792597
797	12.04706873993614
798	13.651577288674288
799	10.970685312688282
800	12.363196200197784
801	11.923968027829407
802	11.48694971422986
803	11.572834201545144
804	13.644096416400988
805	11.889493670652154
806	12.219069288073419
807	11.69959317460307
808	12.408979364321567
809	11.153054190662012
810	13.622742487665231
811	11.409203946241178
812	10.73882885048321
813	11.316919062240755
814	13.048987842212869
815	11.529117269984757
816	13.30669894168802
817	10.483462255710037
818	11.704825622738678
819	10.897102194908907
820	12.053298688930226
821	11.673731294607645
822	11.477574717061108
823	12.11413777294931
824	11.869124852525799
825	12.67487248105159
826	11.880473942791772
827	11.30890728754457
828	12.146698356641886
829	14.122123424176369
830	11.950232675221438
831	13.103369506340558
832	9.715317823874736
833	12.6583260800779
834	13.251728937484916
835	11.351515200860039
836	11.19732792090023
837	11.299983394889361
838	10.981075128482189
839	12.069326124199765
840	10.81518883393645
841	12.52642041318776
842	11.294800124281513
843	11.380546641206882
844	12.595223323393535
845	11.203491253739534
846	10.6090193989221
847	11.172779358061963
848	12.485987738571566
849	10.560987199375328
850	12.252148817210193
851	10.976765441488869
852	11.35927920864983
853	12.209154939875589
854	12.920737789369499
855	10.373779975814978
856	8.625130804072667
857	12.168981458909844
858	12.508831983863596
859	10.639556945731977
860	13.045293498017903
861	11.538762016399035
862	10.099162589740253
863	13.22640992600807
864	13.25854876129888
865	11.561591484613018
866	11.879841137544386
867	12.496161373273935
868	11.343427164493523
869	9.648781925315104
870	12.855422061787976
871	11.257345738810148
872	12.33204290575724
873	12.250140192083325
874	14.421806615753061
875	9.455872813332023
876	10.338655923088284
877	13.084126550369547
878	12.569681343244156
879	12.401594654424116
880	11.845074969069433
881	12.824287514367729
882	11.244555300940798
883	11.96490395675233
884	11.88503970890694
885	13.508432978876433
886	14.971874791066512
887	12.338553433054908
888	9.044935848372388
889	11.254087573987254
890	11.957594101287045
891	12.37410094326229
892	10.627968045475427
893	13.01554047472775
894	14.715357106927383
895	12.723524684973416
896	11.355942022742614
897	10.89624927037109
898	11.573424539232898
899	9.436941625424273
900	13.540535136443113
901	12.609242858969786
902	13.49210577817006
903	12.43735935709397
904	12.368600594767486
905	11.373166340906174
906	10.63773886009056
907	11.321782262602937
908	12.994731677827076
909	13.158498231655635
910	14.615372272248825
911	13.312653594745955
912	10.534381980789476
913	12.377854263992049
914	10.027011932075645
915	11.36010227543061
916	11.589017034597312
917	10.77729145041667
918	11.753304515783675
919	12.305309260943904
920	12.446070642697372
921	11.475251217535696
922	11.614989045658149
923	11.821679290883955
924	12.520082705554419
925	10.891614867936974
926	13.654095083143776
927	12.469329135559471
928	10.198140891596928
929	12.485430369377136
930	12.286865969532213
931	11.683064783884523
932	11.591918967480428
933	10.87302271808843
934	11.391855830152053
935	10.456903812184464
936	12.75316117892335
937	14.710312174962988
938	11.966080517500579
939	12.090535434858833
940	10.668210943462327
941	10.274089386076666
942	10.498955202016182
943	9.200667024764698
944	12.68208792359898
945	11.163080919506804
946	11.978886385727673
947	11.276571327882786
948	13.722704680627212
949	11.436734956888747
950	12.984053069219225
951	12.385458390018902
952	12.027740892478809
953	12.218230513279865
954	12.657414122791184
955	12.625223025413495
956	12.137389091750569
957	12.536765220186984
958	10.8538558713583
959	15.944869095422327
960	11.470548875907081
961	12.72842989264056
962	12.411019957381844
963	13.550381956942147
964	12.277671249840447
965	12.688390433900237
966	12.470129312559342
967	10.788253773319264
968	11.947523196232504
969	12.86311765119899
970	11.155968158192431
971	11.507779246727612
972	12.525081544406712
973	10.461644446578525
974	10.119279736699536
975	12.573760137381033
976	12.538410836532712
977	11.770242454563101
978	12.934109415960847
979	13.469166193519154
980	10.94211579991194
981	11.667481418623103
982	10.142408657661871
983	11.495832709582626
984	11.341409315582661
985	12.710938826672763
986	14.006568700506856
987	12.126134300249396
988	10.778881366919869
989	14.721948526947843
990	11.812496119054655
991	12.258414221290877
992	13.256899556416707
993	11.242379338975297
994	12.308118712461908
995	13.152265083071931
996	12.997029120648781
997	9.840723338210955
998	12.280588767494706
999	12.421810181365194
1000	14.358920784135673
1001	11.696643401743602
1002	13.14581370600965
1003	11.510099639804269
1004	10.995396235369844
1005	10.842021404980187
1006	13.137129670793556
1007	12.105682156871383
1008	13.262605253763748
1009	11.157232252779067
1010	11.311192856102329
1011	14.226649022924162
1012	10.34548490923172
1013	13.702785179654407
1014	11.075039968520286
1015	11.739552700489488
1016	12.299474868784623
1017	12.395853113482223
1018	13.497224294509376
1019	10.924518873836563
1020	11.797438615395333
1021	11.834509508152816
1022	11.299509362788827
1023	11.31445206679766
1024	14.024610176643668
1025	12.403776065591956
1026	12.490375934078152
1027	12.647611288976176
1028	11.052165917710711
1029	10.119505434208328
1030	12.968685694448478
1031	10.192388162826925
1032	11.184752909495728
1033	12.986237829692824
1034	13.086934817882138
1035	12.322737418526751
1036	13.132609115971718
1037	13.018383718306376
1038	11.231958305433151
1039	12.564783534550001
1040	8.978974016750445
1041	12.191376639530063
1042	11.864282259830118
1043	8.864485625695023
1044	12.185045449609827
1045	12.464533341262722
1046	13.060643431770712
1047	10.335903120258907
1048	11.466320978546584
1049	11.391250802331694
1050	12.182142853481873
1051	10.82947241116315
1052	11.097636847015194
1053	11.591598394016424
1054	11.954885285414223
1055	11.80074303808484
1056	12.974945755649564
1057	13.499896393299828
1058	12.98273854445666
1059	11.148253085993929
1060	13.719682110318294
1061	11.697075523723226
1062	13.423792535318407
1063	11.397713849570469
1064	13.489509667331975
1065	12.737410769043933
1066	12.600337319109324
1067	12.2532915615646
1068	13.433337575756013
1069	12.726614499435527
1070	11.98741908177423
1071	14.608753572800197
1072	11.318593880000453
1073	13.280287697911263
1074	8.675260066763837
1075	12.756898446018264
1076	14.577050864036815
1077	10.49342655306682
1078	12.615958158697548
1079	11.028273598161629
1080	13.492478715078905
1081	12.481890241547566
1082	11.493460385396611
1083	11.869383121715286
1084	11.51503553666855
1085	14.235871639335528
1086	12.393086755054536
1087	11.648937105181782
1088	12.402858501913336
1089	12.173693033711364
1090	11.70035079497029
1091	12.21985493167101
1092	10.506040035291454
1093	11.267296275726101
1094	8.359007291188886
1095	12.985438652194874
1096	10.752399213789031
1097	8.916228872634328
1098	8.859746718912252
1099	13.166104180647222
1100	12.1621090994026
1101	12.734443822522845
1102	13.489667832385749
1103	10.863306565296456
1104	13.357302979492074
1105	13.371554472733772
1106	11.786412897730067
1107	12.079768209834583
1108	11.919299417807322
1109	14.210210573654074
1110	12.960640395839658
1111	12.132557067079082
1112	12.636264130050593
1113	12.746304548511814
1114	11.055460266582667
1115	9.48098108153014
1116	12.50391603333992
1117	12.709610819715358
1118	13.034520203908604
1119	12.740100373659516
1120	11.260585844313027
1121	13.96120358059967
1122	12.305658148230847
1123	12.559435069665778
1124	11.792087317743738
1125	12.638315194437746
1126	14.511226016063508
1127	11.259858162074428
1128	13.507251272568412
1129	11.542623643249195
1130	13.933739472774324
1131	11.341219683884885
1132	11.047853095255876
1133	12.035415246838792
1134	13.405770902503281
1135	10.211101198995797
1136	11.739567995643787
1137	13.046433788229479
1138	14.278660617684098
1139	12.48814381210832
1140	12.03207236054112
1141	10.667398845303493
1142	11.647444693633588
1143	12.82118755686832
1144	10.846806794587922
1145	11.791190276163872
1146	11.355219740261832
1147	10.314444264753547
1148	9.091569024492943
1149	12.0041931422756
1150	13.13839719739432
1151	11.436672669651065
1152	11.855752779252361
1153	11.698695337740771
1154	11.612948047549084
1155	13.171904405237486
1156	10.111785548331682
1157	11.866456374316476
1158	13.41993560133226
1159	9.316523838056517
1160	12.212440881636992
1161	14.5897128219367
1162	12.957326336259333
1163	11.846671065410462
1164	11.369320159933219
1165	11.879606637959208
1166	12.667103272471154
1167	12.329972052830271
1168	10.479117317443812
1169	11.480869845836423
1170	12.453133280282296
1171	10.399012748064706
1172	11.012941879504877
1173	10.837305260046074
1174	12.471885073033196
1175	12.909071527266255
1176	12.466803493991714
1177	12.389497067695483
1178	14.652868400444277
1179	10.264207963983958
1180	12.183374759252183
1181	11.787122608763942
1182	13.858700644705095
1183	11.388646384227156
1184	13.022126040923851
1185	12.88441779508139
1186	14.047389306492455
1187	12.774866030435078
1188	12.640152982620444
1189	10.460744530234175
1190	13.370444557910863
1191	12.11630912165856
1192	8.601260128353411
1193	11.504713253257796
1194	9.30513510367434
1195	11.577741997868374
1196	10.49931124614997
1197	8.19840005749138
1198	11.882354082988092
1199	12.206974746255009
1200	12.488747761441537
1201	10.756191579950974
1202	11.779902282438707
1203	10.675458057309259
1204	12.989936682106606
1205	12.252056815270334
1206	12.608790765992705
1207	12.542382737029888
1208	12.371048074048012
1209	12.711899235737897
1210	10.325842582596595
1211	11.149596645729616
1212	11.97747680676334
1213	10.473377275288165
1214	13.587193319870329
1215	11.689727180181459
1216	13.517897588080697
1217	10.123407334836788
1218	11.295609932306602
1219	12.34120387960138
1220	11.29732025575662
1221	11.308396175753808
1222	10.932892424073847
1223	10.858745073115355
1224	11.099763000939184
1225	12.16579384469427
1226	10.990590579759251
1227	12.814684868277983
1228	11.938079034886323
1229	12.598070951499816
1230	10.204779109335504
1231	10.756731498457322
1232	11.900450693886905
1233	12.668702598108212
1234	10.142420234574404
1235	12.08228884615528
1236	12.843049446072687
1237	13.173317941526571
1238	12.692818907382726
1239	11.73087346352986
1240	11.984514972350249
1241	13.376567163261246
1242	12.769748849964413
1243	11.621077871182933
1244	12.025846336580193
1245	13.050705271262604
1246	12.421882940896987
1247	10.748909915587864
1248	12.05677576443682
1249	11.366981668375956
1250	12.313410574602047
1251	12.25679563441469
1252	8.807420230470598
1253	11.851143585007277
1254	12.06732276520835
1255	14.28478845407402
1256	10.597729406610597
1257	11.36384356313385
1258	13.09995136061722
1259	11.837994764065087
1260	11.260036814579507
1261	12.274158789005515
1262	10.573665591743996
1263	13.615279609521263
1264	10.10268243326357
1265	10.72393091592345
1266	10.939432957954704
1267	10.902618631036162
1268	12.202306553824908
1269	11.82167322007202
1270	12.908824486308731
1271	12.352224645287018
1272	11.390906794733988
1273	10.843772583911496
1274	12.444893768774346
1275	13.519624678351517
1276	12.048440868034959
1277	13.893641071006035
1278	10.328158551848901
1279	12.665175918055077
1280	12.02623424476392
1281	11.883543483680114
1282	10.599559966482282
1283	13.276500880131499
1284	11.704871897107774
1285	13.86040120402218
1286	12.580519537422555
1287	15.246215716249457
1288	10.933880236827665
1289	12.19009861480803
1290	10.877734466413544
1291	12.818049930177791
1292	12.073315531204571
1293	12.112934881311958
1294	9.529574144032917
1295	12.762132220940353
1296	14.172544413285019
1297	10.798939217355413
1298	11.432764661558732
1299	13.242711443117717
1300	12.387135500181467
1301	13.496965431730219
1302	13.374201489626156
1303	11.10191940164579
1304	12.490121918198254
1305	11.671761877440776
1306	10.731023621260343
1307	10.617911145510153
1308	10.966264536614409
1309	12.476035987754585
1310	11.868994495841553
1311	13.857841424522034
1312	12.1878637394635
1313	11.956382515776733
1314	14.194738267655966
1315	11.779544287172723
1316	14.886418776748622
1317	11.051084624698248
1318	12.200672603221998
1319	12.16188344737101
1320	11.515482795684981
1321	12.670730919005688
1322	12.760569954605993
1323	13.83584828522395
1324	11.655329121220857
1325	11.399139211683844
1326	10.202421223443439
1327	14.149099906399737
1328	11.334261019830592
1329	13.976945329935438
1330	10.8347482602112
1331	13.284713609639796
1332	9.842664966694429
1333	8.956901669699269
1334	13.828327098809597
1335	12.921201647799462
1336	10.760441385113689
1337	11.602617033420959
1338	13.449511606091013
1339	10.45797810337337
1340	13.070276261516847
1341	12.23350226124537
1342	12.336705258941617
1343	13.293877499151186
1344	11.979898274441979
1345	13.364642431633547
1346	12.316301245796334
1347	10.972379455998263
1348	11.68416226454808
1349	12.556466563036665
1350	11.133050820664861
1351	12.018925789209014
1352	11.642096911673434
1353	11.614284091163427
1354	12.734450834642093
1355	11.143208353848118
1356	12.11922960652737
1357	11.28006706483986
1358	13.198068808597911
1359	12.664104146119724
1360	8.795130643683175
1361	14.258068274512576
1362	12.104482643953007
1363	12.15534184355444
1364	12.14582366649542
1365	12.415892554223538
1366	11.94984993793159
1367	12.05769077297121
1368	8.676998397973538
1369	11.540793513667516
1370	13.973737339582295
1371	11.894648466389626
1372	13.787401498993859
1373	11.763268101897735
1374	8.924694416113198
1375	10.788261818876933
1376	13.12292697788715
1377	11.860475182950754
1378	13.648924806712646
1379	13.465129774835843
1380	11.654435527175664
1381	12.488618177697063
1382	12.814697624771812
1383	15.19205574597151
1384	10.800286771137811
1385	11.280755424095938
1386	14.222639932791935
1387	12.184468817653727
1388	9.176390035271956
1389	12.752090636559297
1390	14.358546945033595
1391	14.232358629603617
1392	12.639918826440407
1393	10.748819611015884
1394	10.88463091755923
1395	12.042743201116817
1396	11.920951172295544
1397	13.560280408466323
1398	11.756830059312051
1399	10.233583427120552
1400	13.259752797079273
1401	11.013139265082668
1402	13.913513098562058
1403	11.573275435590544
1404	12.801093978613304
1405	13.477363022260501
1406	13.518330815875043
1407	11.3437872128468
1408	7.983982471466463
1409	11.033834459906858
1410	12.472067663838205
1411	12.24834242149686
1412	12.102200840312221
1413	11.480709027964622
1414	10.91854743254953
1415	12.39525747422262
1416	12.15054137732368
1417	11.946218833878735
1418	11.931600713807468
1419	10.866110248413557
1420	12.363869436942464
1421	9.9180077513156
1422	11.33145435989524
1423	11.366984359836872
1424	13.189125663911303
1425	13.363777748809662
1426	12.214128542117708
1427	11.86786417691037
1428	13.904592868078637
1429	11.29810425330652
1430	13.23006766628047
1431	13.3250684655338
1432	11.085185064965943
1433	11.41815296021135
1434	12.497610539403361
1435	11.01794469021427
1436	14.785393862247778
1437	10.720570989080112
1438	12.118929653974751
1439	13.907182886109998
1440	12.35821458908807
1441	10.235898959191722
1442	11.772308708572956
1443	13.156060600541531
1444	13.061736080655828
1445	13.00598522355514
1446	13.284633300643272
1447	13.365703593891036
1448	13.848130418841416
1449	10.282300180522725
1450	12.649816016699853
1451	11.43473052511842
1452	9.991595765420547
1453	10.807076481015732
1454	12.78928125342699
1455	15.772342800757745
1456	10.493648247839882
1457	10.952302974913353
1458	12.00068632895617
1459	11.800377081320793
1460	13.343672265226406
1461	12.223818018333986
1462	13.814907756925095
1463	11.62788939696038
1464	10.738971137236804
1465	12.291068826399913
1466	12.721532260045587
1467	11.190567617382234
1468	9.767361579936862
1469	12.392149292382722
1470	10.792148758675186
1471	12.542272715693494
1472	10.687513347430569
1473	10.329975171347282
1474	10.910579310175741
1475	10.61176329688169
1476	12.154419210273772
1477	11.715740330267215
1478	13.674582350471367
1479	12.596900045957968
1480	13.253800542140379
1481	12.771709380543701
1482	11.994514611064611
1483	10.512775283413552
1484	12.31494678725158
1485	14.12761168450945
1486	11.928443289917684
1487	10.666089221380563
1488	12.190074185153382
1489	12.309193116216058
1490	12.784922915987583
1491	13.335034413214695
1492	14.738375674795222
1493	12.628001928965274
1494	12.385058265844625
1495	11.546717670650276
1496	11.408011750920258
1497	12.570151428265186
1498	12.421071469308808
1499	14.561411952622057
1500	10.113343180467686
1501	12.094439955952112
1502	12.166935015084723
1503	12.562424913991155
1504	13.296008488973948
1505	10.429286574893114
1506	10.99289222128157
1507	12.46676305658184
1508	11.969431264904525
1509	8.9082646941673
1510	11.222104662796482
1511	12.433319181605274
1512	12.201073524458334
1513	11.50631971303981
1514	13.279101975827611
1515	13.665016641150471
1516	12.728348047437612
1517	12.913030079915188
1518	12.880030686829102
1519	12.196825849357992
1520	11.99606486498723
1521	10.10873027556088
1522	11.652596423470337
1523	12.665731333153046
1524	11.906415735249452
1525	11.770602355642682
1526	13.905385192116508
1527	8.771140575245955
1528	11.864360193762442
1529	12.165792060076612
1530	11.277730189880137
1531	10.132377150681956
1532	12.51145596280694
1533	11.143829644569356
1534	11.936167079068365
1535	12.198943343779925
1536	11.651844788204741
1537	13.699056160940717
1538	10.79729609159668
1539	12.87969929456281
1540	11.57146909951698
1541	12.010841397560554
1542	13.480757850358108
1543	12.290784545084794
1544	10.888857881492005
1545	11.301191812135382
1546	11.801965349531898
1547	10.519489481317578
1548	11.654026751456383
1549	10.206289402636079
1550	10.358205326353474
1551	10.855873970716292
1552	13.310938768997966
1553	11.183270787516529
1554	11.01872770032724
1555	12.307318147314204
1556	11.825243068065632
1557	12.036480016317219
1558	12.95306732410311
1559	10.828492693738857
1560	13.068578792598352
1561	12.068703201517243
1562	10.974264991477442
1563	10.519799987155507
1564	10.396391623847498
1565	11.315130891140413
1566	12.783273761435835
1567	11.390615094873983
1568	13.123079604921205
1569	12.690427618383458
1570	13.16194479224893
1571	13.887441251863493
1572	13.04214945775006
1573	13.316460943812588
1574	11.319321533092685
1575	13.116001404042786
1576	11.105523123289458
1577	11.571052500661462
1578	11.944644825326073
1579	10.448877844917165
1580	11.27754901823937
1581	10.780977829963106
1582	10.252895808437218
1583	12.135071924333621
1584	13.394567907603536
1585	12.911625084619079
1586	13.259989571302537
1587	11.770355928723735
1588	10.60456755788376
1589	12.642995065287687
1590	9.288837170405756
1591	11.27055785096147
1592	11.613387562157143
1593	12.917715197186917
1594	12.318058237976706
1595	12.361442632701559
1596	10.842924066790147
1597	12.091589872570088
1598	10.836663869716336
1599	10.570332258715867
1600	13.614107672526533
1601	11.136603930507166
1602	13.781252932825332
1603	14.770513878620573
1604	11.25373169692466
1605	9.141246766538824
1606	12.399954074635529
1607	11.888769362751326
1608	12.11953788164312
1609	11.523372699709043
1610	12.43457821106893
1611	13.519855034071952
1612	10.795816951748831
1613	10.254269350530757
1614	11.527503283752594
1615	12.07058533627297
1616	10.50990248600021
1617	13.691887007763043
1618	13.12168844603002
1619	13.446356809623207
1620	12.790656903006424
1621	11.010981503628297
1622	11.372256873433278
1623	12.097983485582517
1624	9.871200158677917
1625	9.569476084085181
1626	11.837286804843803
1627	12.45715573579849
1628	9.564653710801698
1629	10.501104148357864
1630	13.631828024653563
1631	12.567476336815162
1632	11.509326223900322
1633	13.047323741926812
1634	12.232993054937106
1635	12.590199471620673
1636	10.934336683956818
1637	13.391187178126225
1638	10.871380294776625
1639	12.992397190372381
1640	11.191601761273064
1641	11.226141663753273
1642	12.818902566265315
1643	11.342581785283983
1644	9.773236297293227
1645	11.992073172827562
1646	15.147570983910311
1647	13.998237776181972
1648	12.387728155004503
1649	11.563168251802297
1650	10.533094530390507
1651	12.43821102353589
1652	10.025577309115887
1653	12.459342682002378
1654	12.160104637703625
1655	12.299404932768084
1656	12.17434332150345
1657	12.783001507466127
1658	12.052829438730353
1659	10.081854186063909
1660	12.654473543399945
1661	14.692827791171638
1662	12.742783271517881
1663	11.249634817217677
1664	13.447657370532397
1665	11.99174215831758
1666	13.203707400908959
1667	15.292090776124192
1668	10.877703949032972
1669	12.36765977368424
1670	12.524631532993226
1671	13.069272579423462
1672	11.684547465975845
1673	12.893907590802494
1674	11.926898202011362
1675	11.573495884822613
1676	10.89878911774334
1677	11.545948247201052
1678	12.023571456052279
1679	13.610729143266445
1680	10.11313189623567
1681	11.653072628267442
1682	10.93528506477122
1683	14.221048723440617
1684	10.4969522534197
1685	11.380744726816193
1686	13.294121523017317
1687	9.298499052116478
1688	12.112774352926541
1689	11.218436495759912
1690	9.690190605906537
1691	12.21966449240351
1692	10.420358674463138
1693	10.29643654467405
1694	13.047756334237585
1695	12.16912181782795
1696	12.815714859358895
1697	9.483524705220658
1698	13.255674724393016
1699	11.332197077390447
1700	11.717675469709016
1701	10.041809235408437
1702	11.722203775134403
1703	13.458898937172147
1704	14.75746414938476
1705	12.085626578812176
1706	11.8044771276492
1707	13.088967164674694
1708	11.137540949483602
1709	11.334567480508916
1710	12.704634504190281
1711	9.592960361206982
1712	11.562192765404083
1713	13.71287242284743
1714	11.18659726001788
1715	11.152470035156945
1716	12.305842998021815
1717	9.024960163176399
1718	12.365137891910438
1719	11.589787775818776
1720	12.632904999587616
1721	13.844475869342443
1722	10.921558939665555
1723	10.208208541786815
1724	12.704399288321534
1725	13.369358290617432
1726	11.550730964227114
1727	12.712370745751455
1728	10.791695389382463
1729	12.536390604983483
1730	12.371956787177954
1731	11.971480931870506
1732	12.544710706198408
1733	13.80485742174667
1734	10.373956728597275
1735	13.902966174201163
1736	12.581345834876023
1737	12.957498533917326
1738	10.465864004807607
1739	10.793272116387795
1740	12.507172332415358
1741	11.67527347157264
1742	11.506027235276997
1743	11.484470159185173
1744	10.303385158857473
1745	11.329425841907504
1746	12.193029522949542
1747	9.312937316380378
1748	11.255940808509305
1749	13.184529351313055
1750	13.805321085180536
1751	11.23663384041616
1752	13.07888634953027
1753	12.14458046371021
1754	13.732917298879475
1755	10.745940534056475
1756	11.499034971441894
1757	12.484008387710977
1758	11.887381319161504
1759	13.995058668346179
1760	12.680339688542658
1761	13.242036468728825
1762	11.893130722083152
1763	10.649511772187372
1764	12.502774512761139
1765	11.74365765704652
1766	10.048321108787173
1767	11.739711831538006
1768	10.608447256933331
1769	12.446347379226548
1770	10.857780801749323
1771	14.950470401868223
1772	11.138007999373729
1773	12.017406883568544
1774	10.213874476640646
1775	10.630285676600495
1776	11.345927219240643
1777	11.396215203175045
1778	13.015165770578628
1779	12.85272917735856
1780	11.335915411298629
1781	13.627518533296618
1782	12.80817137072843
1783	11.762941171851708
1784	10.921696974870024
1785	12.878667450985327
1786	13.983919989230344
1787	12.156552805087994
1788	11.364205882123981
1789	10.005424792567888
1790	12.338050447944552
1791	13.77397324565798
1792	10.853460802685003
1793	11.945907285087742
1794	12.133283979084808
1795	11.670377327800345
1796	11.930092635395905
1797	12.433995743348662
1798	12.369838123394434
1799	12.267323418041034
1800	11.286123671137762
1801	11.03600055076337
1802	12.449703628895804
1803	10.508123376879901
1804	10.896493942278472
1805	10.732258926165136
1806	11.397680586970905
1807	11.818172724819025
1808	13.736464867469572
1809	12.687004852332533
1810	10.601741185999431
1811	11.951240878600133
1812	12.798705064497577
1813	12.020859934965541
1814	13.446799809329345
1815	13.080918542049066
1816	14.395059087901332
1817	14.08301519826257
1818	11.89487645219461
1819	12.887772485358461
1820	12.28089425600289
1821	11.571461761618654
1822	10.5921930814428
1823	12.708410894104826
1824	11.807206419616705
1825	9.879141705777046
1826	10.400744118679237
1827	12.684794327647735
1828	13.879206550834505
1829	10.911044452559306
1830	10.762316261408463
1831	12.706365265986985
1832	11.155712082894752
1833	13.05140919093974
1834	12.581766788157877
1835	12.958052200403202
1836	11.209961744016725
1837	12.14391846330229
1838	11.574090762529522
1839	13.20942309002944
1840	14.223243621346127
1841	13.257062404173087
1842	12.105712100015287
1843	11.065228176132466
1844	12.402566285736318
1845	11.519819894793295
1846	12.197540622510132
1847	11.801662860650811
1848	12.581591637196162
1849	11.295640620597018
1850	11.09395141415933
1851	11.69883184684268
1852	13.550127577393626
1853	11.679573590793696
1854	12.447527239869277
1855	10.101750187110156
1856	11.120470986769144
1857	11.534011369168928
1858	11.000805154860513
1859	12.290150026160214
1860	15.429563199676087
1861	10.153941806999125
1862	12.615527613260047
1863	10.446732246671276
1864	14.388697841411663
1865	14.335660845291352
1866	11.864995836823558
1867	13.326789839954403
1868	11.97886662719097
1869	9.949627744976343
1870	12.50353858434828
1871	11.173492566902294
1872	10.994205530248582
1873	11.080651627928619
1874	10.1969536497422
1875	13.445222613615138
1876	13.128912283745766
1877	11.15105325294592
1878	12.25084759747713
1879	12.431891256308353
1880	13.186323365291443
1881	11.544426196143919
1882	14.693451079376974
1883	11.504062224771284
1884	11.152538043563254
1885	14.265065760258585
1886	12.743839451211638
1887	13.538186474067446
1888	12.870998982409947
1889	10.39907851570286
1890	9.816831919523379
1891	14.15919074731452
1892	10.51931198461629
1893	12.934939098677464
1894	10.398488264782355
1895	12.776565037799351
1896	12.366187796587697
1897	10.359937242011688
1898	10.281618461342683
1899	11.703293244186272
1900	10.118436686952398
1901	12.573625417936665
1902	12.240155837829942
1903	11.522616991307586
1904	11.30194056846085
1905	11.26681212803603
1906	11.97722553715787
1907	12.88179095626737
1908	12.515755739233766
1909	11.417966088492955
1910	10.75273389033308
1911	11.099631153026541
1912	11.286734361290222
1913	13.337697237031534
1914	14.657078946098828
1915	11.034113441370815
1916	9.447033818760563
1917	11.3846099028903
1918	12.362455380304405
1919	11.370305595473232
1920	12.570043980221575
1921	11.82485154424794
1922	12.394188692975465
1923	12.418621021264698
1924	12.493972171321124
1925	12.608354420553392
1926	12.555135223185644
1927	12.541771194440555
1928	12.851202890771674
1929	11.866590615361929
1930	13.669130363653844
1931	11.30744692083681
1932	10.127463900750238
1933	12.919192293137312
1934	12.711169214823961
1935	12.604254923423287
1936	12.252785636907598
1937	11.826005432089525
1938	13.727866639900538
1939	11.896098130848259
1940	10.348943784685904
1941	13.366106969327666
1942	10.504588794580702
1943	11.559611383127049
1944	12.687773990393099
1945	12.589959325579306
1946	13.938972120794157
1947	12.533713806139227
1948	11.988641023635864
1949	11.64301799083062
1950	11.825380708064095
1951	9.436250159034023
1952	11.328406239152644
1953	10.721085024506985
1954	11.565846572746523
1955	13.84595489215904
1956	14.012135706424791
1957	11.429421265487603
1958	12.397401417363794
1959	12.581207256168128
1960	12.499315953138284
1961	13.63263594693992
1962	11.600093953922624
1963	14.281533580471296
1964	8.810873998257403
1965	11.266280457336942
1966	11.664661249017808
1967	13.312254941421806
1968	12.69113258722196
1969	12.046763741935138
1970	12.270973217722107
1971	11.46747392790554
1972	13.368151861734482
1973	11.245461145091602
1974	13.440522321150638
1975	12.673851258662198
1976	11.775130659207015
1977	12.780052314120853
1978	13.790873195072637
1979	12.320489287919676
1980	13.168316430443982
1981	12.125221600715557
1982	10.970907752958896
1983	12.674236346957818
1984	14.798547965144584
1985	9.491315713195407
1986	13.882074142052957
1987	12.801318921417987
1988	12.677498755433286
1989	12.993801458783093
1990	10.969776950215667
1991	11.01470616674767
1992	12.37495653741967
1993	13.23804186790302
1994	9.223996559189716
1995	11.652276583118365
1996	11.486128891818225
1997	13.25371280816548
1998	11.548443835719288
1999	12.761294623034903
2000	12.707479111093562
2001	11.442490475551624
2002	11.577672283783054
2003	12.160388766359539
2004	11.701236480701482
