6	11.758798369381111
7	13.05414296350271
8	12.599332365519635
9	10.555051616722054
10	12.886505771840861
11	12.642933104848405
12	13.606334829038342
13	12.96334296670206
14	11.652755583023577
15	10.809290301769883
16	12.04085878847238
17	14.264351854577399
18	11.440529315451418
19	12.234127396146505
20	11.430122178353729
21	11.775400140233009
22	12.941986340748631
23	13.411786865742396
24	10.333882766982788
25	11.367281927288472
26	12.196189868096704
27	11.751284868530092
28	14.141798487166094
29	12.598239562151017
30	12.014179996041397
31	10.37860264940567
32	10.549332142670059
33	10.74273148906941
34	12.108563397142765
35	13.654643932253489
36	12.085752075710424
37	11.825863141023133
38	12.173620385223805
39	12.12051051990654
40	10.65596887014506
41	10.361876619845654
42	11.685183802261156
43	13.265162866489845
44	12.846761387449739
45	12.446643600676907
46	10.961951533993124
47	12.751508798031084
48	13.068290668152137
49	10.464396164848809
50	13.252598798378894
51	12.099553393501083
52	11.709692305935194
53	11.155476329866664
54	11.041494882956007
55	11.359083140390629
56	12.85854597243919
57	12.19163083505158
58	12.74192719315506
59	11.590131289145777
60	12.941354113830219
61	10.031565460357038
62	13.031141999063559
63	10.686945383793265
64	12.370950305692745
65	13.464173143645027
66	11.610053025597882
67	12.414913944173206
68	13.45096173064107
69	10.51279023069219
70	11.90444515521945
71	11.276959905806871
72	13.870085393419341
73	11.969979736059322
74	12.261429894209588
75	13.061658915479201
76	12.047326573163446
77	12.37203603177365
78	11.013754665993687
79	13.111679131054553
80	12.433251899503258
81	12.61302076136746
82	11.470470813202086
83	11.345994733381444
84	14.133620772486514
85	11.67322784199388
86	11.807447769525728
87	11.704989622941447
88	12.91200703441049
89	12.107297149901278
90	12.443999710526441
91	12.415518317386159
92	12.159434027956289
93	11.660259279068178
94	12.105946980669614
95	13.016875331865473
96	11.815797372005667
97	12.369487901585915
98	11.336537070881324
99	12.762934518405997
100	12.767365149413914
101	11.988692056985615
102	10.732721798287038
103	12.593810440079121
104	11.000451002577028
105	12.066320092984824
106	11.562682985725406
107	11.35851488724723
108	10.90528455129116
109	11.435938768648507
110	12.43051252458611
111	10.555223441844811
112	10.836545083495107
113	12.557557975555028
114	11.562779396931917
115	12.51192086494666
116	11.557264520339086
117	10.852002087411599
118	11.187522461365734
119	11.651946574466889
120	12.728940268121992
121	10.43841359353246
122	13.814033396111059
123	11.84993838468177
124	10.956617543564438
125	11.889587328820198
126	12.472385648337076
127	11.396932287383
128	12.401498499659118
129	11.929519136784991
130	12.976736598413684
131	11.789325163927456
132	11.583498710169806
133	14.459537205045178
134	13.507976227351174
135	11.737539821387534
136	12.02023549137084
137	11.984326869847719
138	12.71440159043678
139	12.097337818256081
140	12.356717496248686
141	12.883233807161949
142	12.968163276018458
143	14.210317776522425
144	12.269310396957389
145	11.880997527292088
146	11.830387102456976
147	12.248159210019367
148	12.41655435321653
149	9.323633430828341
150	13.757711089724989
151	11.848581044320445
152	12.285326102358521
153	10.831094466607876
154	11.781176850604036
155	12.434677812122876
156	13.063872374168376
157	11.241852097469382
158	13.944945179282998
159	12.673709626338677
160	11.967965922282723
161	12.27380027860532
162	12.989532665621178
163	10.86428244204726
164	11.560845767914724
165	13.131093987072818
166	12.363863560050959
167	12.429379926263614
168	12.445407416115117
169	12.16237045019753
170	13.136093443000727
171	11.90086915381333
172	14.357313866535371
173	11.91890261903675
174	11.816341774588338
175	11.208005535340636
176	12.580145231624192
177	12.351623184439086
178	12.43507363391715
179	11.58844044427409
180	11.349508105384995
181	12.559485221058518
182	13.110794672686156
183	11.928632686041324
184	11.261574478665823
185	13.267127176305317
186	12.759000117760783
187	12.463442955145487
188	12.38717839902217
189	10.536345053588905
190	11.807380819482205
191	12.990905725114215
192	11.230769854749353
193	11.608947438839095
194	11.076864101960382
195	12.531744609184576
196	12.033605259020502
197	13.425458415653557
198	11.53973751726012
199	12.128824867249932
200	12.016713911783881
201	12.06338715537409
202	12.127559402652825
203	10.344844510791258
204	12.03432254438303
205	13.459869169077137
206	10.495922490666999
207	12.04082640812218
208	12.737536198086067
209	14.071361231194654
210	13.383501661035552
211	13.97065696358082
212	11.69560286256581
213	12.949757124837065
214	11.414080611825705
215	12.522296373581879
216	12.952627759426832
217	11.989666699237464
218	12.290073422505214
219	12.744909587349975
220	12.319662278214569
221	13.509261158920708
222	12.347838205000947
223	13.422692397374284
224	11.917244016717936
225	11.464422351241494
226	12.367782401125927
227	13.49492922626213
228	10.96160927555873
229	11.74532197129447
230	10.984514774510425
231	13.201469438118512
232	12.736344554325333
233	12.676738713740228
234	11.405947057593147
235	11.289530148074263
236	12.60237153694834
237	12.2597270007819
238	11.859310464045848
239	13.41359939287118
240	11.7546183283953
241	11.357063725977206
242	11.161027433405533
243	12.104776905007894
244	12.249848094847403
245	11.978717793395083
246	13.154589846895155
247	11.048761775728781
248	12.90663542176619
249	11.263637663198796
250	13.596011376145286
251	13.482439073100169
252	11.238635873037685
253	13.066119867645245
254	12.841782903515801
255	12.18213210817703
256	11.744610581808956
257	12.544682335847202
258	11.654408485063785
259	12.428453750789535
260	11.789545086108355
261	12.45902110073924
262	12.730984989738436
263	11.218995433443828
264	12.21787543262789
265	11.885828001613405
266	12.112321044813143
267	12.057371027083718
268	10.789969626504707
269	11.340661633871994
270	12.605092028318904
271	12.764123863722197
272	11.339524721920109
273	11.942557766745184
274	11.573762929074292
275	12.951432521674885
276	10.797481682361104
277	10.049973565193465
278	13.238251954523058
279	11.744670033719254
280	11.946693852116974
281	12.607316317477464
282	10.887405743237954
283	11.50316457282627
284	10.735201171708468
285	13.14550094527949
286	11.78581032086589
287	10.118805711468061
288	12.037088980638266
289	11.757089473312954
290	11.133675811898515
291	13.322941298432061
292	10.999850694389481
293	12.516721556789708
294	11.019158002272889
295	10.838038755531306
296	13.03064314530369
297	11.153489660537161
298	12.508409110228447
299	11.717117285522233
300	13.362540232802276
301	12.815078932885081
302	12.272213932583108
303	11.916521240037401
304	13.501588785683756
305	11.820652758709912
306	12.414859819188548
307	11.600242037043374
308	11.470411100203638
309	9.670506832647927
310	13.253225206956914
311	12.065518525736277
312	12.618545399839059
313	11.86775366981657
314	11.502901966266412
315	12.430280029432058
316	11.641657618902032
317	11.685833483866881
318	11.505573010031025
319	12.89582596863038
320	11.70658465577167
321	11.97426641029004
322	11.0547393083228
323	12.164480893666527
324	12.199971565750376
325	11.6505309040227
326	12.084161911908138
327	10.562147231445124
328	11.498019385020598
329	13.570043308999933
330	11.981664929357066
331	11.689146201718938
332	12.616064778077142
333	11.392699834226411
334	12.429960078792647
335	10.016828891047876
336	11.859190599388159
337	12.68916141066933
338	12.31793025923403
339	13.242559618401962
340	11.49369714201171
341	13.671568239750169
342	12.418466127938396
343	12.605391313646189
344	12.514649563459292
345	11.965407174647165
346	12.544801510835963
347	12.217803906128127
348	11.296720441210104
349	10.874927903264982
350	12.257190054899116
351	12.873846528444277
352	12.401062858515864
353	11.35226649747806
354	12.455297443986638
355	12.838475587674811
356	10.842463259829227
357	14.966778725663769
358	11.798536206060088
359	11.350738286645667
360	11.333227620715311
361	11.882222388314549
362	11.95495817107682
363	11.132986062860471
364	12.673161263825023
365	11.73896305263375
366	12.094182588571373
367	11.006369687760106
368	12.174993671800475
369	11.91048072678037
370	11.063888275128557
371	10.13198755265621
372	12.009091322467176
373	12.340362616456472
374	14.853524951007179
375	11.075284404283458
376	11.970240635044993
377	12.124503319412103
378	13.942478769689236
379	12.611287021827277
380	14.058755646957756
381	11.937529535801636
382	12.43975796174657
383	12.076224452130687
384	11.183880968343987
385	12.466113023748525
386	12.001449848026823
387	11.06225561159954
388	13.185810473355973
389	13.104729887839252
390	12.258354840504067
391	11.444998685338879
392	11.832535287828447
393	11.20304366138053
394	15.012448040572053
395	11.997674351859164
396	12.409237988883563
397	12.169284640724072
398	13.196979692821818
399	10.3492300107658
400	11.262135897505617
401	12.119694310976774
402	12.08887883068809
403	12.795305598479379
404	12.337436478860953
405	11.625768645480274
406	12.54375738979054
407	12.102208233023703
408	11.78590769347502
409	12.542873273263327
410	12.017941588417065
411	11.160129546818714
412	12.586132144691268
413	11.891380669437984
414	10.609707869771544
415	11.21058790339157
416	12.585882875034475
417	12.261661974641566
418	11.903919277993158
419	13.070885468347747
420	12.715064956846097
421	12.221063984457869
422	13.096362271452866
423	11.903119766635225
424	12.4432956923168
425	11.465357602164321
426	13.154094865325735
427	12.13020421063716
428	11.558158996629313
429	13.645692140422076
430	11.845571667363402
431	10.834982331149236
432	10.033949649028823
433	11.929609453877978
434	10.34656683644021
435	13.203184766446983
436	12.89405232299098
437	13.881876077453713
438	11.304957533201323
439	13.821460021748308
440	12.919771725112627
441	11.957124572094472
442	12.556535933136807
443	12.642598751982275
444	12.109873726845157
445	12.958756477145167
446	13.362195287504749
447	13.104551114801628
448	11.766580242008786
449	12.062129319428802
450	12.925848860497354
451	11.226650871641358
452	11.571806622854812
453	10.846930380045457
454	11.245410423137299
455	11.25961897843676
456	12.168690034228822
457	11.500197569853626
458	12.079331795554609
459	12.670415501694272
460	12.21963670623414
461	11.092384039108696
462	11.47601557559877
463	10.862363212026173
464	12.402081201698532
465	13.510044077088727
466	11.583996724040064
467	13.016622831951075
468	13.592752865202783
469	11.929672161647533
470	12.704890264704806
471	10.151982774366624
472	12.064709171917153
473	12.11035600059092
474	11.207511265207913
475	10.752083350740751
476	12.612677390926125
477	13.249427990709794
478	11.06298387708583
479	11.916826064438888
480	12.65501881611514
481	11.035816702465084
482	11.378088568725312
483	10.741167227071127
484	11.51906285694365
485	11.794535892947232
486	11.527894603457893
487	10.8495635843413
488	13.046710771976601
489	12.250141132061254
490	12.05933204493236
491	13.006170893830824
492	12.569569621483053
493	10.921168238939977
494	11.8192924535144
495	10.690397052867208
496	13.917828477684033
497	11.677294052904472
498	11.20966053351367
499	11.420367584533524
500	12.919506916591093
501	10.267862082584761
502	12.667255068456548
503	12.749154202937563
504	12.647764165118463
505	12.663864285238864
506	13.86872173431124
507	11.291411968168257
508	13.189865210505323
509	13.406890335067272
510	11.842481020120127
511	11.607094424444464
512	12.674954025191255
513	13.868749217467363
514	11.565541208035333
515	13.403814931765996
516	12.861908542117037
517	11.27442887471765
518	11.667071049783845
519	13.625384836252678
520	13.821480591991492
521	13.67279446689421
522	11.495002760526562
523	13.321491866309467
524	14.385746642897304
525	12.52097847474215
526	13.444616401357399
527	11.465676976808984
528	10.882301705423743
529	11.88965311108157
530	12.12867326947415
531	12.00983788057541
532	12.238176927203313
533	13.05191990813579
534	12.293555733684721
535	10.754879537906328
536	12.421840022102481
537	11.390082679842386
538	11.897257253439326
539	12.263593124139502
540	12.296825056636324
541	11.777208748207029
542	11.131433982541784
543	11.32935397118457
544	12.466470186532076
545	11.983937086763035
546	12.416650042990417
547	13.21377787446836
548	12.910568655016295
549	13.680872709356482
550	12.585117631872116
551	11.068402701994637
552	13.291293115404327
553	11.42750186375808
554	13.268978828135666
555	12.242284363834187
556	13.08554576662405
557	12.659663123857422
558	12.661304056692947
559	11.620800135954697
560	11.249010500666717
561	11.642797394389552
562	12.049492089108874
563	10.992235080763098
564	11.555131818786982
565	12.716375630534323
566	12.4397672299577
567	13.146322151398635
568	11.847542526113102
569	10.765562698649438
570	12.665561849911077
571	12.658994067580728
572	11.957318723109589
573	12.43718814370434
574	12.329917062073946
575	11.505155876432546
576	11.65912481316762
577	14.063354335442584
578	11.165930621830435
579	12.284551969045424
580	12.60246039328631
581	11.095829919122885
582	11.659909601274054
583	11.418931605319655
584	11.546944198543207
585	10.87587864843764
586	11.53280664176037
587	13.7877966741233
588	11.962259213483776
589	13.147477216795474
590	11.759480169974267
591	12.62614887981566
592	13.218057240742686
593	12.1718841618823
594	13.071894395994605
595	10.257595795004939
596	13.557452105653837
597	12.166812857520805
598	11.62401190571683
599	11.267496471297749
600	11.855419182284095
601	12.512513122544624
602	12.897702253208262
603	13.241063549553722
604	12.57988465455381
605	10.701625432549257
606	12.842651020351763
607	11.19677741202031
608	11.50240216657403
609	12.059182410142967
610	12.782650955729574
611	12.240547085665943
612	12.068445477352585
613	12.959700155277027
614	11.222552027723465
615	11.748609116706238
616	11.900019472042914
617	11.90943387140786
618	10.902799528312041
619	12.263881534077449
620	11.292727857350005
621	10.423050025384873
622	11.853786114780675
623	10.483627034293022
624	13.697127213381464
625	13.602042981272783
626	12.310280356157678
627	12.272335544498425
628	11.501221026638868
629	10.642919199907087
630	13.659210895438893
631	12.834089969003495
632	11.333674840928454
633	11.337211214051502
634	12.094245751398072
635	10.972716763345359
636	11.502875326482085
637	13.980535534175072
638	10.77170500218118
639	12.486468776315451
640	10.816800655442817
641	11.97844578589192
642	11.678076317598526
643	13.754828353038695
644	12.543474282467049
645	10.125466876514738
646	11.466173149789844
647	12.827117222425942
648	11.752722801043369
649	12.802747292788505
650	11.287958082350087
651	12.34405146217614
652	12.46424205477039
653	12.988828870050687
654	14.66756304167211
655	12.615339153031528
656	12.166500673096284
657	11.259463933914398
658	11.590507681525196
659	12.64559268258998
660	10.652022409446849
661	12.089198135862327
662	14.337835250073113
663	13.528764328674477
664	11.107354601644063
665	13.047514186554158
666	11.888501286586028
667	10.471846240859191
668	11.745222877827473
669	12.465484025906772
670	12.191608488317192
671	13.582860258979384
672	11.621366438247135
673	11.65660246920156
674	12.130204334289633
675	11.516300418968312
676	10.665663556168631
677	12.304901405135752
678	12.810846748393184
679	11.548712138480868
680	13.050184536509082
681	11.523375032950813
682	10.991344400577614
683	11.525448978684532
684	11.76045518008398
685	11.12521553544899
686	12.50735579612665
687	11.691577875038742
688	13.642730488485002
689	12.484678616776364
690	13.814414050177826
691	11.330603541772385
692	11.034024750427177
693	10.707728934217206
694	12.309977971877043
695	12.379549081204459
696	12.603834653283348
697	13.699187451624312
698	10.895553492137143
699	13.12735058129571
700	14.040173636315474
701	12.60536740195874
702	10.549007285336431
703	10.455984286096646
704	12.165056667230543
705	13.443936218812485
706	11.853449487333735
707	11.058388081633893
708	13.060539942362258
709	13.007944867475695
710	12.134464538848707
711	12.264521658708537
712	12.291832902455806
713	11.06900248292897
714	12.215193055623482
715	13.03404465969652
716	11.581127731758897
717	10.631380609236658
718	11.111721939769968
719	12.65078788105508
720	12.085332496250471
721	13.57656463324558
722	13.933908277120361
723	12.654768224822224
724	12.328016637255832
725	10.847995216682504
726	11.07141399283514
727	13.063926162516388
728	10.74081797937052
729	12.348650060433318
730	12.659472502777353
731	12.619296941648438
732	12.676047475966202
733	11.2234734758136
734	13.459472642090986
735	11.244543228215273
736	12.916299325359676
737	13.252242710663268
738	11.927583715803921
739	10.8529575253051
740	11.023649826242279
741	13.689232197919171
742	11.585502708508438
743	11.01521183507806
744	10.618566445510002
745	12.938787294435315
746	11.619190286315279
747	13.058782656077081
748	12.126067288768207
749	12.814633773169286
750	11.454009583777994
751	12.337289773246372
752	11.903964016069141
753	11.55019516858738
754	10.645996177581967
755	10.887424424756318
756	11.400455501895133
757	12.816114763718186
758	12.79934538945478
759	10.789370968059908
760	12.342479002023726
761	13.50792866287132
762	10.194312359468313
763	11.97601267938444
764	12.225078386021778
765	12.033421697072649
766	12.61616385053882
767	12.52842552869115
768	11.630861591547728
769	12.000512629425863
770	12.040221541876061
771	11.541240615436497
772	12.397358039385066
773	12.488675808565368
774	13.003249019639389
775	11.47266808466132
776	12.30661023624998
777	12.076890907769736
778	14.591079176786783
779	12.09394670249669
780	13.392358831434866
781	10.951430904208047
782	11.952588267706838
783	11.923062295284277
784	11.87220867474874
785	14.024098260117517
786	12.190679378319496
787	12.869695376551439
788	12.332126347608316
789	12.391444951203523
790	13.471193961839443
791	11.706797584500496
792	11.142400198289373
793	10.78034981139733
794	11.263377839311337
795	12.574102356785442
796	11.332425332569983
797	12.063794855763012
798	12.141906927660878
799	12.074823053898635
800	13.41008860244377
801	12.705840319734188
802	11.268841837837908
803	12.183574429135964
804	11.875241672448086
805	12.651802242888758
806	13.615530504088383
807	10.09561566231423
808	11.536054457654245
809	13.044840096977582
810	12.511156807377658
811	11.986562505537034
812	9.94680684984972
813	11.809060530080883
814	12.153347654802287
815	12.681707111375761
816	12.626350840886257
817	13.657249825441976
818	13.380333739422811
819	12.071717951733651
820	12.697514187440643
821	13.887745553119059
822	10.951083396875259
823	11.80610752637774
824	11.249717905074762
825	10.503975909754999
826	11.854820478183683
827	12.342840600115442
828	13.389782649035064
829	12.75168454481552
830	12.558317994310832
831	12.712704467634797
832	11.66500779178177
833	11.766628778539598
834	12.830536157020834
835	13.20123281550197
836	12.640483660773802
837	10.892433961994746
838	11.480357950733742
839	13.310755480808439
840	13.033164081579473
841	12.035198321298916
842	11.968563698314634
843	13.245457448422556
844	11.475184461373525
845	11.028714977156293
846	12.731765740628665
847	12.235646910616197
848	11.83227850462572
849	11.656012749993048
850	13.412408471761626
851	11.480664146643203
852	11.405827415874228
853	12.706045174498286
854	13.097785296100968
855	11.060538173164241
856	12.233896661222735
857	10.987669289409597
858	11.622819864834824
859	12.696384055310663
860	12.508804091761704
861	11.59801858533756
862	12.205996740598824
863	12.171371207553117
864	12.695940335312237
865	13.344406366290059
866	12.92110561091076
867	12.08103290723044
868	12.751653701384875
869	14.273608822699837
870	11.897863346483064
871	13.279097826082513
872	11.723927342274692
873	11.337026107560277
874	13.03491725148342
875	12.40293135610409
876	12.055705555831082
877	11.076955273029549
878	11.248379987706098
879	11.405483029959926
880	11.969264594077165
881	11.329180761871516
882	11.398269574832133
883	12.44864454429837
884	10.744440205142988
885	12.107550176001885
886	13.340424215610255
887	11.378826068165983
888	11.196628385354884
889	13.022906561138196
890	12.271192155213578
891	11.995976907018173
892	11.6970325587188
893	12.144239891539328
894	12.941039066224004
895	12.82335267681074
896	12.795008244973067
897	12.921789151688035
898	11.920032028040927
899	12.959826710653337
900	13.477395719330726
901	12.038397960049371
902	11.760715930555623
903	11.618694974125406
904	11.460996289543496
905	11.229218069645576
906	10.329783780574376
907	13.002239730010237
908	10.71633347289268
909	12.302706257657796
910	11.494338347541127
911	11.758603520421145
912	13.828497721144231
913	12.628860771223637
914	13.20611952370964
915	11.539131067540689
916	11.131417863324339
917	12.072657440090552
918	11.520145958866925
919	12.266839697337709
920	11.92174642615613
921	12.08775196745526
922	13.248211669716207
923	13.652976760250407
924	12.60305075347091
925	10.559057649234697
926	12.47831678662288
927	13.020618397657843
928	11.082350372506136
929	12.650142910033464
930	12.453493730519854
931	10.512688048537475
932	11.609080986328129
933	12.214569085333947
934	12.586388649506262
935	12.2089640020907
936	13.252529002674338
937	11.045788073310783
938	12.864937341756999
939	12.719757102262836
940	11.878114562241535
941	11.453815423729829
942	12.167284226377628
943	11.23833474968948
944	12.81940276118985
945	12.857144004824416
946	11.979217585508014
947	11.734803076650548
948	11.6639391696034
949	11.275789491670107
950	12.434807697235374
951	12.219841695512349
952	10.212106564306412
953	12.519526728925197
954	12.661827411801399
955	12.409867886215492
956	12.621857341267363
957	9.664306452250457
958	11.42464533141659
959	11.794895308893175
960	12.277665086445355
961	12.931582966311835
962	11.593640466817305
963	11.968211058387533
964	13.180376546340995
965	11.67907304792271
966	11.848914242294128
967	10.567885113647208
968	12.112202079459093
969	11.082576835498912
970	12.649285581647955
971	11.888279459580941
972	11.651351207653061
973	11.769891176074136
974	12.711114164097234
975	11.779743765350432
976	11.861110858139583
977	13.003269953295655
978	12.307345982485762
979	11.5453981026741
980	12.675602374574131
981	12.449559271512756
982	13.951268338930095
983	11.895585065690318
984	13.063997896890875
985	12.83691665228276
986	12.098586629494093
987	12.784878172940807
988	12.72615499652546
989	12.087936828251589
990	11.216076796400982
991	12.335507892556052
992	12.943949012810158
993	12.08001378274154
994	13.50007380612771
995	11.237244544539134
996	11.515695672603146
997	10.808144251466729
998	13.296348331879605
999	11.578738717498103
1000	12.085642379404897
1001	13.218904531302137
1002	11.10601042360533
1003	12.118893311687446
1004	11.241492827440378
1005	12.272432193665736
1006	12.82239267349486
1007	9.623170400566112
1008	13.120494121497568
1009	12.890452028926424
1010	10.916145002212337
1011	11.094740341680504
1012	13.243360973470022
1013	12.590003645324032
1014	12.307813816490428
1015	11.782615525308453
1016	11.645253763592336
1017	12.038872857224542
1018	11.731219365384378
1019	12.188481361732471
1020	11.185640502593568
1021	11.939383074580489
1022	12.268401634147656
1023	11.467798461934931
1024	12.626505078277356
1025	12.810585965926293
1026	10.9000800195564
1027	12.335578954456231
1028	11.871904834747935
1029	12.188778804016433
1030	11.230256514377995
1031	12.454123314319682
1032	12.58723211843171
1033	10.939430201208502
1034	13.080024384049466
1035	10.514788760924214
1036	12.94228972804267
1037	11.468094686079505
1038	12.552609325360297
1039	12.549158787914516
1040	11.868908151697655
1041	13.678354907315224
1042	11.68453614677613
1043	10.602860704510627
1044	10.939582097288424
1045	11.18169845004013
1046	11.76800807897435
1047	14.021133976141838
1048	11.207998089975229
1049	12.337254589476112
1050	12.959124110949537
1051	13.466765825925394
1052	12.656994815838212
1053	11.332388032906843
1054	11.06906447924363
1055	12.644093188845241
1056	12.511456073171253
1057	12.455081531881458
1058	12.04483562843874
1059	14.760654309987634
1060	12.097546403907472
1061	12.41376384817995
1062	11.690225229417491
1063	12.585813819763384
1064	10.972224633364627
1065	12.143385480690215
1066	13.935223815729842
1067	13.328840428148396
1068	12.890887265520481
1069	11.292258992776624
1070	13.700827140749121
1071	12.471239426535451
1072	11.482735986672102
1073	10.602967860443252
1074	12.650592200288719
1075	10.801241010349864
1076	12.056916210839214
1077	12.436814031897423
1078	12.436380197398428
1079	12.013049693345758
1080	12.775024928395975
1081	11.38104058370421
1082	11.654916938079987
1083	13.162153563668163
1084	13.220196756543233
1085	12.497438548822645
1086	12.706086410512217
1087	12.83933879196411
1088	11.606925822553846
1089	12.623740424537877
1090	12.514262807109239
1091	11.595494287270729
1092	11.644067904871443
1093	13.377409286210955
1094	11.657565066876652
1095	12.344089985551799
1096	11.928897396000103
1097	10.68358040800712
1098	12.598696270181486
1099	11.27668298813312
1100	11.821387639332732
1101	12.43622073437313
1102	12.6877139489276
1103	10.464290470221183
1104	12.794099424436519
1105	12.604331138949082
1106	11.050235126685772
1107	13.490098693373147
1108	11.791005495087509
1109	10.407518394579014
1110	11.820181476762114
1111	11.918482151823506
1112	12.822921113852688
1113	10.67677408355909
1114	12.845217054861132
1115	12.080490488976162
1116	11.183059193099325
1117	13.081457302035036
1118	14.347469776883841
1119	12.218429616720337
1120	12.803726269630715
1121	12.060924684763641
1122	12.678508724085987
1123	12.617543902934994
1124	12.416966310513782
1125	11.865534496656618
1126	11.23289556527466
1127	12.6598415900177
1128	12.273221693974588
1129	11.9687882650663
1130	11.605507481237874
1131	12.308445880120551
1132	12.636004322250797
1133	10.85269805968606
1134	12.433976066345348
1135	12.984657303061491
1136	12.217028124839999
1137	13.828344225223796
1138	11.090431732559493
1139	11.670499471318909
1140	10.010400794877636
1141	11.732246122850727
1142	12.108667758050919
1143	10.187911420472359
1144	12.189703285361507
1145	12.375859101440895
1146	11.348004150098529
1147	13.168477728657308
1148	11.793348073227596
1149	12.282517992058082
1150	11.706175068721429
1151	12.349681267951382
1152	12.619413099414668
1153	13.848390328173991
1154	11.112636755660382
1155	11.59810178653958
1156	11.023423929727869
1157	12.920271109661552
1158	13.43211801137982
1159	10.90045813737171
1160	12.422793676968597
1161	11.691815952871643
1162	12.70995824684256
1163	12.479044944780913
1164	15.311833332240996
1165	13.194434434697353
1166	12.56318360853898
1167	12.373081440488543
1168	12.205517542720036
1169	11.864571814085744
1170	12.301330097805476
1171	12.0008900204557
1172	10.700887538915223
1173	10.385205500836795
1174	10.712181109986785
1175	11.91682161251083
1176	11.78403357609504
1177	12.248213055450469
1178	12.642291509953793
1179	11.32438975034389
1180	12.128529539145529
1181	12.117060688081741
1182	11.575621517578838
1183	12.691920670131887
1184	11.136518337910896
1185	13.205972447690632
1186	12.908370555955512
1187	12.072219232348008
1188	11.336655610755164
1189	13.940384824896077
1190	12.130949338412998
1191	13.4879816147399
1192	11.11798858241393
1193	11.105480912029398
1194	11.838329744048504
1195	12.924151201016718
1196	11.814761851944596
1197	12.72660481663188
1198	12.776835289602685
1199	12.990373313708819
1200	11.315186531462063
1201	12.779958638548852
1202	12.772895181900822
1203	9.611444450293979
1204	12.79075793261993
1205	10.376568260751664
1206	12.124961250578053
1207	11.713340259021303
1208	13.389780605025589
1209	12.38651629401526
1210	11.816148453697178
1211	12.557587717248893
1212	12.120771871809847
1213	12.536838494060982
1214	13.479611798464743
1215	12.707803850852153
1216	11.305420845755618
1217	12.875424381063663
1218	13.195897795906705
1219	12.095658025624289
1220	13.20186079989764
1221	12.630276917343446
1222	14.208691132963091
1223	13.033019432295603
1224	13.07035349159
1225	11.171539345653727
1226	13.508992665728632
1227	11.778134442027659
1228	12.941687699539276
1229	12.764775172052584
1230	11.751869809163813
1231	11.77887210639363
1232	11.770668211326536
1233	11.538998939514082
1234	11.431236924470536
1235	11.834958655985247
1236	11.819329201918224
1237	12.551922561212754
1238	12.749456535766107
1239	12.843535994878039
1240	11.354402431975663
1241	12.560025135796009
1242	11.494999131545997
1243	10.564939314965159
1244	12.155066161610497
1245	11.52059697236221
1246	11.757847923136849
1247	11.83605524591403
1248	13.444096514865613
1249	12.930705358929117
1250	13.235614332656207
1251	11.875123801229831
1252	12.376040106200996
1253	13.032242903801341
1254	10.877852372914695
1255	13.717985283558894
1256	11.604750400176272
1257	10.86316227324307
1258	11.808208107065488
1259	11.892941396803398
1260	11.171886509167962
1261	11.513083159321406
1262	11.563505320222161
1263	12.685945934174876
1264	13.719702640367258
1265	12.103416624447247
1266	12.711200517043471
1267	11.913660094367735
1268	12.78160402760841
1269	13.04425579313344
1270	11.907969699545692
1271	11.1811980368186
1272	10.494052160162633
1273	13.758631849488724
1274	11.189003329882398
1275	11.621766211531524
1276	11.748339589268047
1277	12.657345757466155
1278	12.340916044675396
1279	10.259136330750254
1280	12.220940355977897
1281	11.449759322052289
1282	12.822548204462134
1283	11.54787945434451
1284	12.54643117072747
1285	12.672446009337104
1286	11.888490067134184
1287	12.709697100640225
1288	10.502159157793763
1289	12.83849308939758
1290	11.392096433104157
1291	12.136293834804192
1292	12.958715227844992
1293	12.5067971741709
1294	13.008492731788595
1295	11.753096611142004
1296	10.437360519582095
1297	10.950022797736649
1298	12.784378645726031
1299	11.566265316628334
1300	12.6704596855212
1301	12.353749461472034
1302	11.481527515906183
1303	12.162684171556913
1304	13.003849997517786
1305	13.079667949090855
1306	11.60530291868296
1307	13.381798331870232
1308	11.491758375823418
1309	11.084462250029901
1310	12.23500378325622
1311	11.96277437600795
1312	12.374177433212754
1313	12.992835308351045
1314	12.612643274727501
1315	11.695765797281638
1316	12.925946017271718
1317	12.293627057259005
1318	11.324108942741683
1319	12.490305526971092
1320	12.352878808851957
1321	12.283443232821865
1322	10.703631091054858
1323	13.540313104612075
1324	13.482519236393273
1325	11.252262137931151
1326	11.25164842668592
1327	12.581548193955848
1328	13.944717795264701
1329	10.850184165186397
1330	13.536102469149046
1331	10.734191194739974
1332	11.439978300957591
1333	14.205658886313008
1334	13.466878430284043
1335	10.35151609921828
1336	11.964106378823464
1337	12.781971169101006
1338	12.491781947765654
1339	11.490123537940566
1340	13.308582643442787
1341	13.14553467543076
1342	11.350122957194055
1343	11.410346714815555
1344	12.860629265869942
1345	13.175769474944099
1346	13.524017345922967
1347	13.445147831803533
1348	11.60834813131141
1349	12.65576618607156
1350	11.728530290742547
1351	11.106609171799695
1352	12.144026991391842
1353	12.059369440260344
1354	11.81502622393712
1355	10.641213953659948
1356	10.990873513848054
1357	10.953861529746538
1358	11.759826248985648
1359	12.709461664470533
1360	11.093592149137598
1361	13.468633704353124
1362	11.92044489528915
1363	10.67413981933302
1364	12.779074628799853
1365	10.903779383497312
1366	10.515841596637896
1367	12.63698010745709
1368	11.665006292725188
1369	13.613483296763716
1370	12.186242345456655
1371	13.366084421584382
1372	12.778062006891039
1373	13.242984804441221
1374	11.9156288881257
1375	12.009518800979658
1376	11.353439092843994
1377	12.168592282201582
1378	12.501738765326357
1379	11.683334657812098
1380	11.741422717710957
1381	14.56509862578474
1382	11.907426999892952
1383	11.915804492846211
1384	12.252380336867645
1385	12.05228046142341
1386	12.864395905295774
1387	11.79197971331252
1388	11.80238312803946
1389	13.804634823196102
1390	11.56578969650547
1391	11.783019660389982
1392	12.279046041119727
1393	11.745327425519159
1394	12.992448664907561
1395	12.85636976101579
1396	11.079795821863055
1397	12.538262060887757
1398	12.925876045948826
1399	10.950222545820806
1400	11.363234655512496
1401	11.761161219547777
1402	11.406352571221456
1403	12.85755885414815
1404	10.712853849787885
1405	11.928443927966457
1406	12.082903451680277
1407	12.701457078149542
1408	10.886616674251854
1409	12.64498048539584
1410	13.239259639485297
1411	12.379866071815531
1412	13.218757947523367
1413	11.594630289002849
1414	11.110519495162103
1415	13.798658294059956
1416	12.05942530989026
1417	11.723335345643328
1418	12.545612410502509
1419	12.89839451041189
1420	15.020686284744773
1421	16.535519950803266
1422	11.584846997384115
1423	9.259448323132736
1424	11.022868693903243
1425	13.17649768970441
1426	12.649238690484449
1427	12.60960391163826
1428	11.54117402994005
1429	11.472284608200425
1430	13.272351226235818
1431	12.819877500554346
1432	11.486136731289497
1433	12.624247679370455
1434	11.749899935497737
1435	11.01319442966321
1436	12.281202700609962
1437	13.73221443534236
1438	12.42931115859224
1439	12.89320540355402
1440	12.77781698029139
1441	12.708051944263625
1442	11.035545615724436
1443	11.92364587415941
1444	11.675808892939239
1445	12.614313956533026
1446	10.685539592773868
1447	12.111782026884612
1448	10.80044599113171
1449	12.567752142427848
1450	11.349443847097323
1451	10.944657983157136
1452	11.491461034764402
1453	10.524095147365221
1454	11.207999548685082
1455	9.281283616618667
1456	13.652265327788578
1457	11.313536403012801
1458	13.31331830933739
1459	12.930194005283907
1460	12.49224585108459
1461	11.844681885119321
1462	11.670180549462591
1463	11.125422457559035
1464	11.858774739988148
1465	12.545732535517097
1466	12.875387016861211
1467	10.86352357341093
1468	11.79171343996755
1469	10.282456573129942
1470	11.470045198847611
1471	13.204275740271745
1472	11.993894212534306
1473	12.04549711018834
1474	10.256821305546467
1475	11.418958320836758
1476	13.086694434913806
1477	11.523315948253083
1478	12.975910379116733
1479	11.469522787818548
1480	13.314109469368123
1481	12.83952308344775
1482	11.878285378198294
1483	12.481331905515011
1484	11.895622264638904
1485	11.891344214168688
1486	12.13310850811221
1487	11.88382334414027
1488	13.462446865370675
1489	12.360205485882169
1490	12.442939131387643
1491	11.917188499229573
1492	12.394628160736627
1493	10.857217316094857
1494	9.965058737151724
1495	12.45372478748836
1496	11.417894942910763
1497	11.678025430010166
1498	12.310351843507961
1499	11.995106633120615
1500	12.327158294744246
1501	13.02637835975232
1502	10.38489247941806
1503	10.405851343569035
1504	13.180841882273349
1505	11.665345775989678
1506	13.194782439178587
1507	12.680830640512902
1508	12.316070609267406
1509	12.51829936102964
1510	12.490872882011656
1511	12.200009814230725
1512	11.210247651943938
1513	12.289210470271824
1514	12.216037746208409
1515	11.971575018665236
1516	14.650929274922238
1517	11.397063278302085
1518	13.402094892441744
1519	11.665748047316447
1520	11.934353928676703
1521	12.455712004686662
1522	12.097179888029737
1523	11.918468717744368
1524	11.493271969691184
1525	13.104276112527312
1526	12.794128102438453
1527	12.820266847137827
1528	13.48455586274276
1529	12.284706319120295
1530	11.906399476958219
1531	11.76181305029119
1532	11.691543200463057
1533	12.53246762255881
1534	11.770694210160789
1535	11.391013216266098
1536	13.309385694968686
1537	11.97649818878227
1538	11.878439723768018
1539	11.587292431110445
1540	11.658797210617923
1541	11.204375037513994
1542	11.931865660308782
1543	12.317216799428154
1544	11.983525035297498
1545	12.843596646006013
1546	13.442952508723144
1547	13.49038590550966
1548	10.927768752985035
1549	11.970839517355975
1550	11.664720667964396
1551	12.294087460376964
1552	13.40700908215894
1553	11.136928620252192
1554	11.368758053468216
1555	10.775291697090408
1556	12.485510407998744
1557	12.599825795851649
1558	11.729444526813246
1559	12.870274182389645
1560	11.943239836233921
1561	10.868722652359043
1562	12.323349321462835
1563	11.255281853667626
1564	13.342293837592782
1565	11.452122699107147
1566	12.768764452204447
1567	12.643428984519023
1568	13.981642687296057
1569	12.321880367104754
1570	11.182542575693999
1571	10.92554132969235
1572	12.35811153331381
1573	12.092741856055165
1574	12.189846176925736
1575	12.532418678434064
1576	13.260433059746653
1577	11.97342026262544
1578	14.857575792470016
1579	11.539681405901458
1580	10.522170107122898
1581	11.929559949535394
1582	14.193034423173716
1583	11.401330293589753
1584	10.24937999007913
1585	12.962452533452407
1586	12.72453924017662
1587	12.079611078189272
1588	13.117277905551923
1589	11.370921586430631
1590	13.209481693283166
1591	11.171316090617674
1592	10.686114200357613
1593	13.821027238341049
1594	13.150750959382599
1595	12.929469680753149
1596	11.955792088798868
1597	11.882234933582367
1598	12.821782178793322
1599	10.22101823014852
1600	10.73665047694672
1601	12.682888321508653
1602	12.531848123995587
1603	11.283413143375105
1604	11.301160048094712
1605	13.126560224615968
1606	12.235587221124899
1607	13.700684350294372
1608	13.376090917811398
1609	13.791819986198908
1610	11.857263061062744
1611	13.936817858461291
1612	10.49789736982943
1613	10.853744245544519
1614	11.7851665483419
1615	10.746385834169695
1616	10.392933543808759
1617	12.632763856556267
1618	13.244449385222705
1619	13.426464219087004
1620	12.045120438560843
1621	11.97719867409776
1622	12.946535960172437
1623	11.672295127384132
1624	11.345186078940364
1625	12.19234228641532
1626	12.573179057689712
1627	12.987848858286936
1628	11.771783951485608
1629	10.989821006908365
1630	11.683198157183748
1631	13.369632262154482
1632	13.180724164991474
1633	10.480750475924772
1634	13.386667347233743
1635	11.694682809788818
1636	13.507945951711582
1637	11.01791013987816
1638	11.69778802039757
1639	12.214061660769707
1640	12.907988503697284
1641	11.988160778962387
1642	11.916949488194659
1643	12.895889097529773
1644	12.807176955139518
1645	12.841783831610034
1646	10.735684068477713
1647	10.320949203146267
1648	11.716404918894364
1649	12.886506650427526
1650	14.645539213773898
1651	9.827324350112272
1652	11.720364119897694
1653	11.542257641816311
1654	12.18716279596265
1655	13.32131015573053
1656	11.628187019308097
1657	10.960813670552202
1658	12.025032100079942
1659	12.74659472589243
1660	11.464804699868322
1661	12.362225963721835
1662	12.401874961943745
1663	11.151128712792083
1664	10.560858731410312
1665	13.066183929053995
1666	12.710020278624835
1667	11.947399543171437
1668	10.871910270896148
1669	13.632613297176338
1670	11.57158548363077
1671	15.206352641123036
1672	11.9642586125906
1673	11.234609181626833
1674	11.340531169129536
1675	10.757263930626559
1676	11.385552311849702
1677	11.968963082629704
1678	11.987638366768476
1679	12.196637236169012
1680	13.616530411085114
1681	11.770722972694784
1682	12.214736348199141
1683	11.248425657698965
1684	13.596777605138616
1685	12.010881492156269
1686	11.757921688798392
1687	13.258677402077327
1688	10.280255280037904
1689	12.780489033980606
1690	12.002178235692554
1691	14.175729381900023
1692	11.792019070814025
1693	10.310066709294915
1694	11.467434085242337
1695	12.236244223585041
1696	12.932249898082004
1697	11.989693902943355
1698	11.314330353687348
1699	12.239227954683884
1700	13.896595382975647
1701	11.95360708522882
1702	12.477423488191562
1703	12.16460503808305
1704	12.192323047240885
1705	11.755850241635926
1706	12.743889860870938
1707	11.492770115409613
1708	11.742273149454766
1709	11.819809725984339
1710	12.212985155456092
1711	12.821988184803299
1712	11.74682434298167
1713	12.199904651683756
1714	13.26142673153663
1715	12.420421873840192
1716	11.564458743361424
1717	12.12142794307279
1718	12.33513965693003
1719	11.721702787326649
1720	10.489970363486835
1721	11.473019214944266
1722	14.020364013761283
1723	11.220956216087668
1724	12.651830397787746
1725	10.888519835997917
1726	11.563218116259668
1727	12.251074197063982
1728	12.69660819376198
1729	11.954784608911723
1730	12.109616629631175
1731	10.784887947402346
1732	12.298047137837525
1733	11.090364784283306
1734	12.378281357659338
1735	10.998578698264764
1736	11.098139822589777
1737	10.473077926829102
1738	11.322441211676285
1739	12.704587354734983
1740	12.405032345615327
1741	12.983578665181994
1742	11.97806295841001
1743	11.276182770400363
1744	10.98436639056756
1745	12.439853952488983
1746	12.65000675020375
1747	12.387684687121032
1748	12.874706886613879
1749	12.420309383199006
1750	11.094748296938768
1751	13.301406672634627
1752	11.039690218827067
1753	11.415698582081703
1754	12.956622627973557
1755	14.065032172203065
1756	12.732172768442862
1757	12.039905789628392
1758	12.571403121268377
1759	13.332563337154204
1760	12.342669562964987
1761	11.895678929458544
1762	12.182801549031865
1763	12.837853030513918
1764	11.832955824654727
1765	11.667733509812262
1766	12.85541122515784
1767	12.204604590199887
1768	11.421935840003679
1769	13.938321376483266
1770	11.400503976619802
1771	10.784148174254224
1772	11.610218419733554
1773	12.465247949737165
1774	12.857279470921013
1775	12.832230491225015
1776	12.050623574395381
1777	10.548839128843543
1778	10.93101682449476
1779	13.241890019737184
1780	11.703427666615296
1781	11.982873347842888
1782	11.468991229923343
1783	12.080271630053176
1784	13.38596174323552
1785	13.846179876854876
1786	11.061042761080898
1787	10.887727206991986
1788	11.860353414295242
1789	11.721222803358817
1790	11.988500465629622
1791	12.60994683302939
1792	12.253128607594409
1793	12.56734718619347
1794	12.202143434832882
1795	11.413681546198752
1796	12.620788450665964
1797	11.002111622963898
1798	11.299701371719932
1799	11.076594953178702
1800	12.347136850468814
1801	11.04261566196025
1802	10.580593701964244
1803	12.32930394810354
1804	12.262205983986389
1805	12.52548535859872
1806	13.983136071686578
1807	11.780260141329983
1808	11.577943637997478
1809	11.245128972231983
1810	11.939723597218594
1811	12.678055776988485
1812	13.600908316623341
1813	10.107849260007864
1814	12.445893876990604
1815	11.990400128716525
1816	11.790325941972522
1817	11.37110132942705
1818	10.448536339512264
1819	14.12317625077952
1820	15.049465141362614
1821	14.24944106102145
1822	11.636452303850092
1823	11.596746290696721
1824	12.3551852744907
1825	13.527601324463392
1826	11.840964332184134
1827	11.908374187202813
1828	10.48076882030766
1829	12.12270598540393
1830	12.291808049485553
1831	11.335445570690489
1832	11.322163213044405
1833	12.819532784866169
1834	12.080094624854004
1835	11.940961211221293
1836	12.625170090813535
1837	11.86264414805919
1838	11.999762457928487
1839	11.048068231066551
1840	11.437595358778102
1841	11.611185886759564
1842	12.514163247542456
1843	11.49305835494306
1844	10.602152711118482
1845	10.617874950060228
1846	10.647748875038815
1847	12.836950505294068
1848	12.285721847778545
1849	13.476340583865143
1850	13.517563965891235
1851	12.383876162676003
1852	12.445400421267065
1853	9.26598894027503
1854	12.469326947421695
1855	11.716914315788577
1856	11.18751130253939
1857	12.417324458388611
1858	12.769193000071134
1859	12.928315612167353
1860	12.793745286965176
1861	12.598952119584165
1862	10.787302119620634
1863	13.570611323310953
1864	11.025595734503845
1865	12.103491514671111
1866	10.745241266908124
1867	11.587908051639365
1868	11.543187778065752
1869	14.657597035280473
1870	12.792866347858217
1871	12.289847674042297
1872	10.835602574935184
1873	11.726300868483621
1874	12.362020257983685
1875	13.89765491313301
1876	12.5255179525422
1877	12.29189332500599
1878	12.50326739029131
1879	13.146272451331077
1880	12.427648617213386
1881	11.730819614947817
1882	12.497019661951345
1883	12.21735914493911
1884	9.833240335857097
1885	13.16341736887116
1886	11.970024577874158
1887	12.579448121877459
1888	12.98546084939735
1889	11.93175271664746
1890	11.96648691684558
1891	10.860894462142218
1892	10.732293145670727
1893	10.763101322450288
1894	13.700459283767268
1895	11.011730328465447
1896	11.986427553159256
1897	14.347432115053953
1898	12.318480907037156
1899	12.110068664562682
1900	12.542958503672187
1901	11.860570659010241
1902	11.456243985457919
1903	11.501891380573701
1904	13.573807552282233
1905	11.212190197262151
1906	12.4014777649321
1907	11.712716781462614
1908	11.836214498632277
1909	12.025384333590045
1910	13.13415369166926
1911	12.456577097428688
1912	11.230579841028279
1913	13.104282019386554
1914	11.809455502393226
1915	13.26477588431832
1916	11.650869657255143
1917	11.65523733930221
1918	12.860499637943038
1919	12.005040519977532
1920	12.20570544965033
1921	12.667170767548184
1922	12.652958863212362
1923	12.292419426579727
1924	10.364211286301725
1925	11.501139596221037
1926	12.749779783710837
1927	11.758142497631964
1928	10.618031117876637
1929	11.58315724573819
1930	13.046613333789123
1931	12.19060754244371
1932	10.380823807436085
1933	10.782937666885555
1934	11.856359511984259
1935	11.000096555321942
1936	11.435694035423998
1937	12.56442553698573
1938	11.124886170581535
1939	11.387008223915473
1940	11.99985445435404
1941	12.11309492676519
1942	11.14902114851967
1943	12.378446274328356
1944	11.951450320434999
1945	12.910814306252481
1946	11.973712022949863
1947	12.882547581762386
1948	12.934366478228613
1949	13.165094508481811
1950	10.485161159903956
1951	13.273915038211271
1952	11.912909208296764
1953	12.192560052623906
1954	11.409527060203255
1955	11.621155622248937
1956	11.677445301931584
1957	12.938483142116596
1958	10.746831602184102
1959	12.410246429303662
1960	11.977626656950452
1961	12.445779466801989
1962	11.397624165265976
1963	11.646907428605482
1964	11.207870026271289
1965	10.788003093937574
1966	11.132755381788593
1967	9.300643142276002
1968	11.306214909608984
1969	12.584885619939692
1970	11.692346335340213
1971	12.42029207566267
1972	12.4798650545482
1973	9.768015335444943
1974	10.103262123768218
1975	11.5697028866233
1976	13.082300281348196
1977	10.749554329689339
1978	11.596936392225325
1979	13.4014434855759
1980	12.285811338171532
1981	11.89519996619176
1982	12.207046370143475
1983	11.752585702944392
1984	13.079215730346428
1985	12.125597517816695
1986	12.70092658969738
1987	13.33003453303536
1988	11.979317138912544
1989	12.761392208947134
1990	12.233959994225932
1991	11.408834734913679
1992	11.615854458276633
1993	11.744145076810604
1994	11.186834612342698
1995	11.525997824557125
1996	12.265447801861834
1997	12.599736817304374
1998	11.428026594479368
1999	12.597142516773332
2000	12.198762186267412
2001	12.530128522742805
2002	10.331313632258501
2003	11.174029771061614
2004	11.821932032500627
