6	14.361662351389592
7	13.45766142178829
8	11.846686155709722
9	10.501945688581092
10	12.805650733594002
11	13.68292889085933
12	14.140323291468052
13	12.17540725996774
14	11.628894794375697
15	10.80376644865214
16	11.647640909742188
17	11.66737674711861
18	12.211575088300693
19	11.324882351562424
20	10.951111000382662
21	12.083741560700219
22	13.27720622203846
23	12.547213424395341
24	11.41256623598468
25	11.85203142453134
26	12.043923574521463
27	11.70862082899348
28	14.097994497779078
29	11.983839403835645
30	13.4651659754279
31	11.001357017228743
32	11.963221119791005
33	10.87051626311295
34	11.930952907239165
35	13.39179027393818
36	12.486908954362802
37	13.137241687759921
38	12.395783705141461
39	12.163504744536633
40	10.36730045979723
41	11.12288857825037
42	10.880860668528602
43	12.300580836041783
44	12.595647652855735
45	13.396375517183413
46	11.43048548607294
47	10.544278493857096
48	13.335868947531951
49	10.589796990977517
50	12.973292419785139
51	12.871718678268264
52	11.919259093849673
53	11.40172416478284
54	10.530668759633349
55	11.20877885571562
56	12.522576355427061
57	10.74430247941233
58	10.65592806324712
59	11.689225719417058
60	13.248296379736265
61	9.864874777501973
62	11.788269222320325
63	10.392693110792841
64	12.325918750662822
65	13.392990804400705
66	11.889227675983664
67	12.793050328337765
68	13.236522434684538
69	11.474043920629562
70	10.668944235766089
71	10.761966239272443
72	14.77658277252942
73	12.424960218665655
74	12.167893565694753
75	12.211041420734837
76	12.211552555504872
77	12.524813975288103
78	11.017752497944029
79	13.689211840950884
80	12.370638543781224
81	11.984239290900101
82	12.209598142411359
83	11.134589853186089
84	13.457909403314781
85	12.00033810996899
86	11.336877182815442
87	11.687759841518597
88	12.044335428819759
89	12.678646782531287
90	12.415162137070638
91	12.074035958921549
92	13.072279541594165
93	11.150047293355993
94	11.657065693001035
95	12.683005514806913
96	12.745023296320385
97	13.032758903569386
98	10.12455917056538
99	12.274582620325628
100	13.451900854782556
101	12.380952038250557
102	10.356098784288825
103	11.614952742574031
104	11.943487289028416
105	11.836435476760016
106	12.660888711517327
107	12.04939407449527
108	10.989344238912883
109	11.22739261021231
110	11.337933413316797
111	10.984657475622292
112	11.536334718598352
113	13.191228675130333
114	11.82154048929752
115	11.595710761400065
116	12.263605659457971
117	11.195971046598666
118	11.890001478871273
119	12.230400475136076
120	12.46031604237145
121	11.515518159120498
122	11.989236994431675
123	11.973594339634694
124	10.608756289871376
125	10.841745465859276
126	13.922120747630252
127	11.342674048254898
128	11.514505966589654
129	12.389055491131902
130	13.05012545427329
131	11.709530227255765
132	11.510070426210794
133	15.398966155670461
134	12.62822937083256
135	11.84163891294364
136	13.091610862627325
137	11.64701419906225
138	12.852661737544016
139	11.646660566220817
140	12.542576141443403
141	13.252721150542909
142	12.813045719295836
143	13.277440880637732
144	12.639101894097015
145	11.82886050421156
146	13.449053986988778
147	11.939025243261616
148	12.211943950084137
149	12.065996031631949
150	12.6256811420648
151	12.43127900173346
152	12.889497147859185
153	11.3600172042586
154	11.194400535863158
155	12.157508066327864
156	11.406109137171082
157	11.870161569603951
158	14.0862807477805
159	13.159718336903575
160	11.741218422854041
161	11.79696469649103
162	13.37279673219382
163	10.639889210513793
164	11.363069511596404
165	12.932082877262728
166	11.837854823969623
167	12.480390708686578
168	13.239572873328784
169	12.232607873013304
170	13.931449822580602
171	12.039038897396651
172	14.648408624971815
173	13.249062302428435
174	11.551400422982686
175	11.22875014154939
176	12.465094203407352
177	11.31329164642666
178	11.370325836559156
179	11.660697064955322
180	12.173664822572997
181	10.920305276444802
182	12.778846049278547
183	11.291444341006676
184	11.966397162359769
185	12.025895111932186
186	12.660286916422288
187	12.506218842507224
188	12.949449510496509
189	9.25755072151272
190	11.513878905245898
191	12.587384660209258
192	11.735597118543494
193	12.119908339385196
194	10.80399794238474
195	11.961045845108696
196	11.429826473171124
197	13.200399341625161
198	11.641374775472345
199	10.048041093313563
200	13.302086032871253
201	11.949852904265175
202	12.627217618567075
203	10.711800043992255
204	11.650128529076028
205	12.915670808844013
206	11.122215816645621
207	11.882180646025517
208	12.550931114531219
209	12.43233910332589
210	12.812625404858409
211	11.282576433815327
212	12.828470325789912
213	12.33689795589519
214	10.891572731983615
215	11.925486527588717
216	12.107721623853044
217	12.848501522553436
218	10.677528602198244
219	11.5335236815596
220	12.936804536239444
221	12.467841927256814
222	12.813114778907304
223	13.283618024432844
224	11.100542900951647
225	11.708393820250587
226	12.233129316144186
227	11.96016270001596
228	11.609313126117922
229	11.471843170851935
230	12.534513183368329
231	11.761898021188973
232	12.917309010546887
233	11.811849650525255
234	11.914697143716953
235	11.979330385404173
236	13.241280330200729
237	12.718462822903945
238	11.97456727376058
239	14.107841829483336
240	11.994855856273789
241	10.87625172542059
242	10.876479185941907
243	12.241637451804708
244	12.924240722553805
245	11.86966670730016
246	13.411079689204294
247	10.240500742165604
248	12.30982018272542
249	11.320175313508326
250	13.015678154954609
251	13.717310965635503
252	10.75191816579712
253	13.291556701506995
254	13.604009665267464
255	12.318388727807664
256	12.223784274766027
257	12.330682140173545
258	11.944799094474133
259	12.119521388593663
260	11.749199795947508
261	12.32850267770118
262	11.87975967027824
263	12.642053454498333
264	12.17726590013957
265	12.206242044355763
266	11.752553262424449
267	11.305545790260242
268	10.781935087279539
269	11.390633378443974
270	11.185311331266227
271	11.9784446474188
272	11.81767870160859
273	11.390144005431052
274	11.459013143920552
275	14.23865264198523
276	10.311422332215589
277	12.318394583372124
278	13.031831176667206
279	11.688589355010967
280	12.735751182541813
281	11.83290281562811
282	11.2306829085137
283	12.509236100294013
284	10.319583524248932
285	13.298452267539687
286	12.189776299283436
287	10.547564694638519
288	12.250245827845841
289	12.218140962833422
290	11.549391380209407
291	12.797104296023937
292	11.830439282650506
293	13.023411120061064
294	11.659158756912802
295	11.060237564047565
296	12.37630523246049
297	12.601702740539622
298	11.832415483785942
299	11.982364271642707
300	13.149624126774725
301	12.517454950138927
302	13.290403128666803
303	11.760658493484371
304	12.45697769089505
305	12.073519097088138
306	12.760203399930365
307	12.39293839690453
308	11.05195998889627
309	8.98908614101263
310	12.521118238772033
311	12.903112014086219
312	13.135842834032761
313	11.230047479242785
314	12.153393983222486
315	12.349379567140916
316	11.320693071246541
317	11.804653271641582
318	11.471578203052665
319	12.189298861900655
320	12.434028476017135
321	11.288964677317482
322	10.881592051225502
323	12.78015815588636
324	11.360910019557924
325	12.410023601409048
326	11.050042424256736
327	11.755843980089898
328	11.100057265569506
329	12.692409215582302
330	12.15605963092336
331	10.906002783507574
332	10.843865984335185
333	11.26397781351047
334	11.944164433222099
335	10.971744347116328
336	12.31107167651256
337	11.89829961249372
338	12.769863124778253
339	12.044264663920714
340	11.596385612364394
341	13.83621705110892
342	11.588136797387657
343	11.9224775716388
344	12.08588670764778
345	13.13960493147994
346	12.686110937866571
347	12.471809132096082
348	12.801070195317152
349	10.512050243393917
350	11.552714808747018
351	13.929672113424875
352	10.859824079961982
353	12.24296819946214
354	13.571920672967584
355	13.004045120471766
356	10.499754539664046
357	13.557761024159845
358	13.769546206060332
359	10.37972791827633
360	11.88021112901893
361	12.962994830254466
362	11.548083517426372
363	12.108062925343845
364	13.617878125915013
365	11.980301976662927
366	12.150804290691546
367	11.360797644086862
368	12.52550179791171
369	11.881593229467981
370	10.474120048285112
371	10.270057808893034
372	12.189630809148936
373	12.351942266082355
374	13.466044054514592
375	12.056420430428934
376	12.132315713767808
377	12.131668334302958
378	14.30018182831312
379	12.727137417901996
380	12.61949339954299
381	12.16225839885495
382	12.33131382116075
383	11.295741289147621
384	11.665514653215023
385	12.75481741171825
386	11.893124165622794
387	11.132174774992745
388	11.81221408498029
389	13.256522798726413
390	12.720824906435471
391	12.142044200665703
392	11.59672353755045
393	11.619359402240278
394	12.866153347524232
395	11.858134134235021
396	11.566950187149425
397	13.254959857593349
398	11.943989939264915
399	11.646931858432557
400	11.551707729990504
401	12.308439826394897
402	12.238624697217942
403	11.42450103871566
404	12.378839384337576
405	11.736476508175837
406	13.214466581047695
407	11.626462669437387
408	13.04642418740162
409	12.885388623381285
410	11.517750865711909
411	10.989752468812625
412	12.773361137716122
413	10.75700099206138
414	11.004379690536197
415	11.034404445375825
416	12.018089219107337
417	12.565737002959045
418	12.371418410451787
419	11.536263117637565
420	12.593339007013128
421	12.650386402148287
422	13.138185893486176
423	12.386645414539897
424	11.66305162323018
425	12.139979777374753
426	11.206952815665217
427	12.409709184228198
428	12.639847437703533
429	12.883783044909839
430	12.263457341426207
431	11.703350159314661
432	10.454006627346022
433	11.609314065305322
434	10.151115429809714
435	12.134728964961445
436	12.953457503698617
437	12.947520735655697
438	12.50177365316173
439	12.852821845090544
440	12.575391402808377
441	12.067737803617396
442	13.023974460908876
443	14.145485141386633
444	11.967901832817006
445	13.231820150637455
446	12.376706497991108
447	12.69383378570395
448	12.799511894467287
449	11.542044015391083
450	13.252074677955049
451	10.296741497018264
452	11.622014299797316
453	11.181998596153624
454	10.863631282092278
455	11.868759858998766
456	11.38619083863349
457	11.190048578397837
458	12.444676932953298
459	13.314448081048129
460	12.325691291827493
461	10.826588325889762
462	12.162036075305272
463	11.236153605027573
464	12.865037411138857
465	13.2158202000428
466	11.810225698200936
467	12.305771956988234
468	14.771278921529301
469	12.450308535180133
470	12.446655234134393
471	9.105018804913852
472	11.398779960894899
473	10.299124637828625
474	12.561063681212861
475	10.36594804832878
476	12.460861505193048
477	13.199110969622982
478	11.969559482583593
479	11.870975820236103
480	12.720029183292354
481	10.972846258836356
482	11.56298211917636
483	11.487524294893955
484	12.081203152564779
485	11.281846744205762
486	11.932355604920303
487	11.577310184464103
488	12.198217316406954
489	13.19932003284921
490	12.3904585050789
491	12.93142319169073
492	12.500976648834897
493	11.907936694666407
494	11.679958738697582
495	11.00995528583169
496	13.380774988739107
497	11.30622183886347
498	11.836485874828213
499	12.11475739256246
500	12.410552636484764
501	9.485886199215892
502	12.583252943375285
503	11.254636007158465
504	12.508936695151284
505	12.15339428260793
506	12.49446774288834
507	12.046746721314063
508	12.118287888107632
509	13.59655527227783
510	11.327330727890107
511	11.632124177396085
512	12.592988762446277
513	11.905534009686866
514	11.173775702035831
515	12.47061519506332
516	12.7411134168866
517	12.482998916881535
518	10.829486083628144
519	13.349094449603202
520	13.027043646462161
521	13.444148832365709
522	11.766616695740199
523	12.293819181380968
524	13.553221361071337
525	12.911922451957556
526	13.438472972390064
527	12.60211721727453
528	10.458021146560053
529	11.915516991266049
530	11.885630317406891
531	11.94141036060284
532	12.07144553673182
533	12.553957484170413
534	12.867248752862603
535	11.777492471817162
536	12.035239376101849
537	11.629870293355038
538	11.983455443277087
539	12.08842389957324
540	11.359459325242575
541	12.50871213553806
542	12.213147221365944
543	10.939051355870271
544	12.33891527895217
545	11.618681150386692
546	12.43127842640873
547	13.09716373505847
548	13.007955483313149
549	13.056278195010965
550	12.334354641670533
551	12.132032539520878
552	13.731772002526737
553	12.178362827692181
554	13.163888129971879
555	11.907434871555061
556	12.347866643870507
557	12.154911615312672
558	12.249756717127942
559	12.077390563486713
560	11.167984498263305
561	11.31032795525555
562	12.062072818532275
563	11.620289301333417
564	12.032952768744012
565	12.94300010354534
566	12.673858633279451
567	13.517536059521566
568	11.183084680524189
569	11.636527496353281
570	12.223950505120834
571	13.254638335587265
572	11.868571312787632
573	12.835695287133355
574	13.333656946764044
575	12.341385573116131
576	10.664516335310138
577	13.578030288208364
578	12.638275720377418
579	13.331580638109395
580	13.150038273632527
581	11.97888826780642
582	12.17430219518988
583	11.35521775061953
584	10.904497615476139
585	10.755601562797496
586	12.486867706790301
587	13.362180903647095
588	11.756754996968084
589	13.782001708173388
590	12.264305702368306
591	12.188326252702003
592	13.093622343071425
593	11.697455031476267
594	12.875459632142642
595	11.771825851073178
596	12.520271915684292
597	11.52828711514303
598	10.492778301576005
599	11.726991001973287
600	11.22006188310479
601	12.073750153048895
602	12.838139271800173
603	13.834224739022003
604	13.731910474365577
605	11.56465996184852
606	12.56963119572201
607	11.83252994382201
608	13.218637569108978
609	11.059163125561705
610	12.993319719782448
611	12.280999309625864
612	12.422175382908721
613	12.278872970552626
614	11.568948830110738
615	11.138742432390616
616	11.228717968566343
617	12.6456426995629
618	12.400398423856435
619	11.947824464955678
620	12.445712054335413
621	9.93936121984152
622	10.795727753551633
623	10.69328719963752
624	13.048690497031203
625	13.417013861389611
626	13.109444949552058
627	11.668171099593481
628	10.626967440048853
629	11.064768723445013
630	12.448447155125905
631	12.04139036690079
632	11.390056901339753
633	11.469434834282804
634	13.172004548092705
635	11.41759749595561
636	11.704787011713693
637	13.171510261154491
638	11.358800976737662
639	12.474446039571195
640	11.693685975679925
641	12.015262520824628
642	11.328065296997213
643	13.332416368758699
644	13.114913052185843
645	11.199668792136624
646	11.055231194862904
647	12.64855133544188
648	12.662639504328936
649	12.717077095711526
650	11.880982351809507
651	11.921084560929254
652	12.02555305077906
653	11.95274672768331
654	14.342248318087183
655	12.134872010668914
656	12.583472325129582
657	11.30781907984951
658	12.311512833252587
659	12.76125097471674
660	11.1712702048632
661	12.669966546390372
662	13.406620232947171
663	13.75399668322041
664	11.610444916586857
665	12.670492751102966
666	12.276684772879394
667	11.602070610052369
668	12.011578737358239
669	11.573034594594704
670	12.358410686594047
671	13.278832455509638
672	10.948068764662883
673	11.217246648994454
674	13.683763307860188
675	11.83645403613802
676	11.058894932030164
677	12.455034842880975
678	13.620865581833641
679	11.792634249679864
680	12.408755531573357
681	11.74854673804657
682	11.167982487195072
683	11.935828470098343
684	11.802352292551499
685	12.02360430407994
686	12.269099500542506
687	11.261263778693753
688	13.08875548168672
689	12.93362856794764
690	13.382747264486776
691	11.325464324928666
692	12.107989646974602
693	11.501024668628816
694	11.586437024717899
695	11.351786985858343
696	12.172099811779132
697	13.299159396951186
698	11.655137564260734
699	11.398801084025763
700	13.607505627389235
701	12.53519260865869
702	10.466643784904765
703	10.989471993938787
704	11.145862035314373
705	13.605615453805687
706	11.769618788718203
707	10.48294874471685
708	12.393327264785988
709	13.017795958202138
710	11.906489014701666
711	11.916375868114349
712	10.714932909330216
713	12.520033911812458
714	11.496236107908771
715	13.044774262172202
716	12.106440384268353
717	11.534582337888423
718	10.888142464467538
719	12.429197416859953
720	12.826999710682271
721	12.168817475698889
722	14.226503205607118
723	13.376506534542257
724	11.34629502732647
725	12.14788268480793
726	10.709151722620138
727	12.634789333453712
728	12.14513975378833
729	13.638422666976805
730	12.399795461851172
731	12.473723598444069
732	13.254300753596578
733	11.24961267603517
734	12.135523033881327
735	11.737501866886825
736	12.094715504914832
737	13.28100793673002
738	11.920962323420682
739	11.66295516514947
740	12.26358265679252
741	12.766813601721482
742	11.664809938177074
743	11.67024512106501
744	11.048725915268907
745	12.227098594824955
746	12.563965386903146
747	12.87945766431781
748	11.939821370066174
749	12.961584155835832
750	12.198992632692406
751	11.638348516671135
752	11.533224286595619
753	12.200300070419907
754	11.142856987723563
755	10.763989025644738
756	14.538101497713276
757	11.871890527351448
758	12.107613099253891
759	11.418995641065218
760	12.98120658016555
761	14.695327585275907
762	9.461598484490727
763	12.97794052331301
764	12.177773175112504
765	12.318118909423132
766	12.512997605585648
767	12.63223124864356
768	11.955029709774646
769	12.506179999310657
770	12.50407849552132
771	13.456686930040208
772	11.98537910660693
773	12.06869959559005
774	12.557386711079051
775	11.396247984973403
776	10.87364430281741
777	11.61243797168852
778	13.021212803893528
779	12.445183293555953
780	12.115697875552412
781	11.446283450842285
782	12.489706549939001
783	12.307561854395317
784	12.517197554547844
785	13.048545569552862
786	11.344382623895608
787	13.087983835876608
788	11.829014367410256
789	12.36859463552286
790	13.068176750742937
791	12.15053412805511
792	11.854243410187923
793	10.5207671142163
794	13.111756064972186
795	11.541921193082818
796	12.426406420957806
797	11.801235321869045
798	12.47486665444288
799	11.470967001251497
800	13.399300244733846
801	11.971199167796168
802	11.80394128562706
803	12.411116005474469
804	12.316101221646102
805	12.442734782510282
806	12.893627930461662
807	11.338868414930767
808	11.492881664307788
809	12.800049588925587
810	12.530677337320176
811	12.692334703274135
812	9.435703682208745
813	12.02261386941554
814	11.822423544007025
815	12.538117936540706
816	12.877217749008976
817	13.669559760758421
818	14.722364391438367
819	11.237195364103952
820	12.656419717170397
821	13.968753943636425
822	10.216628629947081
823	11.295324459861687
824	11.083481250062544
825	9.626017416619858
826	12.043769964230401
827	11.253253588391663
828	12.865342963652578
829	14.130222585254714
830	12.564742731662202
831	13.094287900587501
832	12.243912351515258
833	12.44162685406239
834	13.266869007749483
835	13.023369282574599
836	11.88977406580913
837	11.23653216625514
838	10.797304232488386
839	13.408120455444857
840	11.774708846222243
841	12.188326318214154
842	11.834860922230291
843	13.72514182519858
844	12.307987908250652
845	11.328674562183247
846	13.592543210252188
847	11.857151084480574
848	11.483414335045381
849	11.700430880567486
850	13.121252922341228
851	11.160832659489152
852	11.754904922827876
853	10.841555326253001
854	12.695497188918914
855	11.285925119364402
856	13.525499194006747
857	10.799226113582133
858	11.29016913849559
859	12.79460079937637
860	12.41585828504079
861	11.961655425553909
862	12.684234058590267
863	11.700808729976416
864	12.86648380428087
865	13.669466383231338
866	12.119381645029145
867	12.745365232874809
868	11.184510289669001
869	12.924977633204046
870	12.711749581314507
871	13.469337225240782
872	11.29406908551643
873	10.948184656687891
874	12.502829067656421
875	12.022565512640949
876	11.925994573935421
877	11.134928388491971
878	12.198707490693778
879	10.790030926840542
880	12.429658971618794
881	10.911289892422868
882	11.2071359212617
883	12.166620547541477
884	11.653154018048857
885	11.512262514804856
886	14.251086590724299
887	11.166056172479124
888	11.847300019257911
889	13.965245541589823
890	12.555647961782395
891	13.246548778859765
892	12.252740392403211
893	13.416358596729115
894	12.035338083110261
895	12.440916872189735
896	11.6629342251615
897	13.91821687895124
898	12.679344034807096
899	12.582667121794657
900	12.89414536239226
901	12.5624404101963
902	11.544738533572577
903	11.993683151191693
904	10.467733702423478
905	11.26911645266693
906	12.657017116101501
907	12.165201854077168
908	11.243138289719354
909	12.089245536946692
910	11.106485372378856
911	11.305353024567012
912	12.82183465383423
913	13.182861107174263
914	12.820991814105462
915	11.325138596544877
916	11.564993586247404
917	12.53845153840181
918	12.130218715150841
919	12.16402675264515
920	10.915477114872457
921	13.052378649003805
922	12.17792024424125
923	12.819210615002222
924	12.731386036854902
925	10.631077429037154
926	11.42532468956555
927	13.907022201374991
928	11.74337423672709
929	12.88155573383905
930	11.953120200700747
931	11.132470361198541
932	10.996993733533216
933	12.149302692415434
934	11.90047960263993
935	12.228070994552885
936	12.479585956963193
937	11.251672666772114
938	13.498894682927657
939	13.018413730066918
940	11.721637318063586
941	11.679787751808762
942	11.841798231564463
943	11.818719600778422
944	12.957770979090128
945	12.2111340486949
946	13.830094396439382
947	11.691823890104258
948	11.575328510799444
949	12.242416823066637
950	12.709454527177149
951	11.930223273981193
952	11.70773454365769
953	12.798667707235404
954	12.786648175388109
955	12.470763780010332
956	12.484474802486753
957	10.035997396412617
958	11.927683821599068
959	10.28243153004907
960	12.364438511664048
961	13.456221455028281
962	12.511645772164533
963	11.53776675949921
964	12.880793800999527
965	11.334923561487813
966	12.424943401589102
967	11.303372855669998
968	11.709520527049898
969	11.978560660005314
970	12.938270800133559
971	10.959134915833483
972	11.66248635656666
973	12.439297071779551
974	13.145586389983073
975	11.692885853825137
976	11.799156945818105
977	13.133399287363448
978	11.959904464504993
979	10.549026595989874
980	12.921602271303223
981	12.739878706072215
982	12.453990501328372
983	12.492354275938986
984	12.239712141872257
985	12.745729139108482
986	12.03119138791711
987	12.44807737529627
988	12.538299880147232
989	12.406574093736708
990	11.078057407052256
991	11.70837693280555
992	14.183391386500766
993	11.570384124560709
994	12.916752166896392
995	11.674267278596139
996	11.987186721817125
997	11.674601471167989
998	13.676514559473349
999	10.680130433262093
1000	12.114510914255137
1001	13.804750312443097
1002	11.956795356837102
1003	13.440316549726829
1004	10.942498593218625
1005	11.484390503897885
1006	12.901885306958675
1007	9.768141334876418
1008	11.844667548985363
1009	13.155969073874681
1010	10.800312033034666
1011	11.275313385568248
1012	12.60152296904091
1013	12.585314343402084
1014	11.793097949353978
1015	11.574963752791518
1016	11.726873284031171
1017	12.007487114173946
1018	12.572671805812409
1019	12.435785620454373
1020	11.213127036795154
1021	11.61097938857426
1022	12.027528928980852
1023	12.002200151125349
1024	11.971262194177447
1025	11.845608287602468
1026	11.223740609608488
1027	12.447460782418672
1028	10.934242170928822
1029	12.429267811411549
1030	12.435891715538068
1031	12.198442376728053
1032	13.349390849337215
1033	12.793217775087966
1034	12.447127517472836
1035	10.836217843283
1036	13.336439739749768
1037	11.789797738222184
1038	12.250365408543017
1039	12.272513967244707
1040	12.330924651755664
1041	12.711839688854525
1042	12.804715666066235
1043	10.373530327808112
1044	11.029013699664654
1045	11.441842641856056
1046	10.827461403377097
1047	12.885107291587206
1048	11.685744395595975
1049	12.214794865922041
1050	13.697904368574243
1051	13.753804539628327
1052	13.546516584318683
1053	11.126460510820229
1054	12.651869902742051
1055	12.10375547823841
1056	11.871429193532094
1057	11.2141070127125
1058	12.348641464272514
1059	13.9265412192132
1060	13.127472891870033
1061	11.817524389488002
1062	11.806845228282597
1063	12.787518562233474
1064	12.16068510429468
1065	12.938210875860282
1066	13.101692745029661
1067	13.258603406064635
1068	12.75830668094568
1069	11.190313666069414
1070	12.42343347524071
1071	11.936158264133459
1072	12.025304924314602
1073	11.6887389316024
1074	11.526985551632771
1075	12.00906312831406
1076	12.581861366854152
1077	12.163927723079299
1078	12.496498853931653
1079	11.86392416016731
1080	13.73672712024894
1081	12.566063035075786
1082	10.534270387107972
1083	13.046066610393328
1084	14.155213356743424
1085	12.91197803578581
1086	11.716154440946411
1087	12.221062658655379
1088	13.015633603534662
1089	12.656151274073636
1090	12.079578569576066
1091	11.502503614852447
1092	11.240694217505338
1093	13.10889393900489
1094	11.110908802545799
1095	11.82718430765216
1096	12.118997399024666
1097	11.14877901928356
1098	12.258933717141016
1099	11.689166746476827
1100	13.11608304774431
1101	11.761092431645727
1102	11.85553356203908
1103	10.401939170685148
1104	13.58290854153562
1105	12.494678776098967
1106	11.341582499023888
1107	12.45966923268279
1108	12.894789190530512
1109	10.79234890626086
1110	11.410242169700643
1111	11.826940498237187
1112	13.41774257634663
1113	9.806674027161318
1114	12.40766035625711
1115	12.170273723265078
1116	12.041004389859154
1117	12.799279909732793
1118	13.508300393662084
1119	11.736318801694628
1120	12.543942963743271
1121	11.762895374178985
1122	12.647426069929713
1123	13.082402040064334
1124	11.75019194832116
1125	10.668862846202682
1126	12.054675798863173
1127	12.085903551836964
1128	13.09225361319425
1129	11.539192286368538
1130	11.930332435294986
1131	12.61624907526291
1132	13.509282632307572
1133	11.84682751044498
1134	12.537239703107625
1135	12.201815901130127
1136	12.190665157046169
1137	12.138891198497731
1138	11.957770273988983
1139	11.709281652362552
1140	11.19032084094188
1141	12.038723463906596
1142	11.767935757437954
1143	11.25337833684477
1144	11.96398970383286
1145	12.281485363582355
1146	10.94572749269322
1147	12.412925528929918
1148	12.07581703216281
1149	12.315493225229575
1150	12.298026912486725
1151	11.557910563104087
1152	12.78800000769552
1153	13.034640640810332
1154	11.961709734932002
1155	11.196909740070502
1156	11.454183811380062
1157	11.559432367561385
1158	12.909566537546063
1159	10.895103070264062
1160	12.107662700025164
1161	11.909686291752303
1162	12.009748548125138
1163	12.609233337989146
1164	13.261805893879178
1165	12.742690794707823
1166	12.040745043386282
1167	12.44886491638941
1168	12.529036101872885
1169	11.393683679275759
1170	12.149627185155017
1171	11.43470010147818
1172	10.559116008493152
1173	10.548838970096162
1174	11.296023394740015
1175	11.285563342415522
1176	11.19640525537269
1177	11.712087888903916
1178	12.007340699017126
1179	12.073355697919256
1180	13.092555852141231
1181	10.427240987065792
1182	12.432279194705188
1183	11.983131351598006
1184	12.757138651881466
1185	12.472027867343664
1186	11.573764676987397
1187	11.115733446033959
1188	11.492047261844467
1189	13.291043265926419
1190	11.601617309604384
1191	13.343337150315554
1192	11.335597014323307
1193	11.395818027788428
1194	10.953002267794329
1195	12.416237531721386
1196	12.395233599863866
1197	12.049513186677359
1198	13.494672117677206
1199	13.353333964735564
1200	12.24556663500754
1201	11.501838010561187
1202	11.655339479038958
1203	11.107018278204594
1204	12.342909001183278
1205	11.305288550583645
1206	11.537655327320946
1207	12.035692519712029
1208	12.353009240413085
1209	12.371370781542888
1210	11.771465038712105
1211	12.059459111338262
1212	12.782727374276146
1213	11.677323006784484
1214	14.076300786998631
1215	11.467435445112642
1216	11.609316544712431
1217	11.844313885955335
1218	13.204991278048881
1219	11.817678569612326
1220	12.314128550357141
1221	13.073185187114145
1222	14.57012061069448
1223	11.830482977136088
1224	13.312460982491476
1225	10.839215380977839
1226	12.228547210397664
1227	12.494039385719224
1228	13.435318253538572
1229	12.333605223760843
1230	12.609324606998902
1231	11.954464509913867
1232	11.657398381314817
1233	12.511311528748289
1234	12.363200764088626
1235	11.92718418813456
1236	12.352673414388093
1237	12.103463729433273
1238	12.29330407500405
1239	12.858150853998572
1240	11.566430894444542
1241	13.274564734183844
1242	11.491770816472126
1243	11.75015912369687
1244	12.019357333425432
1245	11.906963045350635
1246	12.647749567520805
1247	11.80274088899605
1248	13.425179843710234
1249	12.862248125420592
1250	12.596663191766394
1251	12.424092663948734
1252	11.436536854584975
1253	12.924426338072085
1254	11.578884751455357
1255	11.317680594315263
1256	12.304755873035173
1257	11.63134176818654
1258	10.983631615410559
1259	11.757660690906711
1260	12.112116533971857
1261	11.127556414704706
1262	12.337320816902709
1263	12.075319967502239
1264	13.273258370312828
1265	12.657076295285316
1266	12.308753910416272
1267	12.647940580994174
1268	12.679802083526738
1269	13.87106984220251
1270	12.718935176819706
1271	11.762550694279044
1272	11.111852430146731
1273	12.826926363662126
1274	11.342486167624592
1275	11.948176178072268
1276	12.648288489018645
1277	13.121844339848462
1278	11.427412706339965
1279	11.390723470210409
1280	11.897280213854241
1281	11.916918011404396
1282	11.751627694800376
1283	11.3059352510795
1284	12.566943601913456
1285	12.485134460514278
1286	11.410950238388535
1287	11.980696140151275
1288	11.450157531304285
1289	12.756379775031327
1290	11.53266823597986
1291	12.916885777143762
1292	12.307945652266167
1293	11.84344881404048
1294	12.306141691892186
1295	11.656244385851702
1296	10.811359116846385
1297	11.179792619519867
1298	12.643451307451835
1299	11.653693906794716
1300	13.537461119471118
1301	12.739459898910441
1302	11.98249985391329
1303	11.768022248810478
1304	11.861269517191907
1305	12.6428112019337
1306	12.861629959807033
1307	13.233075431536417
1308	11.453071686105154
1309	11.865756748700127
1310	11.845785238628235
1311	12.649822239098805
1312	12.22930381129263
1313	12.687495831146158
1314	12.88783420733144
1315	12.016115270344363
1316	12.065648585314984
1317	12.071063460351002
1318	11.408121099103786
1319	12.320268463382186
1320	12.825969450162066
1321	12.156860447298227
1322	11.042625259114978
1323	13.11988245269326
1324	13.149039445724338
1325	11.431946441624314
1326	11.10116738401463
1327	12.547252807868919
1328	14.385017621537877
1329	11.624861163418053
1330	13.950916828610934
1331	10.513998424919743
1332	11.601653627250926
1333	14.175625174539164
1334	14.100501460954547
1335	11.779691383587197
1336	12.095793289632317
1337	12.081587893793497
1338	11.631513251292441
1339	12.703972559327006
1340	13.51578549866875
1341	13.302376029325057
1342	11.952800693392584
1343	10.99052391695575
1344	12.830221509359575
1345	12.56487432952039
1346	13.834322967992067
1347	13.421701121635529
1348	12.573849043181246
1349	12.220324125234038
1350	12.071987870480651
1351	11.172503606787089
1352	12.602643202704547
1353	12.845567141950596
1354	11.82150348115605
1355	11.608550816386318
1356	11.575733184604905
1357	10.336728696620254
1358	12.476278416562959
1359	12.70422680515589
1360	11.458844633268503
1361	12.021396030490804
1362	11.781814757363733
1363	11.654905505447338
1364	12.056631459043391
1365	12.081391638061032
1366	10.666146382489908
1367	13.5361938473876
1368	11.890961024375564
1369	13.51972389839251
1370	13.271431348146871
1371	12.61025302592665
1372	12.787067389348522
1373	12.34460694632099
1374	13.384507483834485
1375	13.0275404218673
1376	12.439461813782275
1377	11.472652991944603
1378	12.304858042047162
1379	11.954646360239407
1380	12.425386608010157
1381	16.157691668719053
1382	11.105016941548369
1383	11.908157383759871
1384	13.019493865499195
1385	12.763213321372556
1386	12.260245474559875
1387	11.601251085458154
1388	12.613416525457675
1389	14.050475452875252
1390	12.389827049281891
1391	11.890691504104655
1392	11.141007175792765
1393	11.534567182311244
1394	12.67557037937896
1395	12.75626168501241
1396	11.900836961378378
1397	10.460001093967419
1398	12.259185639132435
1399	10.996969568249941
1400	11.08165363461012
1401	11.196908344432492
1402	11.769700383068994
1403	12.929735376141393
1404	10.66411958328293
1405	12.615295527660887
1406	12.036685893491198
1407	11.458403126485646
1408	12.043816043862275
1409	11.904451596835214
1410	13.117072027041822
1411	11.883122111733359
1412	13.867982313694323
1413	11.655032823338052
1414	12.522498709023543
1415	13.481676486365142
1416	12.194494865237115
1417	12.843850897306478
1418	12.887049813118454
1419	12.346486334165093
1420	14.233699134900235
1421	13.18046990377156
1422	12.045213141553436
1423	11.686522973634835
1424	11.041027965683801
1425	11.161047467251773
1426	12.657886002836417
1427	12.469441580737476
1428	11.339788172549257
1429	10.699272813547092
1430	12.529193020736178
1431	12.756937136898548
1432	12.24873947322538
1433	12.36742734646153
1434	10.91274050258867
1435	11.653860661766625
1436	12.292932632175507
1437	12.94201913293959
1438	11.961906795273535
1439	13.106271853408543
1440	12.831420657758523
1441	13.98325947539329
1442	11.534715605274725
1443	11.460987853575498
1444	12.040216596825049
1445	13.198618397050138
1446	12.535518265472582
1447	11.635765354226654
1448	11.004805097395243
1449	13.19501450253973
1450	12.204402370062391
1451	11.539244991858773
1452	13.171654164136964
1453	10.564840524302175
1454	11.564884291746205
1455	10.663545986197683
1456	13.893434995583569
1457	12.232192130166698
1458	11.765158390540531
1459	11.737496296987283
1460	11.982293069450956
1461	12.707824725101496
1462	12.266833231692933
1463	11.129606352420524
1464	12.153492343174294
1465	13.102321005532179
1466	11.399841319825057
1467	11.124081123435948
1468	11.51229392688921
1469	10.423481847594182
1470	11.427954593494247
1471	12.236157197728366
1472	13.18115003613962
1473	12.20600730401098
1474	10.42761742323637
1475	11.148606743475067
1476	12.35281257655006
1477	11.679697098814088
1478	13.138161216427882
1479	12.814792945472247
1480	13.723561855487059
1481	11.73101983736119
1482	11.707920271224188
1483	12.160038976056967
1484	11.422093606854398
1485	11.985584218468931
1486	11.931103563196409
1487	11.817054291669693
1488	11.823709986106094
1489	12.603362783634415
1490	12.395363603197481
1491	12.441521284674915
1492	13.585234837166759
1493	11.985989003603418
1494	10.010317024076357
1495	11.969396158299574
1496	12.288193959630384
1497	11.017106790541826
1498	12.712708555040882
1499	11.338716489030048
1500	13.34652582006917
1501	11.88815586551209
1502	12.019935700711077
1503	9.826224253690313
1504	12.914710233919322
1505	11.587038005331394
1506	12.88817194857568
1507	12.62674679838614
1508	12.811738767583543
1509	12.358514193603769
1510	12.514754389940451
1511	12.00971565553758
1512	12.094710970576852
1513	12.515213385386312
1514	13.547387615322979
1515	11.917925723681778
1516	15.312529058661312
1517	11.043675489307914
1518	12.436204784558397
1519	11.084519283019471
1520	11.984989789918203
1521	11.78840203358171
1522	12.013870418556811
1523	12.234854033096108
1524	12.437973441644793
1525	12.720642859198373
1526	13.09302762335238
1527	12.783096330892295
1528	12.717470950811453
1529	11.83487897457812
1530	11.806939329965697
1531	12.14534815074876
1532	11.994293396240101
1533	13.302649789883208
1534	13.609964507709568
1535	11.370403478290731
1536	12.924735661992734
1537	12.788050942310992
1538	10.984365611199543
1539	10.983238732146743
1540	10.239718019915745
1541	12.46348318886333
1542	11.729493066784926
1543	12.635699177558612
1544	12.716309526207624
1545	12.90922886323339
1546	14.103093791725662
1547	13.031326548186675
1548	11.050736716166805
1549	12.251491502470648
1550	11.808023636160856
1551	12.396934449752985
1552	13.613457293848374
1553	11.60785506574599
1554	10.9472514907627
1555	10.270514952854931
1556	12.167422735175395
1557	12.462535595251246
1558	12.685261426197195
1559	11.479725584378079
1560	11.832105922343379
1561	11.857916781021391
1562	11.056502630002797
1563	11.898220690446632
1564	12.799976069819726
1565	13.389432087359536
1566	12.819934173688209
1567	11.325612961099697
1568	12.463163236375241
1569	11.602672533590741
1570	12.39163885784025
1571	11.518737613931686
1572	12.17909683944327
1573	11.287917781187305
1574	12.702669068453057
1575	12.048294483101927
1576	11.669044148225415
1577	12.915661105450809
1578	14.342803336110794
1579	11.74588853042488
1580	11.347448692812273
1581	12.1479336295915
1582	14.492172144462044
1583	13.042584516043807
1584	10.967901810450712
1585	10.51135648247462
1586	13.350877939395353
1587	11.92935923576631
1588	13.095831984421238
1589	11.537845133943483
1590	13.034116838304769
1591	11.430008582943291
1592	11.313855312465291
1593	13.047743241311982
1594	12.759404695980871
1595	13.373971936574284
1596	11.438992971981255
1597	11.852564038029717
1598	12.05131676341133
1599	10.719943871023133
1600	11.743046876147453
1601	12.292559401139927
1602	12.73359412934062
1603	11.84344836499689
1604	11.863910791530673
1605	12.451351527159568
1606	12.714101812461964
1607	13.010547772075775
1608	12.940310175973742
1609	13.365051326858204
1610	11.763414347854754
1611	13.656006174096838
1612	11.079337755069984
1613	11.546466199270938
1614	11.4594180379839
1615	10.535337462920047
1616	10.790322549222036
1617	13.446731431267994
1618	14.260226937654593
1619	12.776791832775675
1620	12.504712598469968
1621	13.308181189323982
1622	12.43084534238525
1623	12.274646228480075
1624	11.109390487098912
1625	12.290077050303807
1626	11.762719997013097
1627	13.486374514146398
1628	12.06529089786151
1629	11.76155251577375
1630	11.794092477842545
1631	12.87872070322434
1632	14.90826610245687
1633	10.965447296357404
1634	12.060792516637594
1635	12.242946678306907
1636	13.449488640297204
1637	10.967737284056577
1638	11.418453978081406
1639	12.280813797687491
1640	13.196733033938688
1641	12.90563954540024
1642	11.963165100151674
1643	13.450626839891386
1644	11.76935236598365
1645	12.831631905694183
1646	10.858671416637177
1647	11.417407519849283
1648	11.101962008071935
1649	11.829849017646417
1650	13.850996755192885
1651	11.83716098945782
1652	11.141402613484011
1653	12.25937356254352
1654	12.273585269707837
1655	13.065152664655162
1656	11.3257894023632
1657	11.387846124674459
1658	11.240613723571803
1659	12.486134338399602
1660	13.567662874702364
1661	11.423655856265931
1662	11.413025051976243
1663	11.66990747813335
1664	10.786954592049975
1665	13.675489265310507
1666	11.656388035365602
1667	12.049363738760198
1668	10.927004429046065
1669	12.88947629061107
1670	10.925126378941059
1671	13.505314495740459
1672	12.17821576172072
1673	11.258234192905505
1674	11.658322266740724
1675	11.625472206984544
1676	11.03455810144078
1677	12.941208781734868
1678	12.28001800270497
1679	12.225697914705329
1680	13.649357421478877
1681	11.972081479957394
1682	11.636592134988556
1683	11.703985321244387
1684	12.719068613666524
1685	12.12522086470521
1686	11.93418978789652
1687	14.011419216424905
1688	10.027060167055906
1689	12.31622103768556
1690	12.341011778858956
1691	13.904951383640732
1692	11.637819359629331
1693	10.509215368512308
1694	11.297503474090869
1695	12.13183725022504
1696	11.867199637568914
1697	12.016205566084514
1698	10.58453842589039
1699	12.38842239632504
1700	13.359576284963017
1701	12.547443564214822
1702	12.510200551352076
1703	11.292662317083929
1704	12.34982113515596
1705	11.397749736633463
1706	12.258590848053185
1707	11.554010572499068
1708	12.44490820466308
1709	11.635722659739919
1710	12.359882945225209
1711	12.249214024127772
1712	11.50918822861449
1713	12.82464792879764
1714	12.258188883925323
1715	12.372453460192663
1716	10.99736868207609
1717	12.204773092896424
1718	12.268044307137773
1719	12.775708708718108
1720	11.59714363481746
1721	13.24278806210698
1722	13.650259766783565
1723	12.443641146942456
1724	12.612676808817518
1725	11.665063090428399
1726	12.12973230377538
1727	11.91057744548932
1728	12.59016224074488
1729	12.36097018288759
1730	11.725837862768183
1731	12.178285658701926
1732	11.880004405567888
1733	13.23795361752654
1734	12.718495677108876
1735	10.83925003703574
1736	11.502378741541179
1737	10.95605932439988
1738	11.282994062922496
1739	12.192843354185156
1740	12.639419127386063
1741	11.590699036109626
1742	11.839754971126094
1743	10.893078526742208
1744	11.305562637325448
1745	13.032984777598177
1746	12.444674973465645
1747	12.403186750534022
1748	12.451335540670833
1749	11.555995741432222
1750	11.420441505119756
1751	11.889127193196188
1752	11.116963861015392
1753	12.523435107380566
1754	12.778465590456983
1755	14.551715737503644
1756	12.223628810899813
1757	12.021328779315809
1758	12.298050848999992
1759	13.413629485656404
1760	12.075085028101547
1761	12.128608680123257
1762	11.305674815014935
1763	13.125707742114386
1764	11.169708302089324
1765	11.812846408185104
1766	12.225459860025072
1767	12.101813179636373
1768	10.251790216081249
1769	12.769202606729232
1770	11.524969994393178
1771	10.920124737601727
1772	12.05521380923014
1773	12.314472098784197
1774	13.236615095199246
1775	12.579102166346274
1776	11.792904702298667
1777	11.18353909677481
1778	10.577843903098255
1779	13.182416086061858
1780	11.941061844275932
1781	11.776143239722366
1782	12.198992299455169
1783	12.404792733830012
1784	12.870588267135814
1785	13.400710871384945
1786	11.410163761596777
1787	11.797666062228382
1788	12.981641342133905
1789	13.888526390746442
1790	11.80366281236522
1791	12.422935185199604
1792	12.242554485658184
1793	11.98440255263787
1794	13.003244582505431
1795	11.456475274116897
1796	11.493336324459584
1797	11.846896496983911
1798	11.934539911802858
1799	11.299673032508615
1800	12.286783762095082
1801	12.152791703740755
1802	8.259205641054239
1803	11.077633106645438
1804	12.582258036204925
1805	11.434238823140427
1806	14.640930492061136
1807	12.140819918731442
1808	11.584109845125806
1809	11.468927467689635
1810	11.543090284125702
1811	13.080270474215093
1812	13.658925545295157
1813	10.058218173241537
1814	12.047618935395393
1815	10.776122269763922
1816	10.397376459956702
1817	10.898312738914367
1818	10.25478049179285
1819	14.515227142691371
1820	13.666916080569434
1821	14.140706957752506
1822	12.150771211234055
1823	12.109958426890381
1824	11.606204982517133
1825	13.330894988014139
1826	11.130423888467098
1827	12.27923894386428
1828	12.072565302277278
1829	12.973828886079396
1830	11.926040998737639
1831	10.777451391176632
1832	10.911494838497934
1833	13.556507239528443
1834	13.405483191617316
1835	12.624111207883322
1836	12.220724107464775
1837	11.660116015953701
1838	12.220361128316394
1839	11.0551326201832
1840	11.912296715994469
1841	11.451195558279075
1842	12.199763490128264
1843	11.136347204252766
1844	11.456168392462835
1845	11.533279628701214
1846	10.558941764145857
1847	13.404495401166217
1848	12.662699434834604
1849	14.107188875204884
1850	12.213823532643305
1851	12.152978174379784
1852	10.990698477843155
1853	9.979598711073203
1854	11.768886427663697
1855	11.617695156753493
1856	11.059434493149942
1857	14.338531195139513
1858	12.48307479055845
1859	11.505570901800334
1860	12.589696762506323
1861	12.654247389715765
1862	12.565794305643067
1863	12.089526587165892
1864	12.25991628629466
1865	12.610690517480382
1866	10.720166553308566
1867	11.478669403156696
1868	11.861323465071298
1869	15.57226510823793
1870	12.013967353163753
1871	12.841162187189589
1872	11.514753791633993
1873	11.626290359091193
1874	11.84218339268666
1875	12.706283379365535
1876	12.365212657833817
1877	11.337135148525704
1878	13.004265343666905
1879	13.087596525342882
1880	12.436084831142109
1881	10.175116485417155
1882	12.277840706019196
1883	12.50203601324271
1884	11.627283443081458
1885	12.009664154239
1886	12.398933813829595
1887	13.116208569003412
1888	12.859990707051475
1889	13.68190104671754
1890	12.154416982327927
1891	12.383474045316689
1892	10.3125495317635
1893	11.30611300100905
1894	12.528331894632428
1895	12.034781984468598
1896	11.539811202342836
1897	14.131985738395565
1898	12.380467373324791
1899	11.686187121383329
1900	10.674937011998347
1901	12.298836081709641
1902	11.217867698421916
1903	12.89997223849059
1904	12.765048340981593
1905	11.193302403881468
1906	13.13493025207638
1907	12.475701084530625
1908	10.878436738663973
1909	11.590096054532166
1910	13.619765719249179
1911	13.102285931345678
1912	11.089721503279483
1913	13.552021646315394
1914	11.636048761071065
1915	13.297743864920145
1916	11.940147968636746
1917	11.3622454124944
1918	13.825649011207538
1919	11.851283719966887
1920	10.74502465390556
1921	13.6025226802798
1922	12.740239299256759
1923	12.626775526344622
1924	11.484151688899146
1925	10.892365198877927
1926	11.591088733403012
1927	12.48686996726664
1928	10.944958525554588
1929	11.513929793994214
1930	11.927002887453206
1931	13.09933210951082
1932	10.936277641726303
1933	11.79002686687745
1934	10.918845557777042
1935	11.358752122556325
1936	11.380427381382711
1937	11.422735918579358
1938	10.933180979090846
1939	10.752460179268382
1940	12.647843372027733
1941	11.298329188558274
1942	12.235658812964255
1943	11.58942594327964
1944	11.167600963040497
1945	13.015553554219272
1946	11.31343626123271
1947	12.338292714577014
1948	12.34400947072872
1949	12.887095202359237
1950	11.367270823191994
1951	12.65885743187499
1952	11.893605548465901
1953	12.127895665271874
1954	11.843312552198768
1955	11.7684648263246
1956	11.940615965975061
1957	13.573279448829236
1958	10.774478498729877
1959	13.109774069227278
1960	12.294585906465848
1961	11.935393202695108
1962	11.783306708258655
1963	11.794385743339081
1964	11.981852231672606
1965	11.291636098155994
1966	11.409098715393338
1967	10.919940452520294
1968	11.735791312647052
1969	11.858709521223014
1970	12.315357116720406
1971	12.428402193356305
1972	13.196589591072147
1973	9.344797293750162
1974	10.780013768511708
1975	11.126617333656478
1976	12.635605407719451
1977	11.67250715339006
1978	11.136028576735407
1979	12.552852007275861
1980	12.2426707014251
1981	12.923675438196844
1982	13.134619551923368
1983	12.189195135297874
1984	12.45266145125303
1985	12.054816709184605
1986	12.490641497445347
1987	13.719863605321734
1988	12.781768579084504
1989	12.47307690688675
1990	12.9099384133958
1991	11.254921011214789
1992	11.783567058252325
1993	12.116594645168838
1994	11.751855193753727
1995	11.644711565114557
1996	12.419545220812628
1997	13.245213589740588
1998	11.35018481494626
1999	13.003605490481412
2000	11.951832699158695
2001	11.622717245922624
2002	10.131151068481044
2003	11.117421450428665
2004	11.772828831560522
