6	22.65220603746502
7	20.508763673415224
8	17.306179504362486
9	17.13538839874752
10	15.701888160037079
11	21.749446571975287
12	19.56275374169711
13	18.428678258829805
14	19.673841593057176
15	15.072864852835437
16	20.518723457957254
17	17.14168655793724
18	18.491039171287127
19	18.096035305134816
20	17.377122867659807
21	17.130191630907067
22	14.75224534076862
23	17.903070378702704
24	17.453818890833812
25	15.238250155477221
26	18.420325485967414
27	23.351340482374557
28	21.4285641399624
29	16.666516515470867
30	16.763261247717118
31	16.57801149335763
32	17.866603406369936
33	17.563075123536848
34	17.36999766172521
35	17.54754963049734
36	18.138561524500453
37	17.004387312352566
38	16.734666655077643
39	15.79133664806921
40	21.81788879948354
41	18.70197217454143
42	17.107208592118997
43	20.416636607205554
44	16.927825463152097
45	15.94765130895818
46	15.294075503134335
47	22.325870542018954
48	22.54833567109956
49	16.9174052798942
50	18.900303821263616
51	17.862965954611216
52	18.02796975737001
53	17.03640780255024
54	19.300644633940536
55	16.19700549016077
56	18.38372996611772
57	19.563324364088626
58	17.189567963595618
59	17.73723530498062
60	20.838531543949678
61	16.19849929209058
62	20.42736375056337
63	17.729791132076798
64	14.59604146823444
65	20.069903876142256
66	17.585662579136986
67	16.834847896210704
68	16.90383293965111
69	19.453932445337124
70	17.307050209661654
71	22.635350926224547
72	15.581817662717867
73	15.982346723390341
74	16.66460021824317
75	23.448630143115587
76	15.83722226211161
77	19.051980802306645
78	16.43393746921356
79	16.993800844114915
80	17.978491957873743
81	19.347411859869215
82	18.028528979720722
83	18.728248632911445
84	17.163068569024066
85	21.76672872696998
86	20.849517621108973
87	16.87782975261216
88	17.37226533473909
89	22.099603162257118
90	18.225730517867184
91	18.84497131650795
92	16.64759148095671
93	17.257140441317716
94	19.88836609746114
95	17.036147800648177
96	16.993104093242437
97	15.150696938640097
98	17.238037920184485
99	18.738536913562136
100	18.798027288554295
101	18.203561156169176
102	18.9160191925015
103	21.811392277740378
104	16.971311049290858
105	23.437589024662582
106	16.951717675380223
107	18.74834263201592
108	17.775352363048462
109	19.693237553517577
110	17.921421711436846
111	16.99769123098636
112	19.121616036057176
113	16.485665445369335
114	18.966810083571183
115	18.255436935400212
116	20.007481126417346
117	16.622092151637716
118	22.884674613486208
119	19.011948345711094
120	18.081648555822834
121	16.674189870739937
122	19.78907143588844
123	22.440337130340595
124	17.46125112934422
125	15.305352861191079
126	17.95746213395614
127	19.523079717684595
128	17.217643657411422
129	21.98082087421049
130	16.940919935869697
131	16.489852634755152
132	17.396903081515728
133	24.33590031076469
134	19.770165817816146
135	19.38456377076708
136	16.266661886715312
137	19.021675683545357
138	18.105778840114734
139	19.608972764508216
140	16.72835621395921
141	18.59979523488437
142	16.877744624772458
143	21.846458855499296
144	19.116618309624027
145	15.662580672446186
146	19.23413087550958
147	18.354391397720835
148	18.045333317199646
149	17.025637446239326
150	23.589592951092072
151	19.321531547376072
152	16.987438372488004
153	16.38293511321778
154	17.951560836315476
155	21.68274500935737
156	15.894871503328936
157	17.524667919415823
158	19.118398536159255
159	17.101874085557938
160	18.25290621522163
161	17.82227593320392
162	20.817849662135323
163	20.16631353292085
164	16.741149704509397
165	15.685630301892525
166	16.136134660496424
167	21.401361769068835
168	22.060408835274252
169	22.896623514334287
170	14.824520984519848
171	19.587942504673265
172	17.46148309540698
173	20.634284197464503
174	19.015159527241394
175	18.930088126465563
176	18.451325792390826
177	16.619340744070563
178	15.949746621878003
179	19.525157195595842
180	19.739756730433857
181	17.343815840358392
182	16.551682189064195
183	17.603432224845164
184	16.31716078585994
185	19.71011892151495
186	18.664509094415116
187	18.58910153801262
188	21.787503551877116
189	17.952726350719555
190	16.57043147581222
191	15.232458941087922
192	19.20116799458512
193	16.143884459874826
194	16.22286497056025
195	18.48961954172167
196	18.496117959038656
197	17.682242228309622
198	18.907777255282326
199	19.55953797601325
200	15.790382099032572
201	18.892742247860824
202	17.010212618066724
203	18.84784275370249
204	16.40462395756549
205	21.795018538268696
206	17.389250740276182
207	16.82357960105641
208	16.807135484989267
209	18.29293280856162
210	17.256415230577467
211	17.87123823573441
212	17.598654997708653
213	14.93759747952572
214	17.793289579805094
215	20.673477023165713
216	17.958609763637167
217	17.995039285440374
218	14.680869716454618
219	17.884136940732716
220	17.85166876249795
221	18.143079173291916
222	17.66183196941819
223	18.627547710554627
224	18.154601879662952
225	17.8305668445503
226	15.763672697628499
227	18.12335734192008
228	16.943684224880773
229	21.63988435604659
230	20.617756112995583
231	18.503531909355164
232	15.202990938799749
233	18.000811903927517
234	18.74305440766572
235	16.255536391169127
236	16.153932431924066
237	17.394049162191788
238	17.81520486516596
239	20.894540618279198
240	21.434281176004813
241	18.319062097199705
242	18.420378624653573
243	17.771942664011732
244	18.32866895315485
245	17.301834388597083
246	15.29670108919403
247	14.7367052142194
248	19.13237198192057
249	21.536778552875866
250	24.797542036476283
251	17.79102490283447
252	17.915454131911723
253	17.962681866573845
254	20.571058286556166
255	22.998488474998158
256	15.816365511252014
257	23.44720955649201
258	18.66319195631869
259	16.101591732267988
260	18.19112946876231
261	19.64814303970721
262	17.881861179162314
263	15.978379108820809
264	18.07562419996857
265	19.445789081024
266	18.314918252709322
267	14.52320874968172
268	16.126731512608885
269	16.013370043925395
270	16.75076225445126
271	23.149572130220687
272	17.83635570771845
273	15.991942981833919
274	16.985523730643326
275	20.5209493246726
276	16.731681588008843
277	19.623696206569246
278	19.384313460826473
279	16.883166318041038
280	18.552138146961806
281	21.55781419875864
282	21.313826280522626
283	16.16400843089765
284	18.21899733851431
285	33.59630496134348
286	17.595915096405662
287	19.47070547816277
288	18.353058443841785
289	16.459407506325807
290	16.71504339892297
291	18.764123694059673
292	17.253557313967303
293	16.76448116903762
294	17.02602278621518
295	19.11566980780126
296	21.122872968408046
297	17.48516103606089
298	18.855771985435002
299	15.686237823338583
300	16.84629905602778
301	19.97736443119627
302	17.974457854673965
303	16.461575886950595
304	17.004723463226885
305	18.689089760455534
306	25.194371126607535
307	16.880211838869045
308	17.010517207110535
309	19.913545021991013
310	20.212021909674053
311	18.707197694246133
312	23.246465979778627
313	19.258616888594382
314	17.152249211564193
315	17.73918961419123
316	18.145732644468488
317	18.335231577943958
318	16.88600301002258
319	17.448740671661934
320	17.768007834331673
321	18.190948213396638
322	17.179643336822046
323	17.680268483854597
324	17.176198887328308
325	22.812447796664625
326	17.249340016324464
327	18.9628820553422
328	18.43653433654414
329	23.394594447556884
330	17.63173240630538
331	15.141190846768891
332	18.07085746622914
333	19.724604288763132
334	20.26775132302201
335	19.65662623259133
336	21.55763061582693
337	16.89220315561276
338	16.562872821848032
339	17.8986108118005
340	18.38290211382816
341	19.19811632389942
342	18.474666291326034
343	19.805749025650265
344	18.017458268615883
345	19.284983958804172
346	16.883158809171533
347	16.34165985941233
348	16.158897987189704
349	17.072206392976305
350	18.095370333456934
351	17.556786886993603
352	18.143367749282177
353	18.542129778299145
354	19.11670677343267
355	13.954305552337319
356	17.387347873411624
357	18.275910350152927
358	18.030911528287646
359	16.98234225511183
360	16.54869702893182
361	20.02987755424261
362	15.529844106259988
363	19.55472265135867
364	16.579891645776417
365	15.824586025326163
366	20.06267581756622
367	17.881678677129972
368	19.476365736741574
369	15.88367291611852
370	19.79129502178592
371	17.673233271469524
372	27.64163126873833
373	17.987163871794472
374	26.273121292353608
375	16.875251580534194
376	18.55422984394139
377	17.731994822739217
378	18.831377876311308
379	17.412110321376847
380	23.540042539551475
381	17.22823322765235
382	17.206553549383006
383	21.354320711982584
384	17.83981599545546
385	17.164476711105088
386	17.279054476253155
387	18.130045480962146
388	19.650174900423735
389	21.003151283139594
390	17.455911964181578
391	16.72802816875814
392	15.730862629246985
393	18.60807804621453
394	23.172171452310867
395	17.98704525361427
396	15.784962218274208
397	17.774710180533404
398	15.693460429831175
399	17.11355133291531
400	19.6246898944478
401	18.368887162830973
402	17.10631537036419
403	17.548793881535918
404	18.90984219011724
405	15.53646836340357
406	24.799700680602616
407	18.97237909982414
408	20.107907922975656
409	22.000629998211977
410	17.683184137076605
411	16.79876168422743
412	15.705119352920393
413	19.536865243263435
414	16.370557891637713
415	16.041627273388574
416	17.124509504863582
417	17.62225320466262
418	17.41549299550719
419	17.435861552950303
420	15.597521104313751
421	20.586829796801364
422	17.845058906987543
423	25.453056649128687
424	17.987643492709612
425	16.51142908777216
426	15.531834079546066
427	15.398295170799626
428	19.54970033144325
429	16.457199364905183
430	17.23693020651286
431	18.38736166280077
432	16.82733739111346
433	18.999656537381235
434	17.531009868760552
435	18.171853100568775
436	17.26820945573922
437	16.100346047050063
438	17.51760199334663
439	14.747426039872073
440	18.507065589876017
441	21.61810519371764
442	17.841005005899156
443	24.243867239587708
444	15.229552196964828
445	18.742326931094418
446	17.51357756315408
447	19.392961703093025
448	17.668371831643164
449	16.82842453088545
450	18.244792366765566
451	16.10526283509745
452	17.817170972055973
453	16.30495473025139
454	18.89574252925262
455	19.346006411961604
456	15.731355768039357
457	17.8786317724077
458	16.10170753491926
459	16.043287446615675
460	19.065193716759232
461	16.907982436995855
462	19.921864473805595
463	18.04138793616245
464	15.942880700562252
465	19.034572912617588
466	16.517028808668016
467	18.684070993036467
468	20.357631276320898
469	20.705229141713062
470	18.655860884385657
471	19.40423320595149
472	15.3140406799291
473	18.76935097535482
474	17.516163427533364
475	18.035264717120057
476	17.31150775107057
477	20.02908960814859
478	17.373255052541488
479	19.66029988472932
480	19.06043221484171
481	17.215748418840423
482	17.64964321605356
483	16.269603446850347
484	17.486587782144245
485	18.11860092483524
486	16.697952034993268
487	16.42697990209207
488	20.384092969546327
489	18.096774564058673
490	19.504296677334136
491	19.67430502341838
492	17.201064224408025
493	17.339333445484762
494	17.603377343187127
495	16.480496969041997
496	16.618634494493016
497	19.29308607638366
498	17.04940447515724
499	15.020441880881554
500	20.345788974453637
501	16.598348907442414
502	19.35962174283798
503	17.960778919928188
504	17.763243948846
505	18.010260718724396
506	20.68921732560072
507	18.503318882138625
508	21.069436621221126
509	17.431767601753656
510	14.884514845370123
511	18.36293650463922
512	24.63648865263825
513	18.800640778802336
514	15.214823902022326
515	17.656970091023332
516	25.000254907206696
517	17.371920346382964
518	17.93703738049604
519	17.53144935645629
520	20.24354683925358
521	21.613731576592162
522	16.486582932541733
523	17.773510062105004
524	20.128830535449683
525	24.4835744696809
526	15.470410246377659
527	15.289209723327076
528	16.83533137926848
529	20.521314072367538
530	16.823774029760685
531	17.521162967562365
532	18.68603458703961
533	15.10394491301308
534	21.558052929050184
535	16.387559123380587
536	17.902341765084042
537	17.1207640642506
538	18.282682864340924
539	17.082867529835518
540	17.848410172346565
541	13.710942683091227
542	16.220945580952012
543	17.92175016548986
544	16.859385277100454
545	25.18713542135768
546	17.804360498427414
547	17.667705992917764
548	18.222810795716942
549	22.24876178141567
550	21.912784157934276
551	20.307328163425456
552	19.91752541818035
553	19.434628901354262
554	19.158108510910534
555	18.617424119719846
556	25.529242296002472
557	20.384323764201326
558	17.2791076031596
559	16.946326393361424
560	19.927724530815237
561	16.07219869059433
562	16.128213373690677
563	20.967220820403927
564	19.517674892626236
565	18.915586721819924
566	17.846007367777638
567	17.705699673630296
568	16.238200010415166
569	16.3477352500227
570	18.459999324374365
571	17.55705280866723
572	16.262737014757004
573	15.829596987115977
574	16.927595870173537
575	18.651363826162058
576	16.803519468294997
577	19.876920674908582
578	23.292815548729298
579	21.356453136559576
580	17.271989759844445
581	19.189122340936017
582	17.647441369083815
583	17.155978398894568
584	16.024418174599607
585	18.924993812714238
586	16.95114044970454
587	18.616118637660595
588	16.863132901520004
589	16.66531517009251
590	17.889630067422985
591	17.2024307044016
592	17.855756630026736
593	19.020497789642405
594	17.999141066882295
595	18.76825004637677
596	21.61462759121321
597	19.29355027254671
598	17.160993712584606
599	20.17382913228459
600	17.57859454273471
601	17.668932765128556
602	19.137174223184896
603	19.76728898056961
604	21.96977616479853
605	16.75632448642796
606	20.432955904262613
607	16.009655110490712
608	27.93241898430414
609	17.097129345145078
610	17.678008890680502
611	18.593385987968457
612	18.11665630841162
613	18.349069856158977
614	19.544376883148217
615	18.63085279816541
616	15.735795046950484
617	21.838935510687104
618	17.631814949606593
619	16.955592655377565
620	17.62400519626068
621	17.81974509845726
622	20.5777471159574
623	17.630081069569343
624	21.285420166826807
625	17.163345145359116
626	16.31930899679362
627	17.025304075104792
628	17.33885383198095
629	15.611665633748025
630	18.092473447153328
631	20.10761169019155
632	19.55150272929006
633	17.577579892787618
634	17.05675153446384
635	18.431996506107808
636	19.10319847938861
637	20.521390097173864
638	17.312279431343388
639	20.900942072716305
640	17.415763347907923
641	19.861202567436937
642	17.271499916820108
643	14.877110497366326
644	21.871406446846667
645	15.106930894523924
646	17.077858039372586
647	18.8569988373772
648	18.75145887680676
649	17.152852940789888
650	17.384069708505386
651	16.999132682539145
652	18.36414290925399
653	18.89003351703286
654	17.158474555206883
655	16.492305499535767
656	17.603167435565005
657	19.201830155899273
658	18.98741938505322
659	18.513678186705803
660	16.625713402494224
661	17.842435563432478
662	18.59422493209131
663	16.32680127270481
664	24.323765268814352
665	18.993755823826383
666	15.015260640326021
667	16.746843763191084
668	19.182653705494715
669	18.572706585713604
670	18.186850059094677
671	20.005628129437646
672	17.1891476604973
673	17.418069332177055
674	21.39598508162512
675	19.121047904925383
676	16.763223547399658
677	18.53752023403594
678	18.822275261094685
679	17.605102858945518
680	21.221899834725683
681	17.915824577987838
682	17.060261446282013
683	18.49073700626857
684	16.126337592542406
685	18.621166314221323
686	16.1128784315065
687	18.481260380401753
688	21.28697521449884
689	19.247215423612495
690	20.138333556002472
691	23.17962357636541
692	18.344623507229024
693	15.684636842464005
694	17.30118203695165
695	17.546331880392525
696	19.4047969312475
697	16.213364083769225
698	18.155323140014527
699	21.638456033268014
700	18.898061886532666
701	16.438791168563842
702	16.04590527863556
703	20.109397082816983
704	18.237173588688165
705	20.12250949297003
706	18.13669490210583
707	17.87162726270834
708	19.796486278346112
709	18.882524573600385
710	18.826569986786158
711	17.04512579423479
712	23.168294100307353
713	19.04789221961284
714	20.467005178081784
715	20.738587081249133
716	17.242525858559944
717	18.349972080329042
718	17.355824215055907
719	18.335512292664827
720	16.39926659021814
721	16.312059139891062
722	18.95935572148999
723	16.085071714746892
724	17.669793602529438
725	16.61993648473872
726	17.239000311482844
727	17.896986440796734
728	19.466168616329462
729	15.331044144698101
730	17.170022351039126
731	19.881687929701705
732	18.17765946447988
733	16.96525243817298
734	24.088196880198083
735	18.510452745919395
736	15.890703727300702
737	24.634132088713635
738	16.671551808333284
739	17.824087846073766
740	19.037725849329945
741	19.1595123909181
742	16.21622873503124
743	16.82750669412357
744	19.581525315703868
745	18.88172289706839
746	20.174521965112284
747	17.554281297414388
748	16.263740251202762
749	20.374994279979244
750	19.990359022184787
751	16.726477111371135
752	17.000413405388827
753	17.233772231396287
754	19.100277699252363
755	18.11205554518771
756	27.220625422656205
757	22.833994047478015
758	17.63044094487559
759	18.634893890472505
760	17.093015270343788
761	17.156639279489735
762	17.49658671762794
763	16.006398939422798
764	18.440020802720493
765	17.3175307135267
766	17.007680522720328
767	17.37223183997013
768	19.16380571123316
769	16.81484170729392
770	17.65480662242856
771	19.514978549888774
772	26.239464195831406
773	17.883350824728556
774	17.255229992800132
775	18.910550072563755
776	24.31159845945955
777	17.232234356996532
778	18.293119640022052
779	19.380478823471528
780	16.58206475165789
781	19.58961576646194
782	19.35940208235671
783	15.459277778903488
784	18.32329419533534
785	17.033460628254836
786	16.971785941844615
787	15.799973753483501
788	19.07170753596842
789	18.52906477441817
790	17.682072489998838
791	17.022300915612327
792	15.960903766232677
793	17.66681137979729
794	19.351703509286214
795	19.286691341836317
796	18.656738185123142
797	18.09433679416543
798	23.569479474462895
799	16.367549654809153
800	16.09458562137754
801	20.572040272633924
802	15.413777740876467
803	26.569970120400697
804	19.423209388786926
805	17.28959472096176
806	30.54162011261331
807	18.340422977839577
808	17.816046507485833
809	15.03748049067745
810	16.587784839573462
811	19.31839322459869
812	16.41331445660696
813	16.77999185276281
814	24.698447222246614
815	16.86832684122321
816	14.898892639571677
817	17.52403584265576
818	20.596657423684267
819	20.157570816294633
820	18.559705893512845
821	16.741073851523105
822	16.955858699192273
823	19.787176192719407
824	16.577205969760303
825	16.228011090290714
826	20.386220762059093
827	17.930870925444953
828	16.208818979892193
829	27.62823161807377
830	17.4948587779952
831	18.511311709631755
832	17.930293761503034
833	19.366341847424337
834	16.08829547460245
835	17.446618397777346
836	21.372891865831335
837	22.04242635162168
838	21.697305238820896
839	15.780831165589278
840	16.519182671546616
841	18.973673440959633
842	17.590495675290487
843	16.91890272908301
844	17.504946227832427
845	17.171856354540214
846	25.200612234476615
847	17.223250771756284
848	22.272740771333776
849	17.257688656947575
850	18.36332146653181
851	17.446474418992345
852	16.197755733048798
853	18.934216506190268
854	19.814943389514156
855	18.039401036497605
856	17.88598667485441
857	17.788372782389878
858	17.319838044071933
859	17.25141955200832
860	18.347878911811858
861	14.555493191913946
862	21.50334404844983
863	23.486322406008473
864	16.482764146624945
865	15.254851175751536
866	18.8352001492952
867	16.856542200974605
868	16.710885231427074
869	15.34548037458444
870	19.581963117778773
871	20.842621044892017
872	18.69117945790487
873	15.644791763595384
874	21.229891693943646
875	16.455973624857144
876	17.70634194040595
877	17.706710033623967
878	20.826207953544024
879	16.455559316608124
880	18.056125797210605
881	18.764964648214583
882	17.38962016174337
883	16.426714484816447
884	19.738743967076655
885	17.12642616874808
886	17.364774710476112
887	16.97495917952056
888	20.152233555445402
889	19.00064091794395
890	18.362679973947245
891	18.163070081596057
892	16.710471013872233
893	18.599820736936707
894	20.32671178709457
895	16.507061948426877
896	20.222461679814828
897	18.29787959532154
898	16.03053160285577
899	20.463747683878935
900	20.33125628264679
901	19.284333734316828
902	18.229540293514827
903	15.802574597948052
904	15.376428534300066
905	16.308701291957405
906	18.667348145325885
907	19.044727988608646
908	20.34716967363609
909	16.958785058776197
910	16.602348901275544
911	21.04746949720899
912	18.90399501089938
913	19.506489677912406
914	18.003908859770583
915	16.902485062874725
916	17.814720664132462
917	19.835747514052155
918	16.39300846058177
919	17.42299678478882
920	17.257058667078457
921	16.81612802448494
922	21.06969991584453
923	15.375647653097985
924	18.28331043551886
925	16.028588481452317
926	18.591702306344942
927	17.03470731803006
928	16.438463962657842
929	17.982180296222214
930	17.21581019668266
931	16.93577825839246
932	15.38264849991861
933	18.562928993111093
934	18.985330122412943
935	19.33749139549036
936	18.216893779197626
937	18.37626016699284
938	20.968311081362817
939	19.75760108318914
940	17.16719806063852
941	17.244077345944888
942	16.783245873737282
943	19.130330379918004
944	16.705329126950044
945	18.886395363577563
946	17.840828415620965
947	17.846157578946787
948	15.183248296736274
949	17.256794520143192
950	17.683604784764697
951	17.41434651493014
952	24.46158651754641
953	16.803413521010143
954	23.468167626400827
955	18.728852844103756
956	17.923327463201712
957	17.329805373609997
958	22.0358812156309
959	17.87313985920511
960	16.655489806592097
961	16.92086474014084
962	16.83234538279474
963	16.856102902000437
964	17.845032375475856
965	17.239765544887632
966	18.10100325515364
967	17.98936258422873
968	17.414481854155802
969	19.246459987155035
970	19.59611217476828
971	19.165259512625635
972	14.920535582962911
973	16.990236319133547
974	17.297761084581726
975	20.153850093773777
976	16.53666170942597
977	20.63417077043867
978	19.877753429368603
979	18.32337708495928
980	16.779314782154167
981	16.31085973857566
982	23.607084250881684
983	18.384044300252164
984	17.896746380118334
985	18.326246300264756
986	17.670499077993444
987	23.121235806034704
988	19.501004450988077
989	17.489391407158692
990	20.0625962846221
991	16.393235317011925
992	17.433936635583738
993	17.94214082413586
994	21.920676360615634
995	20.189314863549466
996	14.630541901218239
997	16.56640905064573
998	19.984597449388314
999	19.438353060944937
1000	16.73176968628491
1001	17.50228031681393
1002	18.53037523954203
1003	19.57059934988961
1004	17.07002604152022
1005	17.245707987017592
1006	18.587346940279392
1007	17.056320006556977
1008	17.603807017315532
1009	15.759916195393282
1010	16.386875867308117
1011	21.279715380888728
1012	16.56186555174645
1013	17.720931785102003
1014	19.37383558149915
1015	18.69833238082705
1016	17.376669063014305
1017	16.928724998338637
1018	18.81205191493306
1019	20.450342591795096
1020	15.837133768353509
1021	19.65554269327792
1022	18.67598718132358
1023	18.196617459457595
1024	17.59709835382576
1025	16.42594207880553
1026	19.72248318774218
1027	18.153320608828054
1028	20.113935693128344
1029	18.10884434097133
1030	16.579007915732088
1031	16.51464404052589
1032	15.785976260009784
1033	18.14595336242113
1034	19.008526767462026
1035	22.69306709234661
1036	20.760304985745197
1037	14.829883317216733
1038	19.823993892785438
1039	16.1210010264471
1040	19.130416481585208
1041	27.034061706002102
1042	22.917715761969642
1043	20.16764531423687
1044	16.459469568783728
1045	15.091922218277913
1046	20.053221142083203
1047	17.658003736252677
1048	17.749120406081428
1049	18.265284820024164
1050	20.50743131281601
1051	21.60503821983002
1052	17.3544606381676
1053	19.592465260433965
1054	16.55106760853798
1055	16.876504573674705
1056	19.051553615226617
1057	17.482320417556913
1058	17.266231153836436
1059	21.38583434210644
1060	20.512682745564515
1061	22.095931699326744
1062	18.052288401859666
1063	17.770620219394445
1064	16.830601234323225
1065	17.464878913664887
1066	17.96914958036613
1067	16.423671090932086
1068	17.666497494548093
1069	19.165359059626805
1070	17.331527566147404
1071	17.027275213299113
1072	19.93174225045094
1073	17.610672919100086
1074	18.17203850950011
1075	22.212589030740602
1076	18.301791450572445
1077	15.977206074729716
1078	18.11059502687931
1079	15.341126853531998
1080	23.262475649147554
1081	17.35094099510461
1082	17.40520803117583
1083	17.547207588530064
1084	16.098942659334018
1085	15.765987475017424
1086	21.055008861176713
1087	16.79032708852086
1088	18.073556465562433
1089	19.44973451591097
1090	19.459453670555376
1091	17.319491839637823
1092	18.596571150100015
1093	17.245423425942136
1094	16.40714354866704
1095	16.20513172541745
1096	17.318816799381747
1097	18.368767606862413
1098	18.26818736355622
1099	15.05020048984928
1100	15.724400595307003
1101	20.379057541138714
1102	21.564136538887396
1103	14.474050998475338
1104	16.02096800841283
1105	16.35430803907251
1106	17.82197322788852
1107	17.19471775576862
1108	17.38195333807533
1109	17.457006328525797
1110	19.586365257474917
1111	17.29140092585294
1112	19.682075421866504
1113	16.705201564198163
1114	17.51257010333803
1115	19.10822911326308
1116	16.881054056560256
1117	21.951966795468493
1118	26.03787700808607
1119	15.474994804211892
1120	20.596414260840973
1121	19.833817908616037
1122	18.712677752619367
1123	20.839316246946876
1124	18.15162200763718
1125	17.73519606005162
1126	17.269909850938983
1127	18.168265853147023
1128	17.16499028131039
1129	16.059657228086145
1130	18.045829135502235
1131	16.266065593298297
1132	18.180184068878418
1133	19.55872227635971
1134	17.791283280920684
1135	17.320763729730338
1136	16.99724901480928
1137	18.852278081416152
1138	16.72636216224258
1139	20.045900518762295
1140	17.887117164176807
1141	17.24752318598621
1142	15.978258425928653
1143	20.067868516081944
1144	16.280120683543938
1145	18.06514870546137
1146	16.410627865064097
1147	15.78765412091639
1148	18.240182704142192
1149	16.952939522937715
1150	18.361937201647088
1151	18.16286891179625
1152	17.360492018814913
1153	21.671674173631658
1154	15.864600549900734
1155	16.09104477396355
1156	17.69558716057334
1157	16.538802019493698
1158	21.190839394347066
1159	16.657070214280772
1160	19.15167162284034
1161	15.806792322413953
1162	20.097520699590802
1163	16.38608572080225
1164	20.041029533795903
1165	19.686874349609077
1166	15.366579256383268
1167	16.210482669254894
1168	17.593662883035485
1169	22.321043062975928
1170	16.983955524105113
1171	16.883097009328193
1172	18.373048457913427
1173	17.803457345720382
1174	19.21710327135301
1175	19.79983398934679
1176	16.797101252595894
1177	16.23857751963563
1178	18.45951740378048
1179	18.391481834153335
1180	19.477147171841352
1181	18.526153084184042
1182	18.122984716701062
1183	17.09095466821128
1184	14.677274799168421
1185	18.328678505006245
1186	17.83007660587784
1187	19.191563055944513
1188	20.241382175683974
1189	18.714305965511205
1190	16.675230870950035
1191	17.1826175307855
1192	15.402733329925328
1193	17.133095062293886
1194	16.179773107114144
1195	18.258358102020892
1196	20.721559008699842
1197	22.21108825328346
1198	18.375350858746586
1199	19.246067465962067
1200	19.55556380409897
1201	19.76966169597687
1202	19.571801093601902
1203	18.243847655169176
1204	19.48842581913566
1205	14.857436253863852
1206	17.688202793273994
1207	17.49465285590384
1208	17.35230259658303
1209	17.30014966450166
1210	20.568507348810922
1211	18.666327524942822
1212	18.225495494089813
1213	20.14118824673278
1214	15.188661076509478
1215	15.77427178253506
1216	18.207158167082525
1217	15.981492349525723
1218	14.595508307751945
1219	18.86581209499127
1220	18.147120462559784
1221	16.710949707543477
1222	21.258118454483338
1223	17.08419505466655
1224	26.098168448810547
1225	16.663529195669106
1226	21.164501341534777
1227	17.526521830504098
1228	17.386451337941896
1229	17.413471519640492
1230	15.80089728340196
1231	16.24116067860687
1232	17.546124897654064
1233	16.105024401758175
1234	16.023900941080814
1235	17.571961565967648
1236	16.432831003916363
1237	19.429533482328882
1238	21.030357885566588
1239	16.40515288376715
1240	18.018457896513866
1241	17.608860790952445
1242	16.302641563646223
1243	18.294521884513625
1244	16.203958828224923
1245	17.628599947487768
1246	17.84602634824012
1247	17.182256719444034
1248	16.499500752505845
1249	21.56683838003946
1250	16.34622063668212
1251	18.269015878624487
1252	18.406025771685464
1253	17.388433177355182
1254	21.431983264732278
1255	19.411856866544547
1256	17.368730533218315
1257	16.988232129504905
1258	17.231450151605532
1259	18.613188602785215
1260	20.33719457785133
1261	17.6172221736478
1262	17.16025559218704
1263	15.624462753359694
1264	20.87118404645219
1265	15.92756888490755
1266	16.75839194854618
1267	15.81983822514303
1268	20.08470113014078
1269	17.344522321095262
1270	16.66991521590855
1271	16.451961802864005
1272	19.136252067140305
1273	21.149833230155785
1274	17.795283355703578
1275	19.163695134612365
1276	16.619598539462313
1277	19.757042425587265
1278	20.51250180024936
1279	18.039852247854203
1280	16.30301968793777
1281	17.452116358077674
1282	18.597000703598642
1283	20.106090217246674
1284	18.552743420024246
1285	19.21561377706577
1286	19.127346529358828
1287	16.795588076147915
1288	17.043226505798636
1289	16.87887099265712
1290	17.910942760363653
1291	18.405892113284207
1292	15.351140877290984
1293	18.438260060817665
1294	18.17307833351498
1295	19.447688362798655
1296	16.301555260187016
1297	19.80931458800842
1298	15.97286202986071
1299	17.26196451699361
1300	17.275317232214373
1301	16.813100352845435
1302	17.53295732898146
1303	17.277999280278372
1304	20.0485041071215
1305	17.409379787506026
1306	16.246335163090126
1307	17.917657992634705
1308	19.601420503332616
1309	18.387038964382374
1310	17.27227270571819
1311	17.95771023892271
1312	19.057294454709513
1313	17.261936206246055
1314	18.743149433637882
1315	20.962072692096754
1316	19.40469499600918
1317	16.54161501034925
1318	17.437607999974198
1319	20.823676633981947
1320	15.919347152703267
1321	17.598279669625082
1322	19.464258301108586
1323	16.57728294717408
1324	16.553255233707187
1325	20.024912762182794
1326	15.93678813020233
1327	20.38927301345721
1328	19.560473168869258
1329	20.051995624846313
1330	21.85511411000368
1331	18.81876835912044
1332	17.171940034330607
1333	16.30665330582997
1334	17.81752302698595
1335	19.124371527125522
1336	20.026603593384042
1337	20.51147114433626
1338	17.18305201487426
1339	17.613050589278384
1340	18.208016106003925
1341	14.842851822567713
1342	18.244928469319586
1343	16.536307760048658
1344	18.284943443821057
1345	17.337727048517785
1346	20.901595537373353
1347	17.90231436453501
1348	19.20851115259359
1349	15.560897791467141
1350	17.22711818134412
1351	18.85910727871293
1352	14.937621903694929
1353	17.711475267317144
1354	18.40492549731396
1355	17.716880093356593
1356	16.781207690638123
1357	19.38840002669953
1358	16.878638182800604
1359	20.150264765117562
1360	22.647515709111467
1361	17.048188598394127
1362	17.165437870092234
1363	17.660074697753103
1364	18.65506277253906
1365	16.728855106658916
1366	15.673741368504448
1367	18.378783216361295
1368	19.240576059896533
1369	21.116578222558235
1370	18.495739800604778
1371	18.88672381887057
1372	15.706046829785242
1373	17.63197349673049
1374	17.334103228004174
1375	17.07911628261642
1376	16.9041541282929
1377	18.494599979696794
1378	20.359615510188593
1379	15.732723462663126
1380	16.575734132574873
1381	20.43096000669353
1382	15.809050593227365
1383	15.914958194782008
1384	17.969992612372153
1385	26.305182751817483
1386	17.364201679159887
1387	16.93610056775829
1388	21.456422282418664
1389	18.239700179153846
1390	20.825488612077436
1391	16.903609743612538
1392	17.580985661054
1393	18.434286454278045
1394	17.334618446133213
1395	19.988670829298314
1396	17.260379278397355
1397	21.111190950481742
1398	17.86426415579859
1399	16.63968677412569
1400	18.701128159819003
1401	16.75691345571411
1402	17.60176202160772
1403	15.812197023590112
1404	14.870870873160465
1405	16.726755545245844
1406	17.555463305514706
1407	19.06878795048061
1408	23.17266321170208
1409	16.67147036578931
1410	15.316001169765109
1411	17.904145598669338
1412	20.81190607533161
1413	16.419355027778074
1414	16.294327763873152
1415	18.604350103937133
1416	17.532090322726646
1417	15.861196281568846
1418	21.31231214665968
1419	17.228840644950978
1420	22.839452954113206
1421	25.088043602551483
1422	20.854514635707204
1423	21.681897087488323
1424	17.483039826629682
1425	17.90470526076117
1426	17.30030455058359
1427	19.310080813833824
1428	18.109927302675747
1429	18.07168522574473
1430	16.877088184761813
1431	15.977417161942206
1432	17.65357948995043
1433	18.793210464109684
1434	15.586132241186819
1435	22.258187478239616
1436	14.846401569973677
1437	18.47368410936838
1438	16.347264128586016
1439	18.16385170685593
1440	19.307984410803765
1441	19.356827337694583
1442	16.927334090373996
1443	17.2854226178509
1444	22.224070584732107
1445	18.575266956735664
1446	17.81914660807277
1447	20.393431502631866
1448	19.23050751619869
1449	17.36141029393766
1450	18.113483278775227
1451	15.823678362267092
1452	16.966559485133946
1453	16.466829198459163
1454	20.030026863349537
1455	17.191617458185647
1456	22.16694340858885
1457	16.514521373510163
1458	25.19534170406121
1459	17.85467195209031
1460	15.306942380135553
1461	19.41739005272393
1462	17.26800576496559
1463	15.291573891567532
1464	20.68698700408469
1465	19.08564067302034
1466	21.080283152498303
1467	15.521957187876104
1468	17.030199853503227
1469	16.91205878945237
1470	17.003006137104013
1471	16.312808452011087
1472	16.43928162528104
1473	17.109579388244207
1474	17.967902168119327
1475	17.53788718198924
1476	17.5824290833241
1477	16.177534823034268
1478	20.31754233516265
1479	17.915568622036584
1480	20.548853450380946
1481	17.177196724045643
1482	16.268153664725833
1483	18.188881970564836
1484	20.079681411025376
1485	17.83651598065044
1486	21.671290540307382
1487	17.076552819059945
1488	15.72333580836391
1489	19.3410603515097
1490	20.024206442227587
1491	17.789079943541438
1492	17.95103561783409
1493	20.843279406355038
1494	17.048103683991684
1495	16.50385841567509
1496	16.670308199306554
1497	17.062490101680158
1498	16.856259250147268
1499	18.936787163882062
1500	16.83373071217444
1501	17.210341886221432
1502	20.428631267826056
1503	17.899049605762716
1504	19.74844807297759
1505	17.93447487019084
1506	17.82253581818024
1507	20.94872262882418
1508	19.036582497701023
1509	16.786713021996547
1510	18.40000452939421
1511	21.32434922842367
1512	14.892426337165006
1513	17.320762600706967
1514	18.10627194161111
1515	16.92779935492415
1516	29.551758776673353
1517	18.477641060395893
1518	16.72467386660623
1519	16.70342113298559
1520	17.791549288181653
1521	16.94757652360686
1522	17.428658424774184
1523	17.809409016808658
1524	19.46775321646182
1525	16.413981787834523
1526	18.272863768558537
1527	19.196438951731853
1528	16.189635993072603
1529	15.570512844986267
1530	18.042970143235856
1531	15.89740855450742
1532	20.762385261400294
1533	18.21990676697266
1534	24.742887764681825
1535	17.27155570751832
1536	18.429540415889903
1537	17.052993788085715
1538	17.79454742367704
1539	16.918299323891436
1540	17.91773277191763
1541	18.622956934648876
1542	15.415861358945257
1543	19.664966525440967
1544	16.975497928068407
1545	18.624117386129097
1546	20.67740366710091
1547	19.11570333471056
1548	18.255416531663126
1549	17.025785281397404
1550	15.933094994268483
1551	17.716360372250588
1552	15.794261738042243
1553	18.901592995348754
1554	15.54144520600792
1555	17.716434609014975
1556	16.736821173719893
1557	19.22626804788518
1558	21.03948421964725
1559	17.588296050438657
1560	16.59715798896716
1561	22.11947408439114
1562	16.571158906663186
1563	15.791349084239402
1564	16.017073586503976
1565	19.449568053447027
1566	16.743822078780447
1567	19.682850419108775
1568	15.14824181150547
1569	20.39846312736397
1570	15.81289564834201
1571	16.293980280049144
1572	17.117400340492168
1573	17.363632002018115
1574	16.472902829982342
1575	23.61032860515345
1576	15.57068187742475
1577	16.874430306885518
1578	19.05062785155938
1579	14.938026757423694
1580	17.27616672193731
1581	16.54398461726916
1582	17.514847638679605
1583	25.198092400732023
1584	17.93896391463219
1585	16.25883021968778
1586	17.053209205190544
1587	15.92181558849437
1588	15.80198995928329
1589	16.161978070694563
1590	17.18945383479234
1591	17.016588032629603
1592	19.564330099296736
1593	22.21256669929251
1594	16.708941066602712
1595	17.52387316344306
1596	18.03000422615558
1597	16.428400838704302
1598	19.61722821955983
1599	17.11196408662945
1600	17.375043196141633
1601	20.972914237427645
1602	19.3408434295071
1603	18.672324949264294
1604	17.502185208530136
1605	16.09590035743015
1606	16.0419593668949
1607	21.17589080343411
1608	19.36123723804849
1609	19.99699653242249
1610	20.065987628743834
1611	18.475649925637992
1612	18.470950651284742
1613	18.277192600937777
1614	16.91809307687916
1615	20.700229889736512
1616	16.867573073632748
1617	17.48475644328887
1618	18.159236787908917
1619	20.484608182407346
1620	16.448963200834324
1621	17.039014613339937
1622	18.35327090950797
1623	16.825309912972152
1624	18.135553930853494
1625	17.782717456289294
1626	17.953117961387356
1627	23.55773417407534
1628	20.392844251831992
1629	18.026417953639054
1630	20.614910937784437
1631	17.55271657411009
1632	19.753958057178856
1633	17.693735204136466
1634	20.876875467706732
1635	16.888029872633002
1636	19.444532576508614
1637	19.040256211352535
1638	18.546147398921576
1639	22.595541316745802
1640	15.870806609524067
1641	17.749718344839163
1642	21.636455390734824
1643	17.67985418315899
1644	15.894204502845774
1645	20.809048648028693
1646	27.589534607552196
1647	17.64778396591739
1648	16.98196846028077
1649	19.779812246100803
1650	18.21829053132566
1651	18.637585763833485
1652	20.40645493766351
1653	17.136118966126162
1654	18.135966942296363
1655	18.501620682874616
1656	17.49098688696904
1657	15.918793982938574
1658	18.44472093681895
1659	17.60988782100483
1660	17.636394821099216
1661	18.282159052459843
1662	17.61883460569026
1663	16.972537824083446
1664	17.55780969775282
1665	20.928242166763532
1666	18.55697596933541
1667	19.11076558778528
1668	16.89100622431248
1669	18.88587330389911
1670	17.342703987768864
1671	17.192859446132108
1672	17.544560792467866
1673	17.274720136402173
1674	17.429395002256907
1675	17.48224592169493
1676	19.27488146726042
1677	15.839818177471068
1678	17.904379865325367
1679	15.464193779115128
1680	18.041742443510643
1681	16.872749000383344
1682	16.997441599402872
1683	17.52793486581184
1684	15.91146514573807
1685	17.146551208611093
1686	19.47633103796813
1687	16.00326318245219
1688	15.634571461268052
1689	18.24558909183368
1690	20.739429172806386
1691	18.104616690529667
1692	18.523920632325687
1693	18.810558887279786
1694	17.83453925747857
1695	16.26219410962245
1696	16.595511039845984
1697	18.559347863113018
1698	23.53589015589613
1699	28.194604093823042
1700	21.13002064957497
1701	17.156948731839655
1702	18.690179261485657
1703	17.64934492874682
1704	18.97983003043153
1705	19.252452406848438
1706	16.06124702715703
1707	18.21116335567087
1708	17.76377066511971
1709	19.20259212423116
1710	17.93274916460272
1711	18.285413912011105
1712	18.804692890495062
1713	19.56314969726114
1714	18.941219373871466
1715	17.659680764975977
1716	21.013653883412317
1717	16.406526801966912
1718	17.019976887137123
1719	15.706960728366134
1720	20.373461744266056
1721	22.814799183495342
1722	19.40997490018606
1723	17.157987615448654
1724	18.515090150950606
1725	19.978441296573727
1726	18.185332912383828
1727	14.786618773808533
1728	18.65261855632819
1729	15.83185468479514
1730	18.218963837335426
1731	17.763220424779917
1732	17.160643245915708
1733	16.536270625528413
1734	16.74867669589973
1735	21.48483551012903
1736	17.513814783096315
1737	16.833236978941617
1738	19.38227691562497
1739	16.218556195502927
1740	17.143585828877985
1741	22.81469778536819
1742	18.625354447796447
1743	16.792275765982385
1744	17.86754308433565
1745	17.41566823384441
1746	15.296100195745627
1747	17.155765676940064
1748	18.282129035948106
1749	17.671920345500112
1750	16.94672748499804
1751	18.03344929578909
1752	17.815576810394415
1753	15.78113494360852
1754	17.057123878568994
1755	16.492504366701752
1756	19.060377118890106
1757	16.190042674061843
1758	16.443458979080717
1759	18.500188274118543
1760	16.898112039723056
1761	18.60434729664121
1762	17.635194165161405
1763	18.774305539900883
1764	16.29912975650324
1765	18.25782137554872
1766	16.298276900677966
1767	17.195086348344656
1768	17.068910454555105
1769	19.911337323704114
1770	17.764340056344693
1771	19.849231047568985
1772	17.707243757906415
1773	17.04046756860233
1774	21.5922194390031
1775	17.076400064467993
1776	18.40775309690798
1777	18.648017446019434
1778	19.610525647622396
1779	18.172465822329137
1780	20.1571212111719
1781	20.628313085275465
1782	17.086623445607255
1783	21.57589113013819
1784	19.33179395477565
1785	15.21379800300296
1786	17.273519534198567
1787	19.134516651341475
1788	21.284375140638723
1789	24.774969247341353
1790	16.320466616157102
1791	17.590350015929694
1792	16.423247767920973
1793	21.297581474018987
1794	17.97811151087284
1795	16.93526679397716
1796	17.753819234142476
1797	18.37590957604798
1798	16.799929764218785
1799	15.668076248697211
1800	16.358401892592454
1801	19.93640470586699
1802	20.707627041427646
1803	21.58091052301461
1804	18.527116079989355
1805	17.52895993651256
1806	20.57128513704002
1807	20.45866780677655
1808	18.27402238279581
1809	16.2082144436549
1810	18.20037992125791
1811	18.106186223406553
1812	19.20572921531275
1813	15.850458718533627
1814	18.0168641973176
1815	17.713664763369778
1816	17.2373939096621
1817	20.804585792459548
1818	15.316437021347282
1819	20.561971481889486
1820	17.570215133788427
1821	21.036637677599746
1822	16.440164027014568
1823	17.970844101354132
1824	17.64333246132689
1825	18.381795371664808
1826	18.998624332742764
1827	20.618874230127403
1828	19.79699087243191
1829	16.593093683275296
1830	16.34488656956237
1831	16.269127312185766
1832	16.130587549586952
1833	17.42337937064408
1834	18.742222686396225
1835	19.89231182955483
1836	18.490015551394766
1837	17.572302678986453
1838	16.36797457411452
1839	18.09338598252485
1840	16.626587857582813
1841	16.945780863722867
1842	22.808703360204962
1843	21.462648770029773
1844	18.740545408079925
1845	18.118197030984092
1846	17.9861133344415
1847	17.25263715844156
1848	19.02123271467164
1849	20.082935885270125
1850	17.72631948216858
1851	17.496474836385204
1852	17.62783252220106
1853	20.656974617869427
1854	17.518345511268656
1855	17.713654818414298
1856	21.645361361838876
1857	20.132438842672855
1858	18.39878322243137
1859	16.10674131005362
1860	16.036401101830414
1861	16.699918334552255
1862	17.556502396331375
1863	19.71973721443889
1864	18.12244214317884
1865	16.72105383516543
1866	16.464530432813575
1867	20.698116486219483
1868	19.64631200693111
1869	23.23035348643722
1870	18.395108814908973
1871	17.72252751485518
1872	15.106740703062234
1873	18.12301668301789
1874	16.837922930646325
1875	18.110013202293775
1876	19.800473870002875
1877	18.678757078447298
1878	17.08940861608264
1879	13.7382894348743
1880	17.8671996435559
1881	15.925175516270535
1882	18.265504594085478
1883	15.90017037960235
1884	16.243119377520326
1885	17.142796780329284
1886	16.667021176482862
1887	15.927620189400601
1888	16.63316651407716
1889	18.23254197701812
1890	16.07488497595667
1891	16.62658398396801
1892	17.535372012588024
1893	17.531899379263194
1894	21.989780143857935
1895	17.042190736006013
1896	18.372348605042422
1897	15.613138388919955
1898	16.607795189702884
1899	20.79911350007169
1900	18.261997394202474
1901	18.70873282061841
1902	17.031542233528796
1903	20.67581211120705
1904	18.040722481035626
1905	17.515536647795283
1906	17.548536006962273
1907	17.483293718723743
1908	17.079818667676463
1909	18.333009642055625
1910	15.610863162647753
1911	17.804730977124088
1912	17.258970414081382
1913	19.604425184135327
1914	17.49724607382035
1915	16.50627891823303
1916	16.75868222150372
1917	15.675724876164976
1918	17.839939084378475
1919	18.091668828149086
1920	16.788612685810644
1921	19.165594277874334
1922	19.641910329323125
1923	16.317240921471715
1924	18.64092273674302
1925	16.752705085368053
1926	16.831007247092202
1927	19.054228019512568
1928	17.783014723968034
1929	15.475506928242144
1930	16.34422988585583
1931	17.04383028212469
1932	15.618519124248996
1933	17.256167264916
1934	17.401054492690896
1935	17.024210242624935
1936	17.59431692138941
1937	16.31503556582665
1938	18.38471555037081
1939	16.890935367974453
1940	22.49417438916862
1941	18.435027913954222
1942	21.991109152388898
1943	17.573135592208633
1944	16.939970501440325
1945	18.258167356924297
1946	17.58886037178551
1947	17.434817987685093
1948	15.90112893243649
1949	22.07152914649761
1950	23.110551524986427
1951	16.546019016005296
1952	20.06879348107355
1953	16.53380620087448
1954	19.310501512894206
1955	18.868531082262646
1956	16.203408509817866
1957	19.004973898842106
1958	16.85024965121901
1959	19.407836980954745
1960	16.392496020901167
1961	18.00644233920828
1962	18.9088917378569
1963	19.58907744604661
1964	16.432227914476805
1965	16.593406462380663
1966	16.9150695267088
1967	16.130421502215444
1968	21.237082489184104
1969	20.35534775769338
1970	19.013562600631268
1971	16.57842331029921
1972	18.65307497109752
1973	18.148341476764593
1974	18.38028287351466
1975	15.539693692556373
1976	25.36881662523482
1977	19.335203542698956
1978	17.342962800231028
1979	19.07471150606024
1980	16.46472961340251
1981	18.253056951727636
1982	16.2762733912142
1983	19.162986888363957
1984	15.79041420106776
1985	18.89019514269365
1986	18.27576349659725
1987	17.259243352265912
1988	18.824408392314798
1989	16.07212898625754
1990	16.346752694088288
1991	23.81938253063252
1992	19.58987250002236
1993	17.024307390592163
1994	16.862983830329032
1995	17.001705481847747
1996	16.65561417379882
1997	16.174340125496705
1998	19.983210595916923
1999	26.262968558356526
2000	23.177949208435926
2001	16.02840954767491
2002	16.72928664758148
2003	17.443571189730427
2004	17.862405252116734
