6	11.974532952275391
7	12.625562297246361
8	11.500087233155941
9	12.043329601087049
10	12.870640872473894
11	12.546635935752516
12	12.5496634949631
13	10.998812546322435
14	12.703695772789331
15	13.88028773325209
16	13.425764232043514
17	11.342512035269893
18	12.476936842501816
19	10.592028465186255
20	10.794475598958767
21	11.786046594165933
22	11.09246368517961
23	13.33658405287988
24	11.763691261692536
25	12.931104120158501
26	12.349834866294259
27	11.678208238011575
28	12.701506917611368
29	12.37781976445664
30	12.386673586125214
31	11.02822986370042
32	13.302499351439042
33	13.531479409104504
34	12.519317759826933
35	10.330005087356854
36	10.42353893337825
37	11.843212144062734
38	12.54410231624902
39	12.133003872273548
40	14.218211232133877
41	12.536586308328749
42	11.985778561494005
43	11.832252056727157
44	10.173105398238311
45	10.819498565649862
46	10.70972141946695
47	12.934281354805146
48	11.422712816145697
49	13.329646811391845
50	11.328556164422771
51	11.234186755198303
52	13.080032218448402
53	11.088913952673161
54	13.379314238092775
55	13.200999347459318
56	11.905773992950603
57	11.364065655740308
58	10.718810950338229
59	11.353859536322691
60	11.419074770705793
61	11.53973408472763
62	12.812525955492934
63	10.934331587461788
64	13.326343724147591
65	10.800065180354327
66	12.073830866901456
67	10.36810631361885
68	11.44561412704486
69	13.927980462001209
70	11.488256511488792
71	12.070302629107028
72	12.902373494950709
73	10.263865870243754
74	10.985573112601951
75	12.933612518924056
76	14.529870771559823
77	12.12002119356755
78	10.98788584518308
79	12.0104177504174
80	11.50789616138143
81	12.818451241502771
82	12.402078571719288
83	13.279265944112222
84	11.749726394295326
85	12.51423956122825
86	12.092085589586835
87	10.71625183771651
88	12.705104528077063
89	12.748624950970406
90	11.417867500248576
91	11.520026895972
92	11.912181246213832
93	11.483427542699456
94	13.560604958130474
95	10.846833155788167
96	12.49005989535314
97	11.239708922946011
98	11.61940013214637
99	12.880096615106876
100	12.874792066499746
101	12.20507418311635
102	11.551156056323425
103	13.476180132455031
104	12.663358991188579
105	13.070421128027496
106	10.629147333286529
107	11.601423951916766
108	11.51421763606777
109	10.88783147333519
110	13.012786671173806
111	11.48911843066228
112	10.44555941926332
113	11.466041802372274
114	11.47695563882553
115	11.70261465430721
116	11.829322556989501
117	14.166617921172431
118	12.43006256246299
119	12.703925529434995
120	11.83003622070135
121	10.505724969644385
122	11.066569862813811
123	11.717762322960409
124	12.487351002494124
125	11.201544715624186
126	13.692413717166055
127	11.026060347535653
128	11.653404388480174
129	11.443807298421572
130	12.825057495836518
131	11.981581782413464
132	11.789262418649741
133	13.852642235019067
134	13.182075726949552
135	12.78060612655411
136	10.855466150358552
137	12.754350642053177
138	12.373673009047101
139	12.611537305018283
140	12.453788584185531
141	12.17337792199396
142	12.280300491390252
143	12.291475637957046
144	12.228846999614255
145	11.912448848023713
146	12.281570690927765
147	12.033036761911111
148	13.24043200894396
149	10.615374469363209
150	14.12022391021059
151	12.31924128270322
152	12.347374818064273
153	11.332100776153231
154	12.509726022627936
155	12.960497423283718
156	13.480011568318954
157	11.847579881519778
158	12.970094477792736
159	11.079014229193012
160	12.588075047534433
161	11.316179959120095
162	15.025899882330123
163	12.018836856681155
164	10.845470607912285
165	12.207950384408468
166	12.221190761901973
167	10.165052903396793
168	13.344994344074033
169	13.3414380154788
170	11.269778934065375
171	12.913003530095388
172	11.883373105992836
173	11.217887008317946
174	13.619107909522677
175	11.938932434493909
176	16.139482661584044
177	12.504566457933105
178	11.45914470177983
179	12.303844901376308
180	11.602041139827287
181	12.237818205999377
182	11.228774483447083
183	11.852791736003436
184	11.464775988653182
185	12.505398576047204
186	13.264501364077054
187	10.727694628064151
188	12.828132529884376
189	11.468481608328322
190	12.885804262269327
191	13.270456793747144
192	12.569280292269964
193	10.615475922552529
194	11.086364476595397
195	12.998802467334933
196	11.389043585798936
197	12.084806002965196
198	11.658122001836384
199	12.298661912185102
200	11.453057343670176
201	13.549638043465992
202	11.200703997522771
203	10.915316228786693
204	12.745853704379746
205	12.58443703292869
206	11.26199307670322
207	11.262138129300487
208	11.17661284396066
209	12.696786630161418
210	11.488303790386453
211	12.000601256064588
212	13.035000698588757
213	12.41758508021303
214	12.598268014871454
215	12.883807592604509
216	11.33120640583608
217	13.001200138391662
218	10.217293650552165
219	11.339580689562718
220	12.681368037559357
221	12.169667424033833
222	11.172996203210046
223	11.756658314500013
224	13.590616265665934
225	13.120660769747866
226	12.423143562995392
227	13.19841163524467
228	11.4540618359379
229	11.355200856219744
230	12.820246420030067
231	12.981754928446026
232	11.522585720037688
233	10.646697183429206
234	12.350104183349758
235	11.976175715983846
236	12.43977043731987
237	12.258531561044842
238	11.120286519689087
239	12.077213223010007
240	14.302546350252815
241	11.983715206056367
242	13.289717169657637
243	11.820049904601182
244	11.934701077950013
245	10.69959873095673
246	10.824346458817066
247	12.216956702911993
248	11.901581765673612
249	12.773379736742264
250	16.46772820232932
251	10.035419475621355
252	11.270554145661984
253	12.955745049071519
254	12.79404898398449
255	13.96944520218191
256	12.068577648716746
257	13.717355346596811
258	13.152918564012824
259	11.85911940075554
260	11.819551907914082
261	11.86857345034999
262	11.263282838024441
263	12.181348191756115
264	12.74606880985084
265	11.709201378703725
266	12.746441215092394
267	11.93357882813351
268	12.471368902283231
269	11.938062245325584
270	11.738023414489968
271	11.82571406822186
272	11.246954727468879
273	11.362662327364722
274	11.818968075458542
275	11.562587903266023
276	12.437314428573009
277	10.68081454859401
278	11.227443618285738
279	13.266752270719735
280	11.19714855296479
281	10.757180401678418
282	14.510022380124914
283	11.913645182993994
284	12.462378080747536
285	12.850535357074113
286	10.988555707442371
287	12.432660569592068
288	11.430093709012727
289	11.948914594110102
290	11.360588108417923
291	11.870028029461695
292	11.35594699892404
293	11.062698949076003
294	11.542229705230662
295	13.147320840135217
296	11.825860927409613
297	12.853410670012332
298	11.639596192459326
299	11.888979011752998
300	11.540698335845955
301	12.902541342651238
302	10.964380367151461
303	12.830126454643905
304	13.883181987863887
305	14.056342244771562
306	12.33114526099858
307	11.803741538827861
308	13.717974318137857
309	11.830027647306332
310	12.338624168979651
311	11.849054836118334
312	11.621760679174137
313	10.455775335305729
314	12.495338250349354
315	11.848683280996857
316	12.149887326247363
317	13.46523473107256
318	11.496546755911208
319	12.750201083686745
320	11.588332230963523
321	11.701152556571524
322	11.565152581121461
323	12.070336915989174
324	11.467473654373316
325	12.463273303639143
326	11.285108625240225
327	12.493957076738297
328	13.203477259428057
329	11.095154306431747
330	12.785683344928353
331	10.55517458347392
332	11.843821472522583
333	11.181130370308358
334	11.887435196782462
335	10.716375061495844
336	11.967959820506318
337	11.195659535476006
338	11.535756485060997
339	8.988466386453519
340	11.434056489928626
341	12.409207619284711
342	11.71988075398743
343	12.845875729420056
344	11.597173567824454
345	13.349641875938202
346	12.671404471362216
347	10.945956652118845
348	12.72589804513215
349	11.577668110160934
350	11.511608990120564
351	12.773141555574156
352	11.49109319838149
353	11.756275199210116
354	11.934112552764418
355	13.911025934232525
356	11.905039378683655
357	11.242382499812972
358	13.11610326953698
359	12.817702349674489
360	10.562682577386463
361	13.828148625702598
362	12.60616743828723
363	10.910324831033082
364	10.933945516939275
365	12.999394338797511
366	12.702463477395941
367	11.564680416168322
368	13.471612728091422
369	12.347078679830302
370	11.722293164519943
371	10.089410826217499
372	11.010557938192505
373	11.866667185010066
374	13.081865690461806
375	10.276895210474592
376	11.61489884142281
377	13.557168578581983
378	13.664175211270049
379	11.088485106921997
380	14.097070067842854
381	12.640071704804237
382	13.63696475195424
383	11.797365794855233
384	12.981811899483615
385	12.170278196460762
386	11.037836668414457
387	11.494658292864916
388	12.566915285845011
389	13.060689342039405
390	11.335654361586025
391	10.971409342074564
392	13.234027045141177
393	12.847777528320684
394	13.048856906811125
395	12.224535355217963
396	11.732792834017475
397	11.844175181839091
398	12.31490958355183
399	12.241845703189028
400	11.495735646782963
401	13.179500772213213
402	11.918600631105024
403	12.010036296780786
404	12.395832997460039
405	13.150487831234932
406	11.663572764305053
407	11.678628508889233
408	13.081167002480166
409	12.17766745649099
410	11.934817952062682
411	12.683498715029865
412	12.486504286178388
413	12.664391165398145
414	11.548599226293964
415	11.486198305385187
416	12.326458453522285
417	10.876584899947584
418	12.027880292195318
419	11.427100145007463
420	11.7458043073462
421	13.279080917180982
422	11.950564398495771
423	14.667849197469573
424	13.175939424072567
425	12.47091216695952
426	12.376184292794076
427	12.76572267469185
428	12.193737018836796
429	11.310606930226854
430	12.710102432112519
431	11.918619156418746
432	12.386564239326521
433	13.2056053057507
434	12.524350806286007
435	11.631856185524224
436	9.800626736864531
437	12.44193947288351
438	9.842307374413833
439	12.226757927359913
440	12.075317978357466
441	13.013011285392471
442	14.634709740039293
443	12.932734718266321
444	11.818806341192007
445	11.60102248821689
446	13.699537510991961
447	13.107386955137676
448	12.308599909112672
449	12.494352018389488
450	12.75028623593583
451	10.735087536649578
452	13.054225552508363
453	12.475761363637337
454	12.853293131974405
455	10.710220737015003
456	10.587420720047742
457	11.36912647162797
458	10.644845146199224
459	12.099624518594162
460	12.056129313518925
461	12.402744769232903
462	10.933850012186062
463	13.286385483436149
464	12.98516975200159
465	10.655293490031909
466	11.568683686456227
467	11.079563235924129
468	12.474538919697807
469	12.450179639809196
470	11.691280845026657
471	11.6486264388985
472	13.913724582993988
473	11.924814898429238
474	11.62304522915814
475	9.58801734069961
476	10.030305640221657
477	10.986802840447732
478	12.046772348812997
479	12.746130647130485
480	12.962435834978047
481	13.666184733494273
482	12.356770496574297
483	10.55103076561063
484	13.685620946566695
485	11.208294182238877
486	12.105102788947988
487	10.584299499842976
488	12.083419551207044
489	11.93225645077182
490	12.595884508582198
491	11.771588609293325
492	12.132333505366221
493	13.049193807508951
494	12.510788520055174
495	13.08995524501855
496	12.362042364010659
497	11.778641911703744
498	11.237346656402224
499	11.733744475324638
500	12.501876864577008
501	11.941062380804215
502	11.560822240355062
503	12.19410065421619
504	11.34780806997283
505	10.733434626960339
506	13.321493944286726
507	11.05785672452159
508	11.395700389842709
509	13.037094978497219
510	13.10289855343419
511	11.201168675848749
512	13.098291787504092
513	12.921831607074031
514	11.760518830310806
515	11.524367185985847
516	12.60706585488515
517	11.329986759461462
518	11.831108497893437
519	12.009613971304372
520	13.120109455103217
521	12.77274569815535
522	10.927965411724037
523	12.65958017965022
524	12.525353450544312
525	14.093887015425329
526	10.595367325009734
527	13.27308397986436
528	13.01803854771424
529	11.562951019406318
530	14.171051512937993
531	11.689239852834449
532	11.863644790918139
533	13.17290663068839
534	11.67592214307903
535	12.216696127291387
536	12.780374480687358
537	12.115871270049617
538	12.511302860995658
539	11.535808035094911
540	11.885598697233945
541	11.469376024158139
542	12.03477352195885
543	11.369089236151371
544	12.762177662915617
545	12.671508698331309
546	12.833236432285048
547	11.77226943357382
548	13.094447784192967
549	11.288513686083025
550	12.493163626658282
551	13.457080379570835
552	12.449267109161996
553	12.538678012578748
554	12.793578410309486
555	10.456651108198505
556	14.921217812377767
557	11.981639594394856
558	11.926579383502636
559	11.124894270020175
560	12.307925561872503
561	12.384743678660708
562	12.138057977578137
563	12.113777824860465
564	12.274173394787464
565	11.780345002762731
566	12.200254233020436
567	12.11999671451728
568	10.747880030112961
569	14.117518663547296
570	11.77767730266593
571	14.362434314555841
572	11.6723769508244
573	12.262226752391804
574	12.7650990956058
575	12.760154681159184
576	11.220594565271986
577	13.574211519200443
578	13.727328770160158
579	11.906695950417392
580	10.619547057625217
581	12.747377590073652
582	12.295452668143508
583	12.84974156316552
584	12.956569299595431
585	11.963950405504717
586	11.527463737259884
587	12.00095614369493
588	10.563926591251706
589	12.70746471216747
590	11.724396064560013
591	14.420776745005112
592	11.730767714849208
593	12.253702683698837
594	11.822848209538884
595	14.305926095158792
596	13.412786913068924
597	12.02229955959289
598	13.209339328759693
599	12.28730772491634
600	11.822472794250643
601	12.884872616035864
602	10.453551633225288
603	12.576346699709326
604	11.318463850017313
605	12.44371384142009
606	12.935992576789836
607	13.151819850430911
608	13.204093326226575
609	10.96595612098948
610	12.322450228894013
611	11.196468884086547
612	12.436285537913836
613	10.437479674416993
614	12.76058764298124
615	11.957268476757841
616	12.327367665799102
617	12.46004613885279
618	10.759424772126497
619	10.673074910472636
620	11.131083948886953
621	12.730967396870255
622	12.121564710234654
623	11.951664878082845
624	12.962196341710902
625	11.695186228546149
626	10.913389557762107
627	10.901787726981143
628	12.190550332410364
629	14.025305635495377
630	12.497215292770237
631	13.23824374510635
632	10.236494450730138
633	10.467901709524956
634	11.74598682442281
635	12.802579627163746
636	11.753530346244053
637	12.207175165971579
638	11.134593234423342
639	11.53986841085134
640	12.165898102598831
641	14.006819156584916
642	11.379142779546479
643	12.04501348099132
644	11.509060258050853
645	11.835302685343276
646	12.009798999161235
647	13.079398104015532
648	12.724303613426974
649	10.856586152158949
650	12.35191048270402
651	11.463207508665315
652	12.862525841348212
653	13.647637304330905
654	11.096886827621017
655	12.244535540856305
656	12.425780096342542
657	11.26039980834153
658	14.076712014798735
659	12.317491995444035
660	12.447835930849477
661	11.383479686262685
662	12.637649438477819
663	12.8340989846399
664	11.276194012459284
665	12.948281899958742
666	12.754195900940845
667	12.568935916915787
668	11.697093831469482
669	12.661582242543808
670	12.712836570601212
671	11.91264755273005
672	12.38752489502076
673	12.22318038261766
674	12.434894318966794
675	11.691957223922946
676	11.24261736293027
677	11.309306129502753
678	12.846908847971159
679	10.497275435636121
680	12.779972920269106
681	12.762930418096948
682	12.374672162824677
683	12.09430847826436
684	11.499064466899968
685	12.356656785578128
686	11.646039054420545
687	11.333230691407586
688	12.870249238831025
689	11.943578855354904
690	13.931671885303027
691	11.12429863611275
692	12.692119066457963
693	12.570298961897302
694	13.703775362980265
695	11.442147139054724
696	12.074514707024006
697	11.125955019624339
698	11.511361601524099
699	11.942262033102452
700	12.29013788295825
701	12.97525836169635
702	11.127419194217683
703	11.30674436124391
704	12.798405046199239
705	13.183720634485196
706	11.671006624015387
707	10.941967940758332
708	12.183977192195709
709	12.702836824023203
710	11.604864314144764
711	11.362426101371009
712	12.08092067484675
713	12.984128272414885
714	12.278961665098905
715	12.636139334690856
716	12.132295536182937
717	11.944951900869556
718	12.1272481270224
719	12.205285478307975
720	12.053810150494842
721	10.630779911535791
722	11.53385256583114
723	12.854245489309376
724	13.27245888966494
725	12.60436127152245
726	14.242043278977723
727	14.163355535633551
728	11.35342324579445
729	12.054296696880122
730	11.12461070290301
731	12.074147952378787
732	11.683871871399644
733	13.012440118661505
734	12.40064212178792
735	11.744150457808116
736	13.814711436497358
737	12.340995684036898
738	11.926254886407404
739	11.697244390703418
740	13.180040486975729
741	11.534349288543403
742	10.638084512835025
743	11.83850680926763
744	11.391008582670198
745	13.042665280194747
746	11.971461960230954
747	10.975100965507758
748	11.274891918626494
749	12.850857061722005
750	13.292703523307436
751	13.162398895610272
752	11.95317522424092
753	13.329518766836264
754	12.0422101287749
755	12.323651978965191
756	12.37746448713837
757	11.261106346140703
758	10.896905131604095
759	11.611388407948349
760	11.91309099253829
761	12.235373083494293
762	12.127690670531592
763	11.367524767498253
764	11.23293045575043
765	13.949264985674885
766	9.689608854348384
767	12.502026562978669
768	12.424037382289368
769	12.497851908351073
770	12.081895151918399
771	12.675416720611974
772	11.865978964896968
773	13.619196980130464
774	12.224719660068374
775	11.782677730180634
776	12.632585727672753
777	13.368793457549495
778	13.632217843856779
779	10.946102776568413
780	10.660096754641494
781	12.222791839602657
782	13.877833595552753
783	12.665805546072079
784	13.08847823322867
785	10.121309617434495
786	13.553608601805395
787	12.210560763589456
788	12.104188508525326
789	12.870706361401345
790	12.274765278396304
791	12.406473487582323
792	11.675320556098145
793	12.068309417591713
794	12.79293295368121
795	12.037762777134777
796	11.525164706923533
797	11.542624820573737
798	12.419981492000856
799	12.206997278857873
800	11.849151114258953
801	14.492672513269454
802	11.156436604419563
803	12.475013192549037
804	12.511394413304515
805	11.094869209212872
806	11.953604542805502
807	12.873334965802496
808	11.963479021687817
809	12.260636426725382
810	12.974188801884237
811	11.404562968624242
812	11.050451156892814
813	11.912155012286155
814	12.914214194704341
815	11.352023328050217
816	10.254396383392825
817	11.063788530911552
818	13.412114348855209
819	12.757681135246198
820	12.38567119430601
821	13.361192859531576
822	13.505942824575039
823	11.723298243816114
824	12.498096396063413
825	13.408222203441571
826	10.737822384229124
827	11.106783099282582
828	12.239692959903131
829	10.605836787210453
830	12.429120715358295
831	11.983593046241863
832	13.735107493742058
833	12.52341108634853
834	12.175370582887394
835	13.106638732961276
836	11.55959475809747
837	12.221167061822987
838	12.085006545035867
839	13.228849277033337
840	12.248584097820899
841	10.015061188201585
842	11.451383556763176
843	12.317928573642536
844	12.496671914889399
845	12.692948334268294
846	12.638444755506633
847	13.665727736690314
848	12.204985978460172
849	11.084760043595452
850	13.118417976850955
851	11.036849977336646
852	11.512823178429736
853	12.124789297900861
854	11.752868314234851
855	12.443366757349576
856	11.852265619240436
857	11.919415783059472
858	12.875632205101496
859	12.295865818688815
860	12.894453575485386
861	10.796267384773818
862	12.344330335390458
863	13.312046788930376
864	12.2828085136367
865	11.588798141194275
866	11.595140023107108
867	11.416586817813698
868	12.872141733761124
869	13.141050918102597
870	13.996530898890342
871	13.52829183341766
872	11.7855864288957
873	12.965494768643428
874	12.47948054940692
875	13.242401126455034
876	11.575836907814095
877	11.974388297254336
878	12.134945614072162
879	12.000772384567307
880	12.28198707179815
881	10.789472337230109
882	12.397920806334392
883	11.09478829789441
884	11.754243069924996
885	11.729937503950039
886	11.410713560209842
887	13.166712770741734
888	11.258398320236724
889	12.375921026021908
890	11.510808134955974
891	12.626724662104001
892	11.672494519430781
893	14.667468407223932
894	12.33875344422025
895	12.880615196057729
896	12.889333774485896
897	13.023849907241619
898	12.185689710555986
899	11.789890027076277
900	11.884858356174563
901	12.504751601834752
902	13.391497240862405
903	10.60028217725498
904	13.424643708543348
905	11.478115801271052
906	11.768350986499255
907	12.305041893642434
908	11.55357967595531
909	11.482746101247713
910	12.186309964158168
911	12.686556979111629
912	11.038681621585662
913	11.545249643070358
914	13.20659449265028
915	10.743296810606463
916	12.15144024622928
917	11.495802770999338
918	12.487542523983866
919	11.441834137761035
920	12.05284738110971
921	12.922884533319369
922	13.083264778385422
923	11.015202299054877
924	12.405948357111109
925	11.861814850640561
926	12.160537780056565
927	12.65049418759758
928	12.059507309803104
929	12.079294974678197
930	12.155369339893307
931	13.321568939097537
932	11.951822306924058
933	13.05204418213332
934	11.492463502683677
935	10.90650145036731
936	12.606014906346832
937	10.562899671621077
938	11.77573161437026
939	11.93750368996078
940	13.337717722948582
941	11.410501953843049
942	12.856247032044589
943	11.90631539055903
944	11.496996713535433
945	11.890546172201478
946	12.064613151561934
947	11.445988982691363
948	13.29068146537058
949	12.802132326140834
950	12.326803981867851
951	11.786925879439382
952	11.5399919774047
953	12.259000314534397
954	13.59667067846749
955	11.881577523974036
956	10.438861184409083
957	12.941907571837268
958	12.345838248803004
959	12.83569163121283
960	11.831106403027661
961	10.650771631514653
962	11.992611797642894
963	10.693556092050859
964	11.87287659214538
965	13.4291720391081
966	11.955458854214244
967	11.794653327102893
968	12.293611762942746
969	13.018981629153132
970	13.334263627251717
971	11.670719612769417
972	11.805673484862782
973	11.332432282465996
974	12.139702246203088
975	11.570442378674635
976	11.820548959793523
977	13.854249519616133
978	13.062452987326347
979	11.044176015499813
980	11.54932250000517
981	11.875015862103876
982	13.83867203775444
983	10.76812235938592
984	12.985598422518127
985	12.071597013934214
986	11.463885649160753
987	13.117333775153384
988	12.739267242539567
989	12.375997660612814
990	13.599273747027231
991	11.69889776436321
992	14.003763604514663
993	13.077133233789937
994	10.799522200560508
995	12.374769302038477
996	12.322918555784362
997	11.6716509153756
998	12.743267298172748
999	10.921564769402417
1000	11.723877600029759
1001	12.72673507739738
1002	11.689798871949314
1003	11.953414441531224
1004	11.51191541973967
1005	13.451516982200701
1006	11.723501188138945
1007	12.65718787542234
1008	12.32283058932248
1009	11.767392020468833
1010	12.997875763433209
1011	9.660400913441899
1012	12.698469977688921
1013	13.758534835006381
1014	10.710086580749097
1015	11.508625056293871
1016	12.7122783130393
1017	11.691200236651909
1018	11.858914749554565
1019	11.991627994337293
1020	12.412795119564093
1021	12.629950583785893
1022	12.514083032363228
1023	11.582920490889121
1024	12.343057870452563
1025	11.484916120956768
1026	13.389907842954724
1027	11.67468048885572
1028	12.119259674850452
1029	12.53053542948834
1030	12.747098964255269
1031	11.290050412275983
1032	10.298057932022493
1033	13.497937513743123
1034	12.453916573300376
1035	12.730968410228213
1036	13.77894261109177
1037	11.933348740750391
1038	13.05806001413223
1039	10.400503829869335
1040	14.013256400734043
1041	12.356688647709754
1042	12.475579246789373
1043	12.178724930039607
1044	11.698992112271853
1045	12.23036066001805
1046	12.34512152430473
1047	11.540093128172554
1048	11.66230923255595
1049	11.953139659603156
1050	9.862707824546046
1051	13.442763662198558
1052	13.203411520700213
1053	11.282445510732941
1054	12.760305194960287
1055	13.01918595554997
1056	12.399623116555935
1057	11.374179559785667
1058	11.755195425860585
1059	13.198329674603883
1060	12.704829723205572
1061	11.595516491611487
1062	12.344424149383688
1063	12.603350799697052
1064	11.64244485264644
1065	11.80231637264868
1066	12.016358999513267
1067	12.236729575776156
1068	12.243635189921285
1069	10.91056851328176
1070	13.052339026726605
1071	13.37595040753432
1072	12.848960675072307
1073	11.78788032389379
1074	13.522548838402145
1075	11.733364647739412
1076	12.29040703174865
1077	11.467908981690805
1078	12.161491017250729
1079	10.257617229839699
1080	12.197460808209144
1081	12.808684880651223
1082	11.976250187132973
1083	12.465610124448386
1084	12.781687711249106
1085	10.473633230991524
1086	13.397031170176342
1087	12.445001790115688
1088	13.725989903400963
1089	13.30607734770941
1090	12.96224684024734
1091	12.441426523616942
1092	11.6480913588514
1093	11.86950696094347
1094	11.08134522530335
1095	11.923021063815964
1096	11.946085957009345
1097	12.976220547955913
1098	11.867897626056912
1099	12.703904992040327
1100	11.909710240613839
1101	11.48145247602158
1102	12.888631775345216
1103	10.759896018042195
1104	12.783066784751348
1105	11.990641403262055
1106	11.283202177529494
1107	12.869224259397015
1108	12.979960601460855
1109	13.570435434771593
1110	11.508719996549189
1111	12.451858195175495
1112	12.92876128198717
1113	10.660995584302803
1114	12.23781772935763
1115	11.445102542017898
1116	12.697872619937698
1117	10.847125060906958
1118	12.887881874993083
1119	11.950208049500361
1120	11.89376246490671
1121	13.835601376590171
1122	12.471556535551187
1123	11.560347808792722
1124	11.859369671426801
1125	10.765973938861862
1126	13.144402625316399
1127	12.331534052442294
1128	12.104314940690529
1129	12.225802167638903
1130	11.897905033524149
1131	11.992617440763516
1132	12.8948950385569
1133	12.669505586880925
1134	11.780921405572444
1135	12.335537139151711
1136	13.55126847686673
1137	12.175994219597973
1138	12.579351038037037
1139	12.989981221628842
1140	12.436672726740923
1141	12.180032919285198
1142	10.500175526646975
1143	12.266407903394123
1144	11.545683989484262
1145	11.387907427701133
1146	12.329208586068654
1147	11.734610231804254
1148	13.385353953732798
1149	11.771241225055693
1150	11.526986997409645
1151	13.45497940631079
1152	11.677124725701287
1153	13.29934187854607
1154	11.138508024841064
1155	11.559424816428994
1156	11.879298206583675
1157	11.981055427901447
1158	13.538398976618838
1159	11.407783895298573
1160	11.271023567874051
1161	13.057626762124709
1162	11.789784766015751
1163	10.240289988392895
1164	12.904555382853788
1165	12.726506875289989
1166	13.006003819014454
1167	12.30771178165118
1168	12.77713188163838
1169	12.969105579511961
1170	12.113560970445784
1171	12.138764495388992
1172	11.077138619540536
1173	11.72002114955103
1174	11.772622127508468
1175	11.090723292475255
1176	10.577051377745674
1177	10.51999484853819
1178	11.537950364416853
1179	11.21933946327772
1180	11.58764846206953
1181	12.203617803859137
1182	14.174924962004297
1183	11.376067253178917
1184	13.412464529128844
1185	12.106612467245819
1186	10.893741834230479
1187	13.562829675036483
1188	12.411094083586553
1189	13.217285669243816
1190	12.071260725002503
1191	12.555170792263068
1192	9.722363855725584
1193	12.261907441386333
1194	12.02722669966031
1195	13.645823810861826
1196	11.656415940140901
1197	11.589134697732515
1198	12.027024575509131
1199	13.345615662879458
1200	12.605720074023479
1201	11.56798306122655
1202	13.120667775778566
1203	13.407695798505166
1204	12.308885622360133
1205	11.504274683222175
1206	11.798650462857701
1207	10.714096688568437
1208	12.269847124516964
1209	11.38671252244967
1210	12.26596457467832
1211	11.302340080495924
1212	13.074386225792114
1213	12.365306430916872
1214	10.179665476210754
1215	11.52959331101738
1216	12.560455770562253
1217	11.513818405580855
1218	12.09418069330665
1219	12.424361818011675
1220	10.581348004052415
1221	12.382555689558323
1222	12.100268845912069
1223	11.85670906403347
1224	12.805639769147652
1225	12.989748777048662
1226	14.615136798286889
1227	11.93097014661568
1228	13.533359390497207
1229	11.258105772948856
1230	11.897676691626353
1231	12.673436101631854
1232	11.569749799113543
1233	12.213381061010296
1234	12.588812238786236
1235	12.333895937852503
1236	11.078176930442389
1237	12.80457254412717
1238	12.618047131708375
1239	12.554409864649642
1240	12.453344476021206
1241	12.785684640805068
1242	13.280197212508378
1243	12.253586204228922
1244	11.306722939398606
1245	12.661503562461943
1246	12.297722951916512
1247	12.085068145068362
1248	11.206835249412016
1249	12.557913559001463
1250	13.618512035336938
1251	13.807870709422666
1252	12.136459772872245
1253	13.01776463062232
1254	13.437346012000209
1255	12.736888115686414
1256	11.867830988543574
1257	13.008927268637343
1258	11.254522565286607
1259	12.417477518383583
1260	11.618648131746644
1261	11.703608140606304
1262	11.153526721023288
1263	11.812742868046227
1264	11.244369431269458
1265	10.613630488493733
1266	12.657202172314282
1267	12.635064669757742
1268	13.605567367669815
1269	11.652703725393318
1270	12.466135935150445
1271	13.106389016200623
1272	11.683835092514832
1273	14.872004517369092
1274	13.061556461043656
1275	10.869559613366922
1276	11.067589027690701
1277	13.293888450703687
1278	11.837458658905234
1279	12.551900385917785
1280	12.761085080817187
1281	12.429671327605666
1282	11.772666613744091
1283	10.988063321001828
1284	12.971022277898891
1285	11.20945431178968
1286	11.807709906785119
1287	10.853151665914705
1288	11.924323607874275
1289	11.165536953673627
1290	12.380340679555736
1291	11.517608981447943
1292	10.807918297512723
1293	12.241820837603882
1294	11.213148024620576
1295	13.410669325249424
1296	12.104643641961351
1297	11.98732779319398
1298	11.632209134891767
1299	11.695457777875061
1300	10.558905692445114
1301	10.809945067180143
1302	14.687478114357766
1303	12.082724433890062
1304	12.09168864248897
1305	12.460404067022655
1306	11.794755040619444
1307	10.64178789104335
1308	12.416291319562688
1309	12.486026413437989
1310	12.315221769593494
1311	13.445397183188193
1312	12.530766937532462
1313	11.557129332319494
1314	11.819687620616229
1315	12.935380674055999
1316	12.90349464234896
1317	12.52588420881269
1318	12.741765573669303
1319	11.631419136783936
1320	11.765693742382739
1321	12.202627791893772
1322	11.54832917288877
1323	11.292179979574444
1324	11.895384205868467
1325	11.934806613321417
1326	11.614785812274718
1327	14.167092301971827
1328	11.965735496539208
1329	11.069421796152662
1330	11.99610242882045
1331	12.435396436098662
1332	11.907098993862746
1333	13.139539847096716
1334	12.642034173593856
1335	10.025012600077316
1336	11.468653246055029
1337	13.338288122641474
1338	12.816167119376283
1339	11.484652380342595
1340	12.065204437930758
1341	12.051505223445764
1342	12.666261646991849
1343	11.752226489363238
1344	12.629331048578024
1345	11.975506384365467
1346	11.93636344534602
1347	12.666917875650581
1348	12.776702917545386
1349	13.332390896510333
1350	12.745324330726781
1351	14.00303459759905
1352	11.128049902840178
1353	13.343817758849278
1354	12.969740032433318
1355	9.702619433567937
1356	13.038992418639827
1357	11.409459705201343
1358	12.51988233436298
1359	11.149977064950185
1360	13.381728399195708
1361	10.945850613785701
1362	12.375516297675118
1363	12.233281096676365
1364	10.975590598221208
1365	11.90475001788698
1366	11.309738995729102
1367	10.981094307570647
1368	13.688701429990706
1369	11.540755302144328
1370	9.779256298564947
1371	13.351214658675921
1372	10.082468037149825
1373	13.172720690445903
1374	11.878468582417224
1375	13.601503308807011
1376	12.669948041330956
1377	13.283830672855778
1378	13.619226942502076
1379	11.037035831323776
1380	12.29405727578327
1381	14.104063355475665
1382	11.981998805511033
1383	11.701987127500141
1384	12.268838149602137
1385	13.694095722322041
1386	11.929666519291155
1387	11.897666631816803
1388	12.898581067158375
1389	13.112817620148416
1390	12.693543348771831
1391	11.711387810434893
1392	11.679292242253723
1393	13.652078967968313
1394	12.666901329838621
1395	12.305206263428913
1396	10.638718390725208
1397	11.53834007857811
1398	12.355628624616656
1399	13.155494921288833
1400	13.322528789658099
1401	11.317128531538936
1402	13.49274370786346
1403	11.738960834524523
1404	10.657714873216012
1405	10.75054702118671
1406	11.477669955150654
1407	13.408060521557926
1408	11.710615214958255
1409	11.701979793108034
1410	12.051344870945046
1411	11.868423752782222
1412	12.0134547496598
1413	10.775642263348741
1414	13.037090233061463
1415	11.497960704534004
1416	14.026031701251243
1417	11.184119752645003
1418	12.431283676360424
1419	13.008447827305645
1420	12.349253808381036
1421	16.026395521760506
1422	11.791423417428243
1423	12.680206613033079
1424	13.560188458427243
1425	12.910488383565099
1426	11.88072794600157
1427	11.08792702681385
1428	10.574184665585765
1429	12.560747053134643
1430	12.592553224278769
1431	12.050845288704815
1432	10.335596778176047
1433	13.093707906344207
1434	11.436556618263507
1435	13.367451744278826
1436	12.16648371052967
1437	11.912925424117764
1438	11.33275239458845
1439	11.947082947842622
1440	12.40122027809654
1441	13.409808182485264
1442	12.480282968093984
1443	13.178560823621229
1444	13.783672262988985
1445	12.4174345994917
1446	11.159972151284679
1447	11.577537058988431
1448	12.470376354875043
1449	11.951746202288913
1450	12.701581963354588
1451	11.612187264385916
1452	12.436740753906113
1453	12.427395803284728
1454	11.958474428004896
1455	11.166351277639883
1456	11.551684562799831
1457	11.159790782183832
1458	11.338056826939512
1459	11.395307010548466
1460	13.892895141648578
1461	12.244059639271452
1462	10.796041084594824
1463	12.286325055151247
1464	12.032709732931107
1465	11.746143633880736
1466	12.871430218530199
1467	10.647289390054842
1468	12.821131910305537
1469	14.263594762003049
1470	11.741225489065982
1471	11.42415872621738
1472	10.781424213588858
1473	11.463488262853518
1474	10.96106391403425
1475	12.788352553987698
1476	12.546062276128215
1477	11.758800161122862
1478	10.67141596376896
1479	11.420506596539376
1480	12.18957471428439
1481	11.7601651696999
1482	12.967314478650223
1483	12.147196807976192
1484	12.933057966934998
1485	11.045985454758112
1486	11.503055673520711
1487	12.639335825806484
1488	11.192586042363907
1489	10.954809056077567
1490	11.841452179166177
1491	11.564620059604446
1492	13.04381525927844
1493	12.217726549384398
1494	12.091968430405748
1495	11.860768995781923
1496	12.470216023358356
1497	11.337643183661081
1498	10.386002507349476
1499	12.489758285605127
1500	11.504265757054478
1501	11.529118836226795
1502	12.522253971188688
1503	11.624160759660992
1504	12.811488028331143
1505	11.231112335541251
1506	11.014527337725408
1507	11.477547434186015
1508	13.935620173367418
1509	10.97993078677915
1510	13.882057411860053
1511	12.250930961197371
1512	12.880862602191046
1513	12.53722568621616
1514	12.09646499736811
1515	11.590643653577125
1516	13.595831991976592
1517	12.334499384276569
1518	13.438202470885935
1519	10.51798091325909
1520	12.496811167638818
1521	11.446498280113918
1522	11.847348488857582
1523	11.643714130571526
1524	11.862470669804939
1525	10.825440498219583
1526	12.830248054081144
1527	12.555085831251926
1528	13.648625168787396
1529	12.074819024869017
1530	12.888960202142377
1531	11.631232635040456
1532	13.680699282204733
1533	11.87223278415582
1534	12.383582702782448
1535	12.959323318801276
1536	12.773967669776606
1537	12.685061604572603
1538	11.492271863368593
1539	12.359070237672244
1540	12.296216891868971
1541	13.082364737513828
1542	11.740241312955428
1543	11.5814017141321
1544	12.036884351843037
1545	12.296693888454078
1546	12.366469316403656
1547	12.641243507833375
1548	11.482812733098399
1549	12.29696316215753
1550	13.189749357235783
1551	11.648466146486843
1552	11.645324251802993
1553	12.395944635879815
1554	11.840929585093956
1555	12.125949927595105
1556	11.70589054414692
1557	11.705459222430363
1558	11.551021908610975
1559	10.343336000369163
1560	12.216364639387889
1561	14.041074311620939
1562	11.356734625125926
1563	11.96166544421302
1564	12.016779021806238
1565	12.393217190781057
1566	12.794229435533369
1567	12.504512971267104
1568	14.241060633814948
1569	12.01505975806239
1570	13.910904963418622
1571	11.800036818074824
1572	13.19808318418631
1573	11.114249822292054
1574	12.203495032852516
1575	11.71915743747153
1576	12.426230615237728
1577	11.790727269329617
1578	13.640967968838392
1579	11.200145681042958
1580	12.884207774138
1581	12.618163632168606
1582	15.094546247459949
1583	11.850491540618883
1584	11.420280232327059
1585	12.469618509351479
1586	12.975260305176066
1587	11.075335025709743
1588	10.692108850201798
1589	10.542306071554776
1590	13.361273990323147
1591	11.758175113980004
1592	12.86572405952029
1593	11.918763304045424
1594	13.490200459219826
1595	11.525485822048116
1596	9.942425949013947
1597	12.269046696649943
1598	13.54061307334889
1599	12.269179365982732
1600	12.25222371956173
1601	12.319842944573612
1602	14.066862690404783
1603	10.989215817253449
1604	11.999239080552277
1605	12.850601040828042
1606	10.927446026471443
1607	11.330864253393546
1608	11.707695771181475
1609	12.081370011549039
1610	12.964123762944448
1611	13.044495163364337
1612	12.60443759450308
1613	13.508730567980646
1614	12.300190787995234
1615	14.93037179098262
1616	10.895578507790342
1617	11.511434061675454
1618	11.878510309218923
1619	10.32442042004938
1620	11.117735923267901
1621	14.005339563332704
1622	12.441654407884926
1623	13.674702239601174
1624	12.427685375868654
1625	12.22825918784171
1626	12.865622508558719
1627	12.819860417892535
1628	12.021962440485368
1629	13.119281929441849
1630	12.919141655855734
1631	11.770466153374096
1632	11.291953601258095
1633	12.818972870598857
1634	11.451776195631828
1635	13.190292613347992
1636	13.306521409058146
1637	11.430455968493508
1638	11.912843750953606
1639	12.99261543241058
1640	12.937548284064091
1641	11.25485199445393
1642	11.964875965416432
1643	13.118138800677844
1644	13.531469705461694
1645	11.773671327903866
1646	13.91035540944431
1647	11.704746246437676
1648	12.579893148584484
1649	12.090490537229925
1650	11.599486957649114
1651	10.850561457201062
1652	11.807149259991752
1653	11.618099968988515
1654	14.224471591951442
1655	11.419411529540358
1656	11.89146316073214
1657	11.848840153027725
1658	12.110875151548234
1659	11.057361279243466
1660	10.739941663520698
1661	11.541312967561872
1662	11.22620221652539
1663	12.30650611893673
1664	11.007042057618188
1665	11.628017886711929
1666	11.42107534942971
1667	11.854918921366334
1668	11.074054403283464
1669	12.872060115479174
1670	12.348320165307086
1671	12.435618715065841
1672	11.97315473264704
1673	12.504184812773019
1674	11.582910285331309
1675	12.62957828897224
1676	12.995405052681841
1677	11.63933459105384
1678	11.2450209135105
1679	11.385220548299992
1680	11.188606253173202
1681	12.638721312005405
1682	12.27974865764069
1683	11.421219936703615
1684	10.93514054059051
1685	12.492691556191337
1686	11.331861896726133
1687	11.874136801248163
1688	11.762422095655518
1689	11.896891388081713
1690	12.897593652378418
1691	12.713690216259646
1692	10.989972281248562
1693	12.70002267285738
1694	12.034502248851243
1695	14.258876595762558
1696	11.854598768834526
1697	10.549455492121455
1698	10.487419280943207
1699	12.639535591268213
1700	13.902472871607946
1701	11.197259821958141
1702	10.814534069068031
1703	13.531532538637025
1704	12.685273604855562
1705	12.260415667874945
1706	12.614301546368127
1707	11.772429467269989
1708	11.883766694368594
1709	11.324634164677594
1710	12.990714522159617
1711	11.002237960829266
1712	12.676384013905018
1713	11.422910595312715
1714	12.800841799739283
1715	12.691651571652896
1716	11.91509686986683
1717	12.715413929704068
1718	13.625097657620374
1719	12.420633945963345
1720	11.716375731147343
1721	12.927217062755043
1722	12.045062181856483
1723	11.969008918153122
1724	11.537761312952542
1725	12.94821629934207
1726	12.53707758145174
1727	11.862629978477749
1728	13.229694037863132
1729	11.148205059125932
1730	12.14279384431288
1731	11.744733641841723
1732	13.198060107009951
1733	11.67670795875441
1734	12.841835733593648
1735	12.097933278487558
1736	11.523777495749528
1737	11.927335192391183
1738	13.297526879660186
1739	11.920113652467816
1740	11.827513973256574
1741	13.357090705489416
1742	11.291869811657817
1743	11.791938250446144
1744	12.304908415481735
1745	11.393908505338123
1746	12.548499673979519
1747	11.094230145480934
1748	11.410753866743848
1749	13.084656278699791
1750	12.456516371056852
1751	12.616137583241132
1752	12.031320268812124
1753	13.05663725032678
1754	11.064730869778604
1755	12.198535446667423
1756	11.398434937007785
1757	11.929769203978745
1758	12.967238084822894
1759	14.629767451952729
1760	11.70755021878554
1761	12.102074212213564
1762	12.262475260009523
1763	13.833668060450103
1764	11.54592513971563
1765	12.637135261679878
1766	11.033330240679023
1767	11.700088482378051
1768	12.4136627026044
1769	12.273538914136589
1770	12.589750274014659
1771	12.467955913646147
1772	11.027525146218851
1773	12.959343663993819
1774	10.71633556426567
1775	11.180225532300854
1776	11.644835817647856
1777	12.16293169963346
1778	12.054354191247302
1779	13.503614891890901
1780	11.667160309709809
1781	10.917424927997802
1782	9.383972826377047
1783	12.285169616584122
1784	12.632085938403314
1785	10.805960305597788
1786	11.689798221224919
1787	12.678129001474009
1788	12.059587987419217
1789	12.577426200008226
1790	12.431240345546975
1791	11.676944755101577
1792	11.895574027311522
1793	13.760784651410566
1794	11.97519617623766
1795	11.145915363737217
1796	12.431183750781328
1797	11.469766564401132
1798	12.962761871805736
1799	10.702548595747965
1800	11.548879600380099
1801	12.67892429511024
1802	11.860994420712814
1803	11.922825341037806
1804	12.119352532636926
1805	10.91621510849412
1806	9.365478653693572
1807	10.651836088509299
1808	12.701375405759672
1809	12.472116500121327
1810	14.234688550843636
1811	12.24393091360381
1812	12.537325757895209
1813	11.230896814505718
1814	12.4716328302879
1815	12.774020190593243
1816	12.958644850789348
1817	10.299942835598536
1818	12.7112233603733
1819	12.71642931480141
1820	10.248652963511026
1821	10.961272189385879
1822	11.356312199346055
1823	13.86256806920122
1824	14.512481745157856
1825	14.457917184673313
1826	11.965555963407192
1827	11.023007658224863
1828	13.89976425804688
1829	13.91159500926733
1830	10.969885750780426
1831	12.638366672313875
1832	11.647625881687938
1833	12.792050969055188
1834	11.887755491727686
1835	12.498200235741765
1836	11.3799477821147
1837	13.188935506410655
1838	12.504215705552182
1839	13.965634455111015
1840	12.586957165699763
1841	11.144646825554611
1842	12.160781027707603
1843	10.906341470646051
1844	11.254643301704839
1845	11.962759635680797
1846	11.539092662875191
1847	10.441109284394138
1848	11.137936928999038
1849	10.960976691450924
1850	11.176612721470354
1851	12.930949907853371
1852	12.563439134849856
1853	12.15537434451184
1854	12.66203412710904
1855	11.554132592935975
1856	12.609368652700343
1857	10.304394342455392
1858	11.330000441918587
1859	12.547413005745815
1860	11.305019167869393
1861	11.656299133531695
1862	13.539618776194402
1863	12.329349742675928
1864	11.54455428909407
1865	13.28752451156335
1866	12.97369581971628
1867	12.401616244254491
1868	12.372555746006427
1869	15.402509251498573
1870	10.38497674431419
1871	11.847046077303174
1872	11.154624287132174
1873	12.978051068749458
1874	11.562408764969886
1875	12.764448843838181
1876	10.737382938999131
1877	12.483542491715136
1878	11.937880396040985
1879	13.26902351679746
1880	12.667171319756934
1881	10.890735394864654
1882	13.395425685681403
1883	12.90036805846224
1884	12.233722630929801
1885	11.268349727487657
1886	11.7985575528638
1887	12.00264900984565
1888	10.873808666144033
1889	11.76535644005984
1890	12.431181289657781
1891	13.011163941788254
1892	12.681423750516304
1893	13.609468390466645
1894	12.227654402600601
1895	11.516705062888239
1896	11.936873267180859
1897	10.28516580650926
1898	13.63157565209743
1899	12.227104559864124
1900	11.083672366329536
1901	13.925232568872161
1902	12.513448668124441
1903	13.067072786584808
1904	12.413155967389079
1905	11.289602795901539
1906	10.254315426678989
1907	11.900931315630888
1908	12.401704401538398
1909	11.989927480423026
1910	11.208789411316891
1911	11.99681911504526
1912	10.81654367646912
1913	12.207387817233963
1914	13.285827458934644
1915	12.180518834279306
1916	12.491718744484546
1917	12.53403957253077
1918	10.898364667470256
1919	13.687374052213272
1920	12.071127580600747
1921	12.019097867383001
1922	12.91533883741004
1923	12.486900670550918
1924	10.963615455082618
1925	12.217795936695229
1926	14.136480926908552
1927	12.454087617591506
1928	9.69503667606235
1929	11.222978240311411
1930	12.574100791836496
1931	11.1726134189715
1932	11.694001031207986
1933	11.2339089797996
1934	12.713163297581064
1935	12.705551493423991
1936	10.275547359293947
1937	11.393321584422319
1938	11.915111774966741
1939	11.51848462637281
1940	12.079699456189317
1941	11.48368038876797
1942	11.3480004134345
1943	11.467052092853313
1944	11.73047794512887
1945	12.143636735272594
1946	11.073168874436911
1947	10.335993444323927
1948	12.031558193786836
1949	13.82055704377126
1950	12.103675891887038
1951	12.626729683993661
1952	11.784729110370218
1953	12.161745740059164
1954	10.89719027458923
1955	12.878745647524262
1956	12.109278378164163
1957	12.93805814619797
1958	11.270003023664826
1959	11.623133177822456
1960	12.551414835111549
1961	12.743300918888833
1962	10.428604651572337
1963	12.697865463921335
1964	12.05534330890693
1965	11.745606705839949
1966	11.413172553060576
1967	12.162053503537257
1968	11.343517117191698
1969	11.444451665583378
1970	11.122905663651181
1971	10.509936413454378
1972	10.940728202591547
1973	11.899774116340268
1974	11.233261309345835
1975	12.649282000485748
1976	13.159178079534811
1977	9.385680443131026
1978	10.519895280878991
1979	12.0683719224331
1980	11.435146225679835
1981	11.05553322407903
1982	11.669167164591668
1983	12.393699269770877
1984	12.177405279770028
1985	12.80711919906618
1986	11.750677486388561
1987	12.019148695850163
1988	13.68840983857323
1989	11.392697514688951
1990	13.649014911709607
1991	13.507540784588155
1992	12.8821666059437
1993	12.767306707289425
1994	11.928237865530802
1995	12.160839106142522
1996	11.302029569807928
1997	11.416092462262467
1998	12.409279288225141
1999	12.608305260823625
2000	11.641311148670502
2001	12.651893771211949
2002	11.3322206225085
2003	12.897075285110622
2004	12.523902433885572
