6	26.8138949983773
7	19.167450049194947
8	17.97949452127708
9	17.733847567680968
10	15.234548489797097
11	19.335622496927943
12	20.07072525672677
13	16.614648966697196
14	20.42411739420635
15	16.615069620907928
16	19.88328076277439
17	16.028849725816347
18	18.201827325040824
19	17.953456619310515
20	14.582119193547044
21	17.6191653106131
22	18.477648723425425
23	16.530211789221994
24	18.109321048229265
25	15.391301839004944
26	17.600285013920328
27	23.42067249085804
28	20.62404043307055
29	16.173262124781978
30	18.87841128222837
31	16.34105111674865
32	17.532022748896484
33	18.045778879181015
34	18.04335281127804
35	17.41693500735608
36	18.110842186941298
37	18.45418507650189
38	15.939751750705605
39	16.49159062721989
40	20.107885447526378
41	16.730897337778035
42	20.639547156561548
43	18.168370091841528
44	16.89584427090325
45	16.976785649016772
46	18.305155065674118
47	19.696087263039086
48	20.71313740085926
49	18.218424672357706
50	18.174161990696273
51	16.655347995710457
52	16.791718730915616
53	18.73013820053704
54	16.89540408296205
55	17.424950136426798
56	20.273070337356632
57	17.71112909867926
58	18.53365833815155
59	18.122417407067214
60	19.86486202875297
61	19.0559508621237
62	18.69945478350424
63	16.692050060404313
64	15.671362953896582
65	21.425429209276253
66	15.970190561138589
67	14.249278720494113
68	16.81367351457928
69	18.39891000654141
70	18.275410128099136
71	17.087185375050296
72	17.39568498688618
73	14.930293238249456
74	20.185902540936336
75	21.043053284007474
76	17.137471130997582
77	20.58632064090118
78	17.749265026164924
79	17.765569986707835
80	16.93964632158238
81	21.633424627230173
82	20.349610284691735
83	16.646661011278578
84	16.24267996294398
85	18.852825842153237
86	21.839261578204752
87	15.359351967012918
88	17.754247553427746
89	20.103019533238257
90	17.88208317364924
91	18.244927686050264
92	15.320314775765821
93	17.9368031087815
94	17.51447940491353
95	18.268236677287497
96	19.38868289391712
97	19.23086258656704
98	18.22785876599358
99	17.27650336292904
100	19.788744555765298
101	15.693291873657579
102	16.95469520621515
103	23.13961942531205
104	16.313369302559295
105	23.766306211374587
106	17.20905656041805
107	18.27539309167393
108	17.2431097717602
109	16.590790549280726
110	18.485643516635818
111	17.92789930307133
112	18.20502934367299
113	17.463766642428205
114	17.131020962238253
115	17.877706964458152
116	19.02550120100828
117	21.050057500179147
118	23.32657593965353
119	20.533282886456107
120	18.296301180440974
121	17.566094607143313
122	20.267051868567552
123	21.885261597213457
124	17.863127004143017
125	18.997012753407457
126	17.3344115362101
127	19.953557837692788
128	16.088513954311363
129	21.840167376629225
130	17.257720429099177
131	16.267080614956893
132	17.025885580636544
133	29.198285812352985
134	19.569729564776427
135	17.796490743721574
136	16.056404372169375
137	16.221046264768994
138	17.642651211185267
139	19.591973015252126
140	18.17475468864749
141	17.412912228330672
142	20.94635336349427
143	20.719166953097027
144	18.98805422018502
145	16.16924706511539
146	18.675505739027287
147	18.844500053888904
148	17.595937649807748
149	18.2742495705215
150	19.902508004421634
151	16.122302348099765
152	17.227558767618877
153	17.375662635873596
154	16.291157657627767
155	21.761689824712587
156	16.097170146717175
157	17.41557490553409
158	18.810098777045415
159	16.41494419941664
160	17.329631159360815
161	18.190831891055808
162	19.787827822459242
163	21.444323879038514
164	15.818898518395855
165	17.482708130081882
166	17.035573799128382
167	21.237392188955646
168	21.62940005380531
169	21.902382592416856
170	16.239596962550422
171	19.676098889962773
172	17.567593736126774
173	16.31705446482831
174	19.65841478108223
175	15.48017359714897
176	19.160752136968917
177	17.13299150076129
178	17.398389768754715
179	17.800305279005826
180	18.939259353564204
181	16.716334285201683
182	17.083641260792774
183	16.755799504449694
184	16.163484275558037
185	19.78972284444724
186	17.457561574457213
187	19.161494114204544
188	21.112838469342567
189	16.891494579978698
190	17.757856385012857
191	17.972067299537432
192	20.213289343789803
193	17.773182806439582
194	16.813780582535976
195	14.577846542921584
196	21.414917221472024
197	16.910322598092026
198	20.937321060982867
199	16.99321616200578
200	17.4025204987385
201	18.405757691286137
202	17.808611749967532
203	17.173199314933864
204	16.718068474016643
205	17.877989996108873
206	18.75037183945358
207	15.77078817684087
208	16.95081947777886
209	14.85454034244439
210	17.812831314602533
211	16.983073495329364
212	19.39863474377251
213	16.9275736515865
214	16.18803049525701
215	20.379192130609926
216	14.20958091846761
217	17.43399195491633
218	18.25331871399758
219	19.613132171496982
220	18.32693380209195
221	17.03992322176753
222	17.931698127148767
223	16.98533366322858
224	19.48058953202538
225	16.589338577623455
226	18.04038013140438
227	16.720066621480026
228	18.277116691980616
229	19.527833165029598
230	18.911636002356712
231	17.63473891593179
232	14.855514666889956
233	17.935575190003785
234	20.45446646870206
235	17.42091859848976
236	18.226016138915007
237	18.639951381476607
238	17.710547097255656
239	21.871659693180764
240	20.31782595227811
241	15.841046122698092
242	16.66846799270123
243	16.971149878169527
244	17.98721457510057
245	16.5647787490319
246	16.399962995699408
247	17.670306849218324
248	19.717327907361323
249	20.662950392698118
250	23.22903715545034
251	19.75392661684891
252	16.34281769534573
253	15.416396721186175
254	20.665742258872584
255	23.862752992541065
256	17.507111370937007
257	24.310217664031814
258	16.760825581360667
259	18.438871790135746
260	19.058585098600975
261	19.81972035105631
262	16.308949570935827
263	14.64221154902829
264	16.563188070791426
265	19.578150622665547
266	15.047521471136132
267	17.122469176078756
268	17.531298699425275
269	14.679838464004515
270	17.05000928683016
271	22.174560041959523
272	19.35771455683668
273	18.920880677562426
274	17.106100656518247
275	19.19464781063174
276	17.27676043685157
277	18.12402837383949
278	17.78036826621974
279	16.398019878711786
280	17.96152274559485
281	19.654127262245733
282	22.306202364654744
283	18.592866057639313
284	17.85097456451971
285	31.015493654700126
286	17.40969575844123
287	20.51459166884223
288	15.823448889657932
289	16.635443607751185
290	18.221980446171827
291	17.839927855867426
292	16.358290268521117
293	17.976331427648695
294	16.541851485458903
295	18.134926000949303
296	22.63011596686857
297	17.60709811032051
298	18.812397991388774
299	17.620611136183577
300	16.44176348417066
301	19.13745677493361
302	16.76854433986242
303	19.080213364204393
304	17.903667511354865
305	20.526170801261905
306	24.827845602008548
307	18.18920385764036
308	15.730273308573523
309	18.139096605975645
310	19.839014038656483
311	20.34443373418035
312	20.81932164910963
313	20.7791833292168
314	16.361814208715224
315	16.884500727371506
316	19.290836804168578
317	19.719492064306486
318	17.75188915623232
319	18.46614389465047
320	17.60743545009724
321	15.633943580314305
322	19.359886416308584
323	17.46304339992115
324	16.36884534618747
325	19.953028635456036
326	14.862569474416167
327	21.389670072405135
328	16.813859166456112
329	21.15626671669772
330	20.698118402422406
331	16.66158121305559
332	17.98166007893068
333	16.712895436349925
334	18.795845479431186
335	18.730657389113382
336	18.928899502545217
337	15.800455757618087
338	15.67481676364332
339	19.94146742717692
340	17.37526666057754
341	19.45547348242192
342	15.10631027290739
343	20.037988051376917
344	20.244578785630992
345	18.664097933278434
346	16.146259608343552
347	19.70900670144375
348	17.574862376922976
349	16.985322139929806
350	16.7064795351624
351	21.947422464859603
352	16.234712390323228
353	18.424627712468865
354	17.41365346307517
355	16.190646358242958
356	17.673105620534013
357	19.498941550718477
358	19.269774470291818
359	16.47624169267906
360	15.110998574911203
361	21.509192861281377
362	18.046013152045198
363	16.828890332525287
364	16.989278514085324
365	22.048570292185236
366	17.409310318998795
367	21.40061211062569
368	20.604069135169265
369	17.785911888611736
370	17.409013914169073
371	20.172099042936974
372	22.719918957838672
373	15.625520884637954
374	22.338099585456074
375	14.94413868481857
376	18.81975729085865
377	17.033370110449322
378	20.468894145167432
379	16.535663778906304
380	28.205914232405025
381	17.166864388302752
382	19.009058686834546
383	20.4078519709207
384	19.07127701970037
385	19.66488908189698
386	17.23968389502782
387	17.519810770530604
388	21.05275193740963
389	20.668590044032317
390	19.632712642204716
391	19.069077217549136
392	15.963001202306478
393	20.15904834337917
394	18.570205197753385
395	18.325615672189087
396	18.271973361799354
397	19.353580978073296
398	16.441390387141144
399	17.084861490564297
400	16.862738994510146
401	20.94135155226104
402	17.55243704577671
403	21.531212118607908
404	19.54983078273679
405	16.542273891067705
406	22.697573866297834
407	17.81195195944656
408	19.884821079472506
409	18.107846793531934
410	18.139949161616386
411	16.816331698993054
412	17.463212312234372
413	18.20636387573347
414	15.77275281816559
415	17.21584426069383
416	16.59723494913927
417	20.402693100730648
418	18.078900275549486
419	16.890580064207168
420	16.516282680359573
421	16.642279607895535
422	16.494280768759783
423	23.773132604960765
424	18.428369009746238
425	16.1398708202855
426	16.815836834305728
427	18.73371529022773
428	19.460025984843938
429	16.948113615586312
430	17.931139435548705
431	18.64030007398173
432	16.340560865541597
433	17.302939973074245
434	16.157722523731074
435	19.48752157726452
436	16.674231283242143
437	16.907785007730126
438	17.696025592991447
439	17.434625376376538
440	18.16331609280422
441	20.52582045223331
442	21.006471002538373
443	21.83778873779811
444	15.45018651992692
445	20.39882161588449
446	16.86083892010369
447	20.045753697796027
448	15.971169741286431
449	17.15577645177005
450	19.095075440522653
451	16.327920749646406
452	17.07716478772061
453	17.003610314638102
454	17.799740406373115
455	17.017168889017125
456	18.377948871903353
457	17.17038880086599
458	16.54940718478523
459	17.353627261559208
460	17.639752798691053
461	16.26362237771836
462	20.520615823522903
463	17.994438696623547
464	18.774798766811728
465	21.42518008546671
466	17.18698512120594
467	16.840384684535
468	19.45554191721254
469	20.38627979469311
470	19.74610308990792
471	17.989253992451943
472	16.31925637762205
473	17.571196098481387
474	16.706830017598502
475	16.118024216333612
476	18.129435895775615
477	21.67723252514156
478	16.52616695200579
479	22.21575701622409
480	20.557016023633768
481	16.341886848570883
482	16.011882373559143
483	19.666979673116778
484	18.87487427925953
485	18.60242649243446
486	18.108292093012608
487	16.8132723662404
488	18.541550485015613
489	17.23789171155594
490	19.056913340617413
491	17.368803297310286
492	15.57928055225414
493	17.092475275329843
494	17.299889078401353
495	16.34376632853091
496	17.275222623207373
497	21.796315748353102
498	18.402023312336595
499	17.32572636849829
500	19.039948939499347
501	18.564705806800003
502	18.336727789376578
503	18.553525095224526
504	17.471507829634938
505	17.97989022484282
506	18.95854798313748
507	16.555002997213222
508	19.57427773503648
509	15.717367684416441
510	18.16280190623879
511	18.79591741949669
512	23.048540793401386
513	18.47248372116592
514	18.114904916697416
515	16.805926709728272
516	24.3353800026884
517	17.318667099401566
518	19.15680813643965
519	17.799060458877356
520	18.786986267324192
521	20.05253014349783
522	19.54512060192599
523	18.33766356858142
524	16.540080896823742
525	27.00958575591212
526	16.705904916868285
527	15.459598563689118
528	19.60862138374349
529	20.99713643641097
530	16.2382460992897
531	16.602818615876863
532	19.0418082318129
533	14.310610270966928
534	19.684654310057905
535	16.875839851436552
536	16.517186835398
537	14.759913919604557
538	22.59901609762399
539	17.317922484903725
540	17.280837786896154
541	14.47386004873154
542	16.162469733103464
543	16.167917192723746
544	17.88182225186731
545	24.828110509406542
546	19.142942300599533
547	21.033640156542727
548	18.42604822291019
549	24.26708211886289
550	19.60108082711052
551	21.599119179469806
552	18.760612866402987
553	20.798801208829023
554	18.096959680861328
555	18.02623181215151
556	20.827196354329185
557	17.726479350736167
558	17.833206604436175
559	15.668142759045097
560	21.319023644341335
561	15.805715035699818
562	17.030291891375168
563	18.678597712776654
564	23.1927705335035
565	15.909762762111137
566	17.69068931022426
567	18.209770494513215
568	15.93511389260413
569	17.533613390761374
570	20.789708109977656
571	16.717988270033825
572	17.31050929727033
573	18.5182318262875
574	17.151620271557476
575	18.726315239027965
576	17.496776535669994
577	21.026892990962235
578	22.346080355058227
579	21.616550186111127
580	18.06257696393313
581	19.490426762158197
582	16.855090513397094
583	17.775716258179344
584	14.041488853632472
585	16.30807573489612
586	16.911743660230016
587	19.071401852575946
588	17.552974223180208
589	17.463614612212403
590	18.899796733974945
591	16.913487998269396
592	17.42408888762817
593	17.558375259291257
594	19.471004415361676
595	17.281168155006267
596	21.20360599370906
597	21.24415539776803
598	17.401990335211547
599	20.4254531500955
600	15.248021050151598
601	18.538892555166967
602	17.91672555305843
603	20.942116220328124
604	18.948354809107258
605	19.032115590807354
606	19.399572432884703
607	18.385284853573467
608	26.477717616985185
609	17.542880103557835
610	17.60755508031696
611	17.49626432304164
612	18.222036443701242
613	17.95357525797234
614	19.63427154899575
615	17.794923750475345
616	17.467693176689366
617	18.157531758064728
618	19.55320058412964
619	17.284805783078387
620	19.21269855908886
621	17.98392827803713
622	20.601257506071736
623	17.14253404412496
624	19.299953559983987
625	16.164031440744616
626	16.767247212580667
627	18.04965760681436
628	16.70679055986387
629	19.001943468062077
630	17.32144035527834
631	18.84416940511437
632	20.651848194287677
633	15.76201783879893
634	16.391646179228296
635	17.87802524901795
636	19.686741293122843
637	20.673538321738597
638	15.239575631201863
639	20.42936226519009
640	15.764056288932915
641	20.492505717414858
642	18.165891473723406
643	15.137760424394704
644	22.176434561433272
645	17.55986905058748
646	18.506649082169808
647	18.575774364889476
648	23.78120742853903
649	16.453219509664923
650	17.71878719475947
651	19.313469496478017
652	18.673029770332064
653	19.450608252226374
654	17.00534192336961
655	15.92319026828045
656	13.730555143711777
657	16.01200981216971
658	19.113760177867952
659	19.063504777995405
660	16.927372995515867
661	18.064366301854566
662	17.728740795729927
663	19.41141490369165
664	21.1667671013444
665	17.773899488769914
666	17.533266019211474
667	16.468496738467366
668	19.72075933004574
669	19.210902729630977
670	20.13782257791116
671	21.003225670775716
672	17.725854849778727
673	16.66440535977017
674	22.115190000836485
675	18.329921134496825
676	16.981322710463477
677	19.515331727724945
678	18.49563474990893
679	17.830493224269958
680	21.425613402272575
681	19.782532498858366
682	17.800753671195444
683	20.616707474670136
684	17.018042737895545
685	17.76988936997851
686	18.521694072690078
687	17.752324497654797
688	18.023443282142754
689	17.35626358023371
690	21.502423226416578
691	21.784249697474298
692	18.21841260741465
693	15.981218563225543
694	18.474773977780714
695	17.39164961489643
696	19.59992312643347
697	16.928306618595105
698	19.763151414792574
699	24.056456543861422
700	17.580150475996266
701	17.782280170745118
702	17.22784367589778
703	17.693573000136936
704	15.940229595269557
705	14.993775618560395
706	18.76832339243389
707	19.221996122705335
708	19.46872038291334
709	20.963785989311873
710	20.662367230353755
711	15.083984059847555
712	20.02562476105563
713	18.985918616133276
714	19.701055357209913
715	21.52383900651151
716	17.35492246864917
717	16.86954072091765
718	16.02541271744296
719	17.41847699125868
720	16.7658703073022
721	15.931391476880933
722	19.144973569705574
723	17.057830964207206
724	16.087785336434983
725	17.96974951035809
726	17.417213044946262
727	18.16407917478242
728	17.953300663114103
729	18.35648011748352
730	18.49324709485275
731	19.457526832047265
732	17.796325236950267
733	16.22065505209693
734	25.093507191685493
735	19.262463152394304
736	16.19846428751903
737	25.883250133544564
738	16.842364142773913
739	18.18339689688604
740	18.62968559102228
741	17.053853684410246
742	18.278072943362954
743	15.067799473359164
744	18.66361552209669
745	20.154578838344857
746	19.322534488596087
747	17.918736962838768
748	18.124549364336417
749	17.822178520989837
750	19.758346306040487
751	19.401674288095244
752	18.574577166954988
753	15.471181884822435
754	19.139623416747014
755	16.01013555951714
756	22.46308488031786
757	21.15362440691557
758	17.796106693444308
759	17.871929329772964
760	18.25473258114452
761	17.014779796842635
762	17.112198562552223
763	17.38503854439361
764	18.58086831691989
765	18.62082183567003
766	18.355095434044486
767	18.961170013781803
768	19.105766837565334
769	16.788870113433426
770	16.907155605504116
771	17.33352873506474
772	24.58035099856857
773	17.876762539286712
774	17.63392128168367
775	19.287664477284704
776	25.528799088838436
777	17.08513304997737
778	18.230824410545175
779	18.122328756400385
780	15.634690667774217
781	19.55330043124223
782	16.705432439017493
783	16.673600132942667
784	18.797167145745615
785	16.569331526369137
786	16.56837739081217
787	17.727964329719544
788	19.12484645507195
789	18.349038522995155
790	17.853985768290134
791	18.28509048209901
792	16.61661091612299
793	19.272457780693657
794	16.814429092542692
795	16.361930023607176
796	17.902878979520693
797	16.701972302718787
798	21.860069249817904
799	18.314787906825288
800	16.755381810013205
801	22.016762252575294
802	18.566012320824964
803	27.065496462906868
804	18.824674622635357
805	16.938586021582523
806	26.097602127643768
807	18.358764199006675
808	17.310117510320254
809	16.761351341205692
810	17.285121917001607
811	16.344259308674737
812	15.89120608522752
813	18.075076679259112
814	22.84090293137221
815	17.434653594831527
816	15.560066704862347
817	19.048852152552733
818	21.28090182284359
819	20.045618084147
820	17.825297040795352
821	17.750799554292463
822	16.536306312869545
823	17.334807340101356
824	16.913956674637344
825	17.950756858452223
826	19.629998835022562
827	16.390870187722612
828	18.248951133346726
829	25.376939152842386
830	16.54298873226494
831	19.68784419694363
832	19.244531074040424
833	19.521659008154113
834	14.349354887798125
835	17.582954054635035
836	19.66770261149388
837	19.11285824301282
838	19.78153618465117
839	17.11542163639975
840	16.840557553274635
841	19.967793573864185
842	17.33733104175432
843	17.111003845792343
844	19.200420980896943
845	19.532033102710265
846	22.4012388916157
847	16.787220620306027
848	20.93744228025643
849	18.43581637829542
850	17.74904372151165
851	17.140213352109473
852	17.827822777169935
853	18.36740624510875
854	19.64930822605129
855	18.459742312582343
856	17.143969569969524
857	18.517202847647447
858	19.406785746939324
859	16.173215996813436
860	17.177113186630887
861	15.589122057935272
862	19.954712679154117
863	24.824853230126838
864	18.565210278164745
865	16.506415587412192
866	19.037650272994693
867	15.87570833123507
868	16.600470252851252
869	16.837365131883416
870	19.68528764931695
871	19.209142297971994
872	19.30753624960045
873	16.88668138904378
874	22.063533662958072
875	18.332467392707866
876	16.250841247697114
877	17.531130962991156
878	20.296622299993608
879	16.957792071027214
880	18.856456004859258
881	17.296039703017513
882	17.18732985854149
883	16.24929824198947
884	20.269306498575286
885	17.909910164481406
886	18.61392155750784
887	15.748050132251885
888	24.21675117209088
889	20.73188827015996
890	16.950083307006903
891	17.675471413063093
892	18.631591992022276
893	16.871885128805072
894	20.794697612849994
895	18.59507942620334
896	20.89860970236069
897	18.439441922561464
898	17.36928947125881
899	18.852246007006705
900	17.282682086604837
901	19.745350993839242
902	18.99855924272803
903	17.752129690773646
904	16.233411316277923
905	17.4855152439652
906	17.233231356034466
907	16.111309569887815
908	19.820967815727926
909	16.652009483074792
910	16.706868054101005
911	22.466994935779407
912	17.98066021428909
913	18.27765988065796
914	17.700840232420134
915	17.925545998356764
916	17.76793832550568
917	20.096420323673208
918	15.116321196421408
919	18.26808293700605
920	17.06797022009615
921	16.111832935086905
922	20.922698758436333
923	17.13193876016594
924	16.9637411613827
925	16.7202526112902
926	20.15346243672416
927	16.056281076530144
928	17.28860399621306
929	20.71799958047224
930	17.51080075145136
931	16.286093858099775
932	17.84202255377252
933	19.16705061102231
934	17.536997844240712
935	19.663041352005774
936	18.370464050172206
937	19.836094973786004
938	20.175263136430072
939	21.73308053807257
940	18.665574333315497
941	18.55013230091599
942	18.149754999532462
943	17.85064781047792
944	16.924346509204177
945	18.814913431397873
946	16.322178468341008
947	17.800576254983937
948	17.954323445893824
949	17.48544907414869
950	16.83858075403056
951	18.297115822123416
952	20.742517732155765
953	17.078736789453412
954	22.9843899204825
955	20.156191588896846
956	18.64933520206716
957	16.9876279043057
958	21.25573545216844
959	16.85721630846616
960	17.374977551224685
961	16.812388089957594
962	19.03679396008374
963	16.152724043475107
964	17.724445948903448
965	16.40964590508303
966	17.948640639103168
967	14.891522884132428
968	15.429888440524406
969	19.47098744438624
970	20.963251439149882
971	17.088473848633
972	17.767508559729905
973	20.469632539183365
974	17.744939339733683
975	18.12319755303777
976	17.534337445228207
977	19.117410784422525
978	18.50462749434868
979	19.58505615577286
980	19.67912036457306
981	17.12340454262313
982	22.929368559555368
983	17.161550286879535
984	18.456669410503267
985	16.92619970423584
986	16.234152262499556
987	22.288062684522227
988	17.382550941970504
989	17.67297685999656
990	16.804840392579457
991	14.491097009875665
992	18.59476528312209
993	17.31924490610836
994	25.16358044639799
995	20.032054256869014
996	14.775270814695396
997	18.858689661642227
998	19.45395180322837
999	19.153994059790858
1000	17.766424879954354
1001	18.275825633898197
1002	18.785375243915684
1003	19.51511911492133
1004	15.62064135411137
1005	17.113509659678293
1006	19.66166644455988
1007	16.414889418283675
1008	18.631031417541884
1009	17.48452442667214
1010	17.24794753994327
1011	17.54162606466643
1012	17.485378848375856
1013	18.282334561531897
1014	22.526215078118256
1015	19.333419644923413
1016	17.49167457058119
1017	19.644402230003227
1018	19.411685509487548
1019	17.661130206896328
1020	15.24460612762616
1021	17.922747706771286
1022	21.390063986202907
1023	19.604845318101805
1024	18.844684986358818
1025	16.09741974451579
1026	19.709671569478814
1027	15.574506496571479
1028	19.604287205217
1029	21.29003903007327
1030	18.01501861590639
1031	20.297826350689867
1032	16.632750597343843
1033	18.394893767780157
1034	15.455780779335182
1035	23.7123582732319
1036	22.32561275293367
1037	17.549307542812446
1038	21.592228052395512
1039	16.587401552640156
1040	17.094329082511
1041	23.433374796254792
1042	20.19423496887471
1043	17.318782073320012
1044	18.49455122428222
1045	16.781511050638716
1046	20.50453840195223
1047	18.19165842735179
1048	21.487846400715377
1049	16.974198281851358
1050	21.956893255877205
1051	23.108127351910806
1052	17.588189926929772
1053	20.444101214329713
1054	18.564377240314045
1055	15.839721964282745
1056	19.55452544303585
1057	16.574513920227766
1058	19.682320425582404
1059	23.83217638961408
1060	20.39074438803632
1061	19.375657681221774
1062	17.33914746195813
1063	17.944178221199
1064	17.705680335139586
1065	18.292284567342247
1066	19.9258338895269
1067	18.47175055415218
1068	17.090007383927393
1069	16.189358493300258
1070	18.6961254450211
1071	18.468684247597896
1072	17.18848605967291
1073	16.55032450374902
1074	16.59178551589656
1075	19.941214843644186
1076	16.116887613720458
1077	16.62854737165229
1078	17.236537670050893
1079	14.35091690952571
1080	21.968199372212403
1081	20.006042207414286
1082	16.061449786594007
1083	18.55445308014424
1084	19.203318574052865
1085	16.145543556639247
1086	24.389109883738985
1087	16.718241749824955
1088	18.855993722954796
1089	17.523410347099414
1090	16.698611950535753
1091	17.04724352788374
1092	18.47474276953047
1093	16.808443969417567
1094	15.946333313371639
1095	16.21455369469244
1096	15.626853234432637
1097	19.093060740780313
1098	15.757507151393437
1099	16.79113765936927
1100	15.547867467177513
1101	20.005795216804344
1102	19.48874356718979
1103	18.4039505156525
1104	18.11722486837074
1105	18.177711329092027
1106	16.873232216403267
1107	18.00323498361679
1108	16.86524626782589
1109	14.748006467759195
1110	18.020664554501238
1111	16.93931169161806
1112	19.614984366178543
1113	16.917889315595335
1114	15.515626857040969
1115	19.915420020399615
1116	18.220746747336396
1117	21.515211423555883
1118	28.9314546757915
1119	17.613318312219345
1120	19.493876422587782
1121	22.19775040265522
1122	18.302260826990082
1123	20.658330084672862
1124	16.476214361382233
1125	18.446828204607808
1126	16.880477786410687
1127	18.09578305888921
1128	17.95997341701418
1129	16.67515209954232
1130	16.554250939982012
1131	14.723685482892682
1132	16.757261785629833
1133	18.764082119350732
1134	19.86939784489503
1135	17.7202586661838
1136	17.70966930932831
1137	19.55441512744408
1138	18.489409288932936
1139	17.580834158149354
1140	16.61516226025037
1141	17.092349202004698
1142	16.73178805489559
1143	15.443038547877222
1144	16.521948268510435
1145	19.642459311375493
1146	17.535238939570263
1147	19.00509239300571
1148	17.591463606582128
1149	16.53161442067681
1150	16.508127404702826
1151	17.95181391752325
1152	16.83903922146013
1153	18.1237775538517
1154	17.5365651812192
1155	17.106540991619614
1156	16.539780432139523
1157	17.59537615990916
1158	19.675591761648487
1159	17.612046798225492
1160	18.480687663333995
1161	16.291253195795104
1162	16.152745275708668
1163	17.776926296971443
1164	23.713340097572654
1165	18.99976882606279
1166	15.467299755500239
1167	18.91539723109944
1168	16.61859698736461
1169	21.914964704815898
1170	16.9026025650334
1171	16.62770964425523
1172	18.474028414470684
1173	18.392642697612754
1174	20.274651925949577
1175	17.81831354909503
1176	16.768590255284735
1177	16.4700588886044
1178	16.105221028695816
1179	16.5433213133091
1180	19.730661636203877
1181	17.540204953714273
1182	20.481300673040096
1183	19.083869097129394
1184	14.125631175275581
1185	18.282876820792445
1186	18.3174549963139
1187	17.16724067844712
1188	19.860934145762585
1189	17.07991575990066
1190	17.661605416187086
1191	17.347227417949277
1192	16.299883673146653
1193	15.903253257705146
1194	20.90922628453312
1195	16.31606947730973
1196	21.041735983369872
1197	21.35561696219051
1198	18.376698429430753
1199	19.69888433953747
1200	19.78021883848955
1201	21.468483657539103
1202	16.75906685605472
1203	17.04634385776559
1204	17.3739924670137
1205	15.828385903863818
1206	17.814376908082
1207	19.75498994171154
1208	17.17758871161379
1209	16.952672904813664
1210	22.200138568009216
1211	20.093439533154957
1212	16.824659596373223
1213	18.26590950091122
1214	18.171258923893962
1215	16.53043810305772
1216	19.12451844458701
1217	17.251154984502744
1218	16.43995346014642
1219	22.011447250213678
1220	17.622512401216145
1221	17.156875647540236
1222	20.244245828003624
1223	15.569090270210937
1224	21.475538588231103
1225	17.482895625941456
1226	19.626734268250875
1227	16.752741967200212
1228	17.0835093632854
1229	18.382753346297736
1230	15.654176969406157
1231	16.82052075601356
1232	17.09740696654448
1233	16.519561830660678
1234	17.359329464060387
1235	19.179728278832044
1236	17.502014800698817
1237	19.533768511767132
1238	20.057718804163304
1239	16.51835812771693
1240	19.653895756769927
1241	18.520870157274754
1242	16.483006503360553
1243	20.630820544428108
1244	18.102513040284343
1245	16.811302534384993
1246	18.743987359188235
1247	17.980881923327743
1248	16.593260999075138
1249	21.190551196030963
1250	19.096021202943202
1251	18.19184689454778
1252	14.26754368734934
1253	17.82486914245601
1254	21.520971302624307
1255	22.188417781961995
1256	16.75957548612902
1257	18.969417281597853
1258	16.218632599082774
1259	19.025752479355134
1260	18.92904659288004
1261	18.131177253737892
1262	16.74475078561033
1263	16.79815754320007
1264	17.909199487794698
1265	16.7000547648884
1266	16.68014516833549
1267	16.374172373097945
1268	19.88984391355835
1269	17.553459200985692
1270	20.271951902112924
1271	17.479199901076132
1272	18.58787364764605
1273	25.07128153319137
1274	18.154600908444262
1275	14.905518338170856
1276	16.815562927974387
1277	18.44490526153452
1278	21.066637717543706
1279	21.921546336074243
1280	17.39247976395033
1281	19.102442589220267
1282	16.521396428804785
1283	18.372353611483792
1284	14.505567874067411
1285	16.804896271532222
1286	19.771221707853808
1287	17.919917183167613
1288	17.97187402984551
1289	20.509767925698096
1290	19.64583675352438
1291	18.85083298737183
1292	17.48151068728201
1293	17.229704478741482
1294	15.94351139130764
1295	20.380856001758946
1296	16.642769431425258
1297	19.54914299394295
1298	15.976308422011993
1299	18.1488362798455
1300	17.562987125379518
1301	17.26519867570984
1302	16.38992913376488
1303	17.329779813552573
1304	22.69920522350065
1305	18.04069087040823
1306	17.34009651333559
1307	16.381514529031595
1308	20.188214084341567
1309	17.424116974547506
1310	17.913238293486554
1311	17.436998577692304
1312	17.635413002995094
1313	18.53989036199312
1314	19.382949752616696
1315	19.272745038972907
1316	18.29194402556429
1317	18.737973436374556
1318	17.775540744528435
1319	18.402322720449288
1320	15.032444533804664
1321	18.000713678624507
1322	20.298441517583438
1323	16.231280045026132
1324	17.312745283072253
1325	17.18547755529289
1326	17.959810045858223
1327	19.678428369311906
1328	18.296923390779597
1329	22.0438271688375
1330	21.789734058964694
1331	22.35616087759263
1332	17.485296149895742
1333	14.72218095495676
1334	18.267110177946865
1335	15.907846899756874
1336	16.27894735125812
1337	19.05366632379918
1338	17.242289065223844
1339	18.10314682609575
1340	20.945499808818568
1341	18.037732326387708
1342	19.440333577141207
1343	17.171976896796238
1344	17.00139880901537
1345	17.8483397439807
1346	18.81616025353287
1347	15.951035806043777
1348	17.503676966212137
1349	15.756724922174516
1350	16.79503705547657
1351	18.533779474914652
1352	16.961186810672206
1353	19.517463725618047
1354	20.58782507282216
1355	17.48213865108788
1356	16.233801290067994
1357	18.621849399204365
1358	17.81114237605218
1359	22.804128667889422
1360	21.13881111565046
1361	15.948802651353425
1362	16.969995142144494
1363	15.967383548117903
1364	18.27190559642446
1365	16.51371726589629
1366	17.51927024204698
1367	20.79319265113551
1368	18.87780804107407
1369	22.93426765702359
1370	16.519805596693633
1371	17.53134295527125
1372	16.710583549577656
1373	17.27775565433351
1374	18.430092239484903
1375	14.817184647528974
1376	15.087152907906688
1377	15.94461301654034
1378	19.363716343168537
1379	18.26333740026457
1380	17.534988986467944
1381	20.87105454630684
1382	17.719741838374397
1383	17.7466034165403
1384	16.978562796230268
1385	22.636876423686772
1386	19.660082763507962
1387	16.995775882066745
1388	21.001040653656954
1389	19.281627830919913
1390	17.8308512713641
1391	15.233003387032726
1392	20.07848367297629
1393	21.474909135294148
1394	16.471906759963574
1395	20.704515716962685
1396	15.7520964151206
1397	17.580854765529377
1398	16.413061020500027
1399	18.22246375536822
1400	18.751408347348764
1401	17.175971655550207
1402	17.489302038676104
1403	18.09152660551971
1404	16.400931070080812
1405	15.593436445677327
1406	16.05064559210658
1407	19.935480705695227
1408	21.062811244656494
1409	15.112200769256768
1410	17.48078538190263
1411	17.54678378470667
1412	18.144191849588726
1413	16.997204112042674
1414	16.76047909611836
1415	23.59446678813655
1416	18.539550393823564
1417	18.468452701857313
1418	22.72347784982412
1419	16.78795818336308
1420	21.008826857814167
1421	24.69865572436773
1422	21.59241251407289
1423	19.90169143126372
1424	17.31119852109812
1425	16.93941132257541
1426	17.706330983245973
1427	17.033402815285243
1428	17.76849842831408
1429	19.284114445586546
1430	17.737086021238937
1431	15.196963167304851
1432	17.105684433726367
1433	19.435344596142315
1434	15.048614012755985
1435	21.56820588923011
1436	16.522673582234418
1437	16.40434673784279
1438	17.343700178629277
1439	19.196977635808288
1440	18.696864197971298
1441	18.954427279249874
1442	17.23879917851235
1443	19.842320048250258
1444	23.996056789048016
1445	18.95811445263149
1446	16.117103602724008
1447	22.513631364651957
1448	17.63092181588851
1449	17.807848612559027
1450	21.343636359312782
1451	18.937015985851176
1452	15.659096630517807
1453	18.703331957558508
1454	19.47933640392301
1455	14.601771480778957
1456	19.321544975962752
1457	17.76486963222913
1458	23.63389088765423
1459	16.339612864796074
1460	16.307215693851997
1461	20.540206477884205
1462	16.263829478551635
1463	17.853659067238915
1464	21.98348442698337
1465	18.669706878420758
1466	19.435715366511918
1467	16.371587307038716
1468	17.424876974487123
1469	17.52980955922976
1470	17.35119180891243
1471	17.78365480158478
1472	16.881053693686496
1473	18.372852130531612
1474	17.924566491770868
1475	15.696609748462432
1476	17.39286893101539
1477	17.253772006655673
1478	18.843292378726087
1479	16.034920767258683
1480	20.175958436173904
1481	18.51044201104669
1482	16.162413510023615
1483	17.948865266023205
1484	21.213341748632956
1485	16.96171492911526
1486	19.57561719837031
1487	17.136276407346
1488	15.604156054096679
1489	20.301851648570004
1490	21.627323503426922
1491	18.647779949125834
1492	17.288589949189273
1493	19.096631151461875
1494	18.89436639056198
1495	15.276954051559894
1496	15.963881275643304
1497	19.791311736898496
1498	16.57973713087849
1499	18.59124469823139
1500	17.727354870429263
1501	17.47118482026737
1502	19.446760022602344
1503	18.10820726940928
1504	17.551857247744408
1505	16.659861750451423
1506	15.955665525362233
1507	20.899954720947427
1508	17.660553935361836
1509	16.309257730371023
1510	17.98619276551673
1511	19.03162741228516
1512	16.085472831719866
1513	16.97988279925462
1514	17.284479642013572
1515	15.820457043734853
1516	28.229082786191125
1517	19.44063181295928
1518	18.809166876713412
1519	18.396627940638208
1520	18.036372026069124
1521	16.773045117035508
1522	16.987129266839474
1523	16.5753170724901
1524	17.574493032376562
1525	16.812210595377515
1526	18.265860334288814
1527	20.123257781005314
1528	15.517845321264442
1529	17.597329543796597
1530	16.899164272631268
1531	17.52076042355504
1532	20.740234768978553
1533	18.117172068400155
1534	27.284877896698756
1535	17.218813830215367
1536	18.77114487600849
1537	15.683457739079339
1538	15.609846007181766
1539	17.074887645573828
1540	18.58698458771971
1541	20.345756383558424
1542	16.783778126686812
1543	19.95478883922031
1544	17.11093285936943
1545	19.550130715549646
1546	19.75346133498651
1547	16.478486914192327
1548	18.201044975016103
1549	15.990033190366812
1550	16.25267261991717
1551	17.660351667072003
1552	17.5664617922364
1553	21.528993347351072
1554	16.54408468049485
1555	18.02695523068677
1556	18.688329387155616
1557	18.662460511309583
1558	19.305655627002462
1559	17.778885301700793
1560	17.18732929881133
1561	19.3957134539751
1562	17.464245047449367
1563	15.374865781399421
1564	18.026004802379756
1565	17.713336871637
1566	14.82608737920167
1567	17.558559180808448
1568	15.84974457136674
1569	18.20507757872356
1570	15.74780766971024
1571	17.911031626681797
1572	16.72853164291155
1573	18.581709978750293
1574	15.88673647429794
1575	18.861474859393446
1576	15.033638698476537
1577	17.028391198323266
1578	20.737967327707963
1579	17.844899196328164
1580	16.425446853814822
1581	18.52128295237032
1582	18.221313864675125
1583	20.875354389794666
1584	14.910164221427598
1585	16.072791297226306
1586	17.882555530828878
1587	16.86714380816148
1588	16.820964546868037
1589	18.03184215136977
1590	18.019191585578632
1591	16.96496045801854
1592	17.920093231455443
1593	27.032890334273688
1594	18.70009534152923
1595	17.371668010032735
1596	19.73272664382588
1597	16.800145741490027
1598	21.50424957974424
1599	14.988134339349344
1600	14.944785227900866
1601	19.510872313824123
1602	23.75929315146794
1603	17.80529434121563
1604	20.72630193220175
1605	19.223087094453444
1606	16.516107506470668
1607	15.645328458900622
1608	21.049163835312356
1609	17.135744000985287
1610	20.07102151513966
1611	19.172250824943184
1612	24.11718185281163
1613	16.509916598908603
1614	16.90994151677005
1615	20.005169731159693
1616	16.336398868631495
1617	17.528393231601655
1618	17.382200778578408
1619	18.843774738555805
1620	17.65897351482206
1621	15.885441798755588
1622	17.303680757460953
1623	17.026789802913555
1624	18.153691061614083
1625	16.717055771723
1626	17.701562908672106
1627	18.461948613798473
1628	18.616968877366745
1629	17.278700512717478
1630	21.844922060201256
1631	17.299127583610826
1632	22.494520048526788
1633	19.69775191861748
1634	19.411850048608127
1635	16.31773439406893
1636	18.131863606965023
1637	17.654382879278273
1638	16.930695076942953
1639	19.68625914428849
1640	15.85474108825546
1641	18.69224517206312
1642	24.004134550874664
1643	16.800753634015564
1644	14.799149218833119
1645	19.323996272098157
1646	27.04349139120677
1647	18.19899421289758
1648	15.999890642604441
1649	18.50396780389751
1650	18.356483013781702
1651	17.617093415847048
1652	18.021583664063655
1653	16.083736079883877
1654	18.941473392245825
1655	17.709317389682173
1656	19.482834804301092
1657	16.595517767537064
1658	16.155745756504455
1659	16.275031604037874
1660	18.160876424484222
1661	17.00566953709122
1662	17.917353878017853
1663	17.298038788613653
1664	16.683793089282698
1665	21.51369069829142
1666	16.946983524354522
1667	19.28265234011691
1668	17.936892715216214
1669	15.688025860619772
1670	19.700782077245965
1671	16.712391767699014
1672	17.68362632618201
1673	19.71799991557751
1674	17.52887409363218
1675	15.841099999599498
1676	20.684371009515598
1677	16.416073438515397
1678	17.20359205028249
1679	15.847101031984202
1680	24.596771079862233
1681	17.3918573750232
1682	16.157920331228524
1683	16.83987662600819
1684	18.25308092114412
1685	18.856246520167865
1686	19.904738188873292
1687	19.162070601819206
1688	14.92479528483201
1689	15.445420835027472
1690	19.511473008363016
1691	17.546385133122016
1692	18.919858954228964
1693	19.14129202968311
1694	19.052474186283497
1695	15.997943511375436
1696	17.268207997443493
1697	16.556982380640285
1698	20.904029803102215
1699	24.677923133093998
1700	18.314533562234526
1701	18.80160759311635
1702	19.805568893803866
1703	19.927965624028566
1704	18.90512945522603
1705	18.017857043795583
1706	18.54975005517481
1707	19.573454918824137
1708	17.28375815172892
1709	18.09441886746953
1710	18.151876102467067
1711	18.69848220274887
1712	15.890225933013822
1713	20.11770636744073
1714	16.500205853412492
1715	18.818146049126245
1716	20.65097357805312
1717	15.578338621054279
1718	19.129149586807838
1719	18.033666802861262
1720	19.444237451722618
1721	19.70391952973325
1722	18.081378320557995
1723	18.015905765071512
1724	17.09904948919358
1725	20.24170247344766
1726	18.686374750913963
1727	16.5810388980899
1728	19.874346350762956
1729	16.5290858497298
1730	17.248829818732254
1731	17.8082318134076
1732	18.685732716070063
1733	17.236394146633945
1734	14.354494860363452
1735	22.767787789683265
1736	16.710505417156966
1737	18.605844633861285
1738	20.278623624010102
1739	18.7994663479608
1740	17.551879915366882
1741	21.881599557003938
1742	18.244838067853102
1743	18.49472608920545
1744	17.178443986508583
1745	15.0650273393131
1746	16.31810925311616
1747	17.957428633348172
1748	15.316561261486067
1749	17.481716335434466
1750	17.43375738430337
1751	18.713684052123096
1752	18.156431255470963
1753	15.643097318378032
1754	16.841472019897957
1755	17.710701277543027
1756	17.57900373659917
1757	17.09216098744422
1758	16.81646418455057
1759	18.01733502285047
1760	18.028859165247955
1761	20.543799182008954
1762	16.768759108684026
1763	19.16759367810536
1764	15.86226482732698
1765	17.04173168221469
1766	16.754108001310858
1767	18.615988738047466
1768	17.163177771866323
1769	20.393039746256544
1770	17.495381456377462
1771	19.005813809195182
1772	19.618470951178125
1773	18.157495834469877
1774	20.560736702861966
1775	18.367165691224685
1776	17.161104223428993
1777	16.147274451597628
1778	20.95537669321268
1779	20.80337959493857
1780	16.40008854594392
1781	20.463788776111596
1782	16.4120125900954
1783	20.49351054626517
1784	19.41358300610527
1785	14.522051494786233
1786	16.874967238859142
1787	17.254630848608347
1788	20.72316428773751
1789	23.07121908675732
1790	18.95493855380707
1791	18.416997493787978
1792	16.40470259643138
1793	20.6816071748709
1794	18.00823357985355
1795	15.75142122342691
1796	18.22792028227714
1797	17.422788651844744
1798	17.8680423371455
1799	15.100157540369159
1800	16.446031809242612
1801	19.936212181118137
1802	20.591198349689048
1803	20.820176103585254
1804	19.113264777587798
1805	16.271998242405243
1806	16.739542968603523
1807	18.395234523716177
1808	15.950875056567602
1809	15.706113651835997
1810	17.627771605706464
1811	17.77894030701251
1812	20.26382315417286
1813	15.904014710517368
1814	16.83354713512762
1815	17.708475754193316
1816	17.304611552302248
1817	20.06315797708463
1818	16.528529427236293
1819	23.590286370941612
1820	14.479244361696248
1821	19.86578135209588
1822	16.78564169728798
1823	17.775254648151193
1824	16.241500625401386
1825	18.03214605638547
1826	15.767360381977632
1827	21.405029915029445
1828	20.445474147861304
1829	18.417223584636016
1830	19.042540316982194
1831	17.595943435287232
1832	16.053439729674547
1833	18.99224864991645
1834	17.146431904862094
1835	19.484068889203563
1836	16.851827809244003
1837	17.63676275922451
1838	17.246087728945408
1839	20.34472346604134
1840	16.02006420154875
1841	17.609921836388356
1842	25.739734055400874
1843	19.247567092050303
1844	18.41811114684606
1845	17.35926662698933
1846	17.679480896507755
1847	15.589107917900117
1848	18.22967900838703
1849	18.29423190485686
1850	16.05120059545152
1851	16.603958850211807
1852	19.492080773281486
1853	19.822801031446897
1854	17.326616423416205
1855	17.550111331170665
1856	19.613015215788884
1857	18.783339302378497
1858	16.706160568733416
1859	16.43438771311291
1860	18.575321230688132
1861	17.428740452400014
1862	19.364127024374383
1863	18.312603187849163
1864	17.274812908886048
1865	18.668588346987963
1866	17.09547922702442
1867	18.988624666248345
1868	20.40616995696837
1869	23.407201408890487
1870	17.947870342743173
1871	17.53777107527161
1872	15.935196645836266
1873	17.278213992206886
1874	15.743545733663874
1875	16.639462855001913
1876	18.876537044912478
1877	18.76548616486814
1878	15.525103868948968
1879	16.152447359679744
1880	15.814176731665308
1881	17.6966436168363
1882	17.15442736438194
1883	15.67333455865737
1884	18.107079652232002
1885	18.634044440013767
1886	16.994898502099225
1887	16.98715323119266
1888	16.386175866076332
1889	16.38697100719437
1890	16.737344870121095
1891	16.872740867347456
1892	16.95666035060771
1893	18.37725792366505
1894	21.638187180985696
1895	17.63381766384933
1896	20.886354028235044
1897	15.987890478870314
1898	17.26161326816771
1899	15.300282199733193
1900	17.937359185595263
1901	18.08231760709334
1902	16.393183028023255
1903	20.522519052638835
1904	19.00222047781106
1905	16.558863396994134
1906	17.220863021655703
1907	15.838781941731117
1908	16.085727525303106
1909	19.09350101533346
1910	16.894350320866874
1911	19.864105884110607
1912	17.17469874717709
1913	20.24534602681175
1914	19.28629544203725
1915	15.443223835862524
1916	19.57707936680911
1917	17.03486101588674
1918	16.650508467099545
1919	17.96647009762595
1920	15.827990819169425
1921	17.019027638962143
1922	18.88682874861708
1923	15.753737504194167
1924	18.28137105762855
1925	15.679698059620899
1926	17.92778712193607
1927	17.885015640203562
1928	18.798888039959518
1929	17.796301792985922
1930	16.89126873392082
1931	16.065957571975886
1932	15.68362245582458
1933	15.700900873127393
1934	16.656086549846496
1935	16.59694611165824
1936	19.30378279884686
1937	15.010046479898657
1938	22.097298053154525
1939	16.09256745161023
1940	23.524741086656125
1941	19.562358498137492
1942	22.325079864174054
1943	15.092923388253116
1944	17.469599798554555
1945	20.25319144547505
1946	16.828909291575354
1947	17.879178966395557
1948	15.493480481536073
1949	25.764585615315124
1950	28.83728360770411
1951	17.523169199731853
1952	18.23448727797303
1953	18.06083803958344
1954	18.51423639470401
1955	16.158112084939695
1956	18.37312799335632
1957	20.487733210940565
1958	18.347224759391363
1959	19.04819027269259
1960	15.772761397563192
1961	17.345057656815232
1962	19.04845211103093
1963	18.975848484762707
1964	20.78205197977939
1965	15.256367438729397
1966	16.76812865757724
1967	17.566979762154485
1968	21.546215020823293
1969	16.771587219699803
1970	16.397087094299494
1971	16.521430430439068
1972	19.0224409618997
1973	16.858406592439096
1974	19.52971551486721
1975	16.628268075829013
1976	27.05749555061528
1977	16.81665453926097
1978	18.377165724539704
1979	18.09144580130973
1980	16.661602988194804
1981	21.444409852665242
1982	17.045397713459096
1983	19.363569163200445
1984	16.748708807067015
1985	17.2421098401897
1986	17.698894744506106
1987	18.45064542986802
1988	18.91390426770784
1989	16.22307645804032
1990	18.490771348402962
1991	17.92441253959859
1992	20.071709037873138
1993	17.333408900314115
1994	16.770697084064594
1995	18.079213710329494
1996	16.864349842706968
1997	17.259650117521616
1998	17.714473076319944
1999	25.719603143550717
2000	19.75905361660583
2001	17.7028563317083
2002	17.308614087483043
2003	18.728801556648687
2004	16.642354185748847
