6	9.21970926613661
7	13.208742055327967
8	11.616043923810503
9	11.032554956013508
10	13.710587357777632
11	12.903271213109914
12	13.977206453961536
13	11.423688672394032
14	12.043939822833124
15	10.480810397056226
16	11.278459931109023
17	12.756121156826232
18	11.591266002742486
19	13.028096897833858
20	11.08994312562269
21	11.715829117407642
22	12.675446727393137
23	12.313067016859168
24	11.553648951263192
25	12.976477128016368
26	11.637206343369902
27	11.482563343198853
28	13.958196422766074
29	12.795566267654673
30	12.300212082122286
31	10.12240795367264
32	10.736466946679988
33	11.438834625233929
34	12.188452309110895
35	12.662819956992323
36	13.124041505646556
37	12.6652109635212
38	12.291599445799163
39	11.579554866971582
40	10.70614252133007
41	11.020421275346182
42	11.228323065477763
43	12.109701241329665
44	12.404637358427532
45	12.26399196328081
46	11.215090373519342
47	12.368298508647579
48	13.63142011942012
49	10.798939118420375
50	13.45615870449954
51	13.544054657848998
52	11.58186835727743
53	11.874359222706516
54	10.980019055148356
55	11.438777216480297
56	12.191329921008219
57	11.502419713171268
58	10.944619240516113
59	11.779153851403558
60	12.978640233576316
61	9.752722737039342
62	11.979857162981975
63	10.58390306329919
64	11.733312478740546
65	13.85426868152856
66	11.10027229739644
67	11.57113224982382
68	12.14944619324524
69	11.795069208198004
70	11.11882543377049
71	11.608333950276574
72	13.579534414008055
73	11.437172626235405
74	11.933184200015743
75	12.04675477813871
76	11.935487255438906
77	12.202394964369327
78	11.77197274537449
79	13.28010617825712
80	11.82812455221222
81	12.320763364398209
82	12.834492793696098
83	11.190647301310294
84	12.984614997546444
85	10.80806156384319
86	12.393344333858598
87	11.225022970408855
88	10.896066819229745
89	12.88002515142376
90	12.903290408993144
91	10.872807321080472
92	12.554305342486698
93	11.29477400018271
94	11.500451510303538
95	13.609522442884554
96	13.254971185829103
97	11.208415680617327
98	11.521721109118797
99	12.209222768820137
100	13.318485070994939
101	12.501247891662802
102	9.95549387396526
103	13.213308390794232
104	11.605166203252157
105	10.961400667154521
106	12.331827804452526
107	11.704620344076513
108	11.327132031558152
109	11.600273443942289
110	12.260289175857906
111	9.99891657553698
112	11.776477857697977
113	11.817255610269664
114	12.23158297502899
115	12.261057714381927
116	11.434323950737017
117	10.072211014423548
118	11.92658466550929
119	11.696595250684299
120	12.692241236554331
121	11.11688194330903
122	13.190245621189769
123	11.359801654765134
124	10.432757363127518
125	12.933225223927002
126	13.36734354236396
127	11.066902565276905
128	12.346339154340306
129	11.713140527192284
130	12.452863516848689
131	11.991990781447385
132	11.130807847536094
133	14.203937563884427
134	12.079314240792883
135	14.097895476954623
136	12.766022361384481
137	11.659776407070458
138	12.197538954345267
139	11.643503388871613
140	11.963894415623924
141	12.691238007554992
142	12.90640233229285
143	12.409264242266364
144	11.583011874836215
145	11.658433545136681
146	12.018273231956604
147	12.533417919154695
148	12.321776197774202
149	9.957842694007558
150	14.078172025754485
151	12.153965266696025
152	13.416088672220386
153	11.566420151605321
154	11.922696779238843
155	12.646590352074176
156	11.9358187092799
157	12.948222018602538
158	13.72343955321703
159	12.218678536587456
160	12.36349884832875
161	11.826753627772892
162	11.638153720493088
163	10.944186896309256
164	13.10549266320595
165	12.482136520965723
166	11.39471893542429
167	14.13763998195861
168	11.967568835584268
169	11.981944596542572
170	13.034841207226762
171	11.980843450496744
172	14.53600644907043
173	12.931407217203576
174	11.562966680416139
175	11.423162826520857
176	11.773570449386899
177	11.903769040766928
178	10.959257866124972
179	12.307444376914107
180	10.37736008960166
181	12.221960974258504
182	12.168908880172943
183	10.678128330737202
184	12.424799610631048
185	12.405486827799905
186	12.318417597223743
187	13.045164123668656
188	12.007143014201054
189	11.124212210099879
190	11.631296101530703
191	11.728546436588253
192	10.660338870708735
193	11.965151162738039
194	12.040318815488718
195	12.15592197800288
196	12.767882218310842
197	12.917545095561072
198	11.24461688963516
199	11.487074300200524
200	13.52419153080094
201	12.064403121493259
202	11.471447909464855
203	11.761765989770149
204	12.235772020501221
205	11.94071081627321
206	11.540920617968368
207	11.724170308168445
208	12.945497900196642
209	13.288716630482424
210	12.644786794149695
211	12.129606655053472
212	12.90905737075904
213	13.792916427744785
214	10.69188519765804
215	12.715304480972035
216	13.692428982774597
217	11.824523473685465
218	11.908462532053052
219	12.54868058477412
220	13.229079859645848
221	13.391505259630017
222	11.537547749546569
223	12.972603516413633
224	11.611663819812142
225	11.512310588269346
226	12.759382177645117
227	12.323531569528352
228	11.287358446101425
229	11.897749617540976
230	13.159126319174664
231	12.406771653752367
232	11.367467038257747
233	11.602535167392732
234	11.619388868394058
235	13.20331916471012
236	12.944538586099952
237	11.85466298343963
238	13.177118098874676
239	13.37305126833203
240	12.348956224172143
241	11.542653598239413
242	11.109041817373228
243	12.36434977799072
244	12.059264139687002
245	12.256335470385121
246	13.483515654044217
247	10.736524601312121
248	13.146049144601594
249	11.496190417563552
250	13.833998332243128
251	12.699018120098238
252	12.137592453985558
253	12.852836366461935
254	13.551113438600927
255	13.789477421169673
256	11.472978563401073
257	12.705327237419883
258	11.488444265582736
259	12.505711915620244
260	12.14984558818329
261	13.55683398257194
262	11.929136519535424
263	11.949514513459386
264	12.109538943141656
265	12.41428829368846
266	11.94428382029744
267	12.382038450469347
268	10.026255761273205
269	12.11732209215032
270	11.723218906779463
271	11.644938854561188
272	12.212761870591619
273	11.001394197908336
274	12.678219759676722
275	12.670506409899746
276	10.941871782948729
277	11.132884085286854
278	14.17609614905758
279	11.777359607435452
280	12.429067780416517
281	11.579131681524727
282	10.884594254772916
283	12.718138341421893
284	10.77007298751414
285	14.258156367245828
286	11.994191788030667
287	11.013106566721884
288	11.836582815119376
289	11.642192797924508
290	12.560752402443473
291	12.06630659229932
292	11.067621417606937
293	12.453590932433144
294	12.147390545008724
295	11.843112681739148
296	11.630902419623453
297	12.423364991656854
298	11.566623610893398
299	13.044308972938563
300	12.813301220948341
301	13.492872626753524
302	12.527317435902077
303	11.50923615531763
304	13.770430162335591
305	11.919216346107229
306	12.214498057901178
307	13.045088179559182
308	11.245170812529977
309	9.679352667061208
310	13.461436045666536
311	11.627501769683375
312	12.638105183661294
313	12.173929924743089
314	11.606669236008505
315	11.945182331840245
316	12.035443052665169
317	11.645969842791091
318	10.175849073121379
319	11.981110076536424
320	11.383497943443025
321	11.510000970977773
322	11.616780907682065
323	12.08220504023484
324	13.04515516210231
325	10.975271774735301
326	12.350473656632294
327	11.467694120171169
328	11.241503808302307
329	12.796560727690425
330	12.608454477755004
331	10.637386669062614
332	11.526662450513172
333	12.232518818155821
334	12.604627306241309
335	10.25639132789569
336	11.439191617372368
337	11.790974905949552
338	12.628739811973807
339	12.878488455266536
340	11.211752564750675
341	13.08378602252385
342	12.558549784817538
343	11.153700029498266
344	13.018893760842426
345	11.986365083337295
346	11.923682181904075
347	12.746991131954763
348	11.461163133904241
349	11.569760373521907
350	11.92476330332984
351	13.132444907769399
352	11.533428362168541
353	11.490920344376814
354	12.77747027764417
355	12.431444623041898
356	11.603945042176816
357	14.28619368300618
358	12.102941353402565
359	10.727944917064244
360	11.213343439603564
361	11.828870756714604
362	12.490860150799563
363	10.794484934448043
364	13.496490846810048
365	12.317816678399685
366	12.36382544466372
367	10.665931508511466
368	11.703770400078502
369	12.269979995409958
370	9.922389361928799
371	10.546004333213205
372	12.41410447432376
373	11.616226457032518
374	14.086956987281155
375	11.839352827312219
376	11.685250875794466
377	13.11382915734583
378	13.726423667641939
379	13.232574504250964
380	14.012779253670791
381	12.083250969536797
382	12.37876943759745
383	10.866857655311998
384	12.577125549168649
385	13.164222535817922
386	11.77767061069062
387	11.081128237198573
388	12.682634910745863
389	13.345060032774928
390	11.822799525686802
391	11.691766833689707
392	12.662743604455608
393	11.254737628296041
394	12.733700608114304
395	11.427695915022673
396	11.952049992236425
397	12.325399116515959
398	11.878032354790776
399	13.944720609598638
400	10.970425973744849
401	13.239100147251156
402	12.045287780511867
403	12.688367894133469
404	12.991648166841413
405	11.93719557436707
406	11.352498027250556
407	13.168689379248463
408	12.218480687735912
409	12.74055173067161
410	11.526836096626843
411	11.585471738321376
412	11.793504661639288
413	10.61657124823118
414	11.54777866480214
415	11.192619175564253
416	12.032617540658629
417	12.749703902191518
418	11.612334919050971
419	13.298102072804518
420	12.630880879895162
421	13.015493027206976
422	13.02017709844707
423	13.738801232852792
424	12.207676670739602
425	11.824656044048929
426	12.441125680634286
427	11.479447317913928
428	12.930763215793247
429	12.32942709006602
430	12.15805684592148
431	11.63570589582724
432	9.830584499850183
433	11.026607421857383
434	10.608499090943951
435	11.998006997532988
436	11.720522148061058
437	11.13161461188261
438	12.839360530887022
439	12.768180751760552
440	12.390870977609525
441	11.790245169361393
442	13.698061673075426
443	13.661886143492579
444	12.136258859662727
445	13.542181336953945
446	13.218311946706049
447	11.034336912865305
448	12.20833392199711
449	13.462170805419898
450	13.167160447875116
451	11.250449690205555
452	10.538754429166493
453	10.750633012984922
454	11.506743281775723
455	12.17296853880345
456	12.488609634182902
457	11.045145954110193
458	11.51477850620402
459	12.722403706183346
460	11.890945542052837
461	10.890794986733594
462	12.55984923951069
463	10.328394913250426
464	13.542395320163402
465	13.111064391955248
466	11.005185171367234
467	12.316488991230502
468	13.42740542430935
469	10.77546054430099
470	11.977000330811952
471	10.348078369097784
472	9.237585673239664
473	11.033827590569022
474	11.599559196718948
475	11.305388880026017
476	13.34270883668643
477	13.740472107757038
478	11.97176097919042
479	12.153885881823953
480	12.076242409032906
481	11.301699187612117
482	11.96632867861384
483	10.577308001372149
484	12.001069557648052
485	12.670992339875184
486	11.150785508337252
487	11.496380916318708
488	13.00669469430674
489	12.544944396743086
490	12.249511687342808
491	13.638265977427917
492	13.015637534782636
493	11.893930576586476
494	12.326308492405683
495	11.020112480638394
496	11.983314712388584
497	12.743119805175715
498	11.173304416395695
499	12.395780436100903
500	10.772875736999346
501	10.9810079800128
502	12.231136932660808
503	10.412265996179215
504	12.665264789898753
505	12.70148883546224
506	13.591882377753363
507	12.140126079862492
508	13.863163557737911
509	13.04975934358964
510	11.139977363365082
511	11.791727339812496
512	11.047160437740702
513	13.261604402786665
514	12.61378237969378
515	12.191056277541932
516	11.845753293265478
517	12.183073346323978
518	11.84447062403895
519	13.081258855509551
520	12.581190612220267
521	13.2161211531269
522	11.929646087840766
523	12.896684540615146
524	11.966833485301496
525	12.16241857749507
526	14.891538287773507
527	11.837312040152028
528	10.920433057071124
529	11.564420757712796
530	11.152816097059732
531	13.571349381951482
532	12.093598467457923
533	12.783573367595885
534	11.734602106812721
535	11.719119143259542
536	11.524958243188276
537	11.45885160847419
538	11.289326564083678
539	11.431189854577598
540	12.859577414860144
541	12.337247007349063
542	11.64506062538363
543	11.13537235462784
544	11.635992161064808
545	12.45420683861812
546	12.687711833554204
547	13.410959186661056
548	13.015158983587753
549	11.913817633199505
550	12.821648217940323
551	12.001172564091394
552	13.302081386299015
553	12.365224602641538
554	12.722332906602373
555	10.827412791795245
556	13.656398878802127
557	13.085473017887965
558	10.72502449354215
559	12.418299542539494
560	12.24852411665729
561	11.106505633088881
562	12.292759023049646
563	11.285585271103107
564	11.54833910228494
565	13.439789902043735
566	12.078506508934273
567	12.91683376422831
568	11.913042243754413
569	11.826025027383462
570	11.410152663850264
571	12.944074659295188
572	11.219911009863912
573	12.84507047947475
574	13.172128302804397
575	12.175846347184851
576	10.993295484895093
577	14.14279498508577
578	12.351250233434795
579	13.108246182925845
580	13.012100208814566
581	11.0233103968548
582	11.877209071607258
583	12.540964638490392
584	11.728330777115188
585	11.58858758920257
586	13.198142817343719
587	12.9267921065446
588	11.988404540820435
589	12.778837837448615
590	11.517406730949666
591	12.95497192992341
592	12.944170225557173
593	12.13035322461898
594	12.435381488195466
595	12.779828786027307
596	12.661004234231887
597	11.414618824887189
598	12.550864824877742
599	11.347298864951322
600	11.494689872059098
601	11.717006456381641
602	13.387356634874596
603	13.798836626779204
604	13.19658604780536
605	11.309960607534528
606	12.565121149407114
607	10.841615888246452
608	11.692172179656335
609	10.988192595837367
610	12.110526872473807
611	12.281527010462014
612	12.464907940378627
613	12.659010791169878
614	11.2725015494865
615	11.104282505512755
616	11.28144744890839
617	11.149721368515332
618	12.87036801975531
619	11.70402713683212
620	11.863754570529895
621	10.785896180715644
622	11.737058147610654
623	12.102672821825504
624	13.03356145635189
625	13.746840044835528
626	12.314864425006537
627	12.480497254683128
628	10.088465035884399
629	11.296968758704939
630	12.491096817570416
631	12.24786213109231
632	11.437184328678995
633	11.973166173865573
634	12.222144766764748
635	11.22843859155546
636	13.08385624386959
637	12.446767448837383
638	11.215925918381092
639	11.707898187427782
640	12.473711943360167
641	10.735326449490255
642	12.462633972383898
643	12.577549430915449
644	12.433354413678424
645	10.599212784713519
646	12.482977304101825
647	11.925844549580857
648	12.410509704733672
649	12.70031000887684
650	12.048603720332418
651	11.371977349166022
652	11.519484789325912
653	14.734632655716268
654	13.597200125836851
655	12.055715015281748
656	12.006143978300603
657	11.99057406963906
658	11.593804127303883
659	12.301412400318837
660	12.167765992117994
661	12.813806170647565
662	13.833189575379947
663	13.490485404830844
664	12.915343735081313
665	11.482162450973052
666	11.772632468994495
667	11.781068376332628
668	12.257480186390001
669	12.887771394442888
670	13.039596174101462
671	11.096625901605215
672	11.548996318143729
673	10.853447517312523
674	12.696655804283052
675	11.892489410475827
676	10.616270783597914
677	12.902865478196569
678	13.052810072234328
679	11.793848720319088
680	12.108745230178881
681	11.855101767853679
682	10.70162972104403
683	11.890325752375205
684	11.9971403595871
685	12.582660060756924
686	13.06361250813352
687	11.960404695959628
688	12.727958742460167
689	12.875867309094506
690	13.26332061952174
691	10.746782283657618
692	12.304584858211456
693	10.648484960382726
694	12.275174334533334
695	11.693286041496322
696	12.542286700974016
697	12.450861409959284
698	11.49425029549526
699	12.814686374088827
700	13.493375702840488
701	11.25016628471944
702	11.91020385560114
703	10.75945248711505
704	12.180347120832472
705	12.49895194724446
706	11.30127388858554
707	12.51038062823136
708	12.128548806289299
709	12.128473254494127
710	13.322877531957246
711	10.909647280240039
712	11.74195183256072
713	12.488450142930644
714	11.506163418506427
715	13.075303018546297
716	11.674657606745313
717	11.080112867826958
718	10.74397921702341
719	12.25335454998661
720	12.610953474374996
721	12.68832402523607
722	14.908764836550487
723	12.977352282227782
724	11.351441327545148
725	11.669664166696174
726	11.507694462930818
727	12.224204153645163
728	12.457899622093127
729	12.201591082981654
730	13.00083461956121
731	14.07612960872523
732	13.098996056386651
733	11.392975768368203
734	12.399926825921284
735	11.355302780953934
736	11.580665936437436
737	13.994546072179219
738	10.46137623208575
739	12.017509000143036
740	11.663148294505664
741	14.535558138477981
742	11.906177480937913
743	11.595503292933653
744	11.669635954294598
745	12.543022259729225
746	11.892562308104242
747	12.63557001715526
748	12.683028813113548
749	13.989914922150396
750	12.147864731408738
751	11.55529550727653
752	11.360568705150703
753	12.190286712017842
754	10.877267800129225
755	12.431833876974826
756	13.325876804114419
757	12.192727327490935
758	13.385804536340098
759	10.430025456778822
760	14.250110933452781
761	11.8883656734135
762	10.133440242808623
763	12.288739892091447
764	12.249943142856605
765	12.058649850601796
766	12.866653852290861
767	12.234926916158292
768	12.111390743654088
769	13.55715767829679
770	13.133367647172971
771	12.280860559440528
772	12.110883620230315
773	13.081215830085476
774	11.921408135515993
775	11.115151845644384
776	13.03520600864916
777	13.117729915046276
778	13.868695022436441
779	12.495290920190934
780	11.987238117487221
781	11.206201975839212
782	12.619055384542056
783	11.485183911029404
784	12.069044667703565
785	13.36497280797145
786	12.587236588171576
787	12.347042149029827
788	10.812924202983542
789	12.768647890594178
790	12.456295801371407
791	11.451069623215258
792	11.264613492436887
793	11.61780925486338
794	12.039218831440882
795	12.237098510365467
796	11.855588318552526
797	12.936002333114597
798	10.78944493461288
799	12.281387209163599
800	13.128224773022035
801	12.717834287404042
802	11.303216289588379
803	13.581427008160972
804	12.00055408226731
805	12.61500393457633
806	11.987110607980867
807	10.754244074056624
808	11.379257118351234
809	12.25556393306893
810	11.947862876885294
811	11.363390794176416
812	12.230959712170685
813	12.292479255698819
814	11.628593327539207
815	12.662336789503959
816	12.324869933604662
817	14.536706867610338
818	13.149631965873679
819	11.001830585779057
820	12.376008605975326
821	13.490627856036697
822	10.299965689864779
823	11.766161685710324
824	10.536194202393983
825	9.924644940780759
826	12.947025679430226
827	10.245702821289582
828	13.542524454376409
829	14.49857254983837
830	12.572020187430704
831	13.84953031947159
832	12.447467748079605
833	12.53953089202696
834	12.332306473129641
835	13.5482610344447
836	12.548735808867301
837	11.232998402801709
838	11.781795779662207
839	12.64968301986976
840	11.79243620098818
841	12.335986776743084
842	12.235295028818655
843	13.630630596817856
844	12.280481312748938
845	10.967979102992103
846	12.994784092159804
847	11.312829612230416
848	12.118503160665568
849	11.899036441017719
850	11.589184178832165
851	11.650847989215086
852	11.890279629925342
853	11.906330794270616
854	12.698892130726017
855	12.573714417486917
856	11.087165161047043
857	11.56260829576705
858	12.271525522426922
859	12.262810105122767
860	11.6452848144642
861	12.054493012704189
862	11.660023283927744
863	12.06693897722289
864	13.119438975502272
865	14.056926557440116
866	13.142363461011666
867	12.005116549717389
868	12.843486571039717
869	12.157435399646472
870	12.25312069829306
871	13.053910581014035
872	11.141182777982277
873	11.388235676319987
874	12.085734415610204
875	12.185827062946968
876	11.370852805608276
877	11.733876552510386
878	12.003069675752029
879	11.167831707892574
880	13.446787016640883
881	12.501483289341099
882	11.757958540629867
883	13.09091297026363
884	10.929964003618807
885	12.873330684657308
886	12.279870448874135
887	11.337057324862409
888	12.287293776636943
889	13.077456347577806
890	12.575353073387372
891	12.48332002122576
892	11.641912003228855
893	12.320210796790198
894	12.704187658044422
895	12.144323575532152
896	12.142583072009016
897	12.103412403044505
898	13.617506377170988
899	11.90056986879305
900	12.729530044598505
901	11.794035878453043
902	12.176946726025324
903	11.636752956700299
904	11.960918840991022
905	11.733821390098893
906	11.576158817725213
907	11.856305309702293
908	10.96403396492921
909	12.276576531271491
910	11.062155709520955
911	11.185122698167106
912	13.405944469826258
913	12.548705837717058
914	11.4279008109821
915	11.870979651836839
916	10.955975404474884
917	12.84169875124644
918	11.423745647901669
919	12.8139058374241
920	12.10751805901104
921	12.541610051332974
922	12.391052287459994
923	13.88477881862234
924	12.575542840631014
925	10.932145886991444
926	11.846996757331699
927	13.639472616892872
928	11.33073698832463
929	13.89996642801445
930	11.034335328570922
931	10.930924003262556
932	11.994655990299131
933	12.282200575802445
934	12.569035304810054
935	12.303723769849361
936	12.31575399515633
937	12.003868704875154
938	13.79636877818003
939	12.386742429144721
940	11.401550421440334
941	11.41938423092477
942	12.296396425871977
943	12.421884912628835
944	14.26008855457379
945	12.52656523345504
946	11.975204411079176
947	11.84349887246
948	11.172479178733193
949	13.203547275438073
950	11.285343413980446
951	11.592549354552334
952	10.812208210273335
953	13.138130462483355
954	12.259545645261339
955	12.492877759588216
956	11.51128804431452
957	10.959143165644491
958	11.738231209684509
959	10.858828184949234
960	12.57998411289771
961	11.657031529848464
962	11.591061891667778
963	11.169156274368287
964	12.957003344636178
965	12.332571255414782
966	11.191971730274547
967	12.100579111945756
968	11.069182415953838
969	11.818501747504342
970	12.278400694624557
971	12.11484196481457
972	10.791541110347024
973	12.662738094627654
974	13.099616260253825
975	11.57963094446808
976	11.948828657860867
977	12.665478716916239
978	11.757756215525054
979	12.593659465504711
980	12.317298508336535
981	11.652757123613771
982	12.800715247140033
983	12.936779001171494
984	12.68950368421131
985	12.808370370913538
986	10.486860448897156
987	12.802839418139774
988	11.593015028248864
989	12.178543840259822
990	10.773227739489327
991	12.132842054874345
992	13.329162305977661
993	11.676212045596913
994	12.758063628948072
995	11.344320837660538
996	11.73125579450369
997	11.963155360993309
998	12.93067337196964
999	12.085126472598253
1000	11.629017622534024
1001	14.246652853226772
1002	12.19938114317134
1003	12.958048437218947
1004	11.974047779699323
1005	12.300241831679159
1006	11.959127626594398
1007	8.657700996589847
1008	13.308834115992514
1009	11.772156790505202
1010	10.646959706316315
1011	11.003865084942879
1012	13.44408032006365
1013	11.645467515200531
1014	12.970174612283396
1015	11.335840159120076
1016	12.008651405425134
1017	12.541033019880867
1018	13.00824511291123
1019	12.162929075228613
1020	12.520648597124298
1021	11.049501275390629
1022	11.319892088095436
1023	11.527185317301363
1024	14.26076612364462
1025	11.620500022133152
1026	11.91029375613693
1027	11.762892982904585
1028	12.534818901144067
1029	13.810806799897641
1030	11.612383167405993
1031	12.955106235468216
1032	12.19581709917984
1033	11.760748026442066
1034	12.835652982850055
1035	11.84485913320012
1036	12.749344014865347
1037	12.798274759430482
1038	12.181738358460397
1039	12.14927508519479
1040	11.776317074196413
1041	12.826039300092296
1042	12.414525769771233
1043	9.921616508185657
1044	11.62371736432871
1045	12.390892881412583
1046	11.064174951861034
1047	12.792580783102578
1048	12.643776370768641
1049	12.036532540234827
1050	13.336120665461445
1051	14.315567597830668
1052	12.72492597286624
1053	12.176088012648203
1054	11.539696563412214
1055	12.966845597545788
1056	10.188682894416464
1057	12.318182454444468
1058	11.218277107095346
1059	13.349501091550337
1060	12.744667509211771
1061	12.197263394490195
1062	12.156818793983096
1063	12.869667649585088
1064	11.052599756799948
1065	11.421419788018934
1066	13.919362498347514
1067	13.537624031474644
1068	12.729323967553986
1069	10.810387298188289
1070	14.551523193206993
1071	12.015242779161781
1072	12.311235742589746
1073	11.370948127371125
1074	12.630161573348397
1075	11.0559633464145
1076	11.763423620710252
1077	13.866492816247046
1078	11.657168943852444
1079	11.550363244411225
1080	13.142480311719702
1081	11.877539287369776
1082	12.205535363487433
1083	12.7239455915092
1084	13.79765472537838
1085	13.389553960585207
1086	12.99748969237553
1087	12.216188983496977
1088	11.818358801615735
1089	12.899137275817338
1090	12.126705705440449
1091	12.349857466103023
1092	11.355839953798315
1093	13.545947646987143
1094	11.649479252931831
1095	11.27278265797371
1096	11.866934657590464
1097	10.363965374498198
1098	12.597109714312301
1099	11.01416309380337
1100	12.317183553664522
1101	11.691721614076275
1102	12.317959008930142
1103	11.18099888695266
1104	13.571758840296587
1105	12.653427397927132
1106	11.423825310730946
1107	13.412525407515933
1108	10.917342657647428
1109	11.8383372815545
1110	12.623776650613012
1111	12.158346261732126
1112	12.972396808219385
1113	11.15473921745572
1114	13.095901011372916
1115	11.646898083204482
1116	12.040117844102497
1117	12.517679658181885
1118	13.793531578274504
1119	11.697854914576359
1120	12.612439608288696
1121	11.393645142744246
1122	13.171219474230721
1123	10.891555705561768
1124	10.71053051138075
1125	12.39710540890228
1126	11.62762971025049
1127	12.532024285144871
1128	11.945050125276405
1129	12.013931734400103
1130	11.621513716841582
1131	13.10266707741
1132	12.553469189400362
1133	12.231016689479086
1134	12.687396352291108
1135	12.385263532729974
1136	11.596983031515265
1137	13.65006323007401
1138	10.812402742152864
1139	11.969802064972464
1140	11.316193769979119
1141	11.699260494299233
1142	12.158671906635087
1143	10.288141470083868
1144	12.48556931017499
1145	11.728682449604902
1146	11.162400734145194
1147	12.814437775603437
1148	11.454319382873585
1149	12.09112891986254
1150	12.039247409440577
1151	12.79445825596728
1152	11.496461450285278
1153	14.376652349875908
1154	10.525336488839928
1155	11.0127454766538
1156	12.587412848302241
1157	12.534629416512326
1158	11.847373004149025
1159	10.461569354935948
1160	11.741482017104447
1161	12.36696825876994
1162	12.789397553795771
1163	12.406633792996958
1164	14.896086665077341
1165	12.87119224680395
1166	11.356280057130128
1167	12.826764904370066
1168	11.12966262604306
1169	12.303907695730837
1170	11.499739255067349
1171	10.761040254631856
1172	10.994735049816814
1173	10.952245335424474
1174	11.915999466958628
1175	11.716171861212286
1176	10.298931565532898
1177	12.57961699867621
1178	12.724212305154651
1179	11.695561699336395
1180	12.384394829526233
1181	10.835120912185326
1182	14.224177965108538
1183	12.93691862117599
1184	12.084231266384258
1185	13.687927503759662
1186	12.422949742799139
1187	11.34444211587274
1188	11.667799098145528
1189	13.618897960725008
1190	11.490515381466443
1191	13.381464038293675
1192	11.42901065143255
1193	11.621229757149532
1194	12.43559573667257
1195	12.05406071722542
1196	12.439999174650596
1197	12.580697810743004
1198	13.140760900357876
1199	13.631038689262871
1200	11.566967397910329
1201	11.875249379838351
1202	12.447635442740284
1203	10.988856658822408
1204	11.678408954653825
1205	11.73038801888004
1206	11.914939016431823
1207	12.146300756459823
1208	12.801166693503037
1209	12.365588884179791
1210	12.448234073528699
1211	12.916762208938598
1212	11.791446661042487
1213	13.300754682198468
1214	11.967438724040138
1215	11.719553440044235
1216	11.37498974435342
1217	11.568857761859698
1218	12.672336245636904
1219	11.604744906777341
1220	12.991778680056866
1221	13.06595096390309
1222	13.807830758945784
1223	12.286897194338962
1224	12.36998292910329
1225	11.475498705096543
1226	11.34160573083985
1227	13.27990258814146
1228	12.753436319778363
1229	13.096572250079621
1230	11.986797744456757
1231	12.371106120800091
1232	12.018680476084617
1233	12.642456225575492
1234	11.870323727555972
1235	11.641455413526273
1236	11.704243247469503
1237	12.929312151158229
1238	11.961604733684066
1239	12.71489702933468
1240	12.297346348883972
1241	13.201051838473756
1242	11.981514742526297
1243	11.676722209341824
1244	11.586950080632231
1245	12.093448976771189
1246	12.46283915845145
1247	12.465932472422718
1248	12.59178338253584
1249	13.253398618071515
1250	14.069285762697374
1251	11.58658546785203
1252	13.727735987864435
1253	12.277424096062239
1254	10.947827635091157
1255	13.139365119786051
1256	11.68877836059546
1257	11.704998461343347
1258	11.284466283890652
1259	12.399520969787387
1260	11.386379948953012
1261	12.074605269285303
1262	11.495046942583507
1263	12.708264149970523
1264	12.707441546014268
1265	12.006048685405403
1266	12.713055845187046
1267	11.370149492688308
1268	13.422652179258876
1269	13.877491735620424
1270	12.477059967332305
1271	10.354807759155793
1272	11.087971323654832
1273	13.664436984679572
1274	11.700303789712489
1275	12.565153195012716
1276	11.895899012578107
1277	12.079455778865075
1278	13.195784484130854
1279	9.471501864570504
1280	12.153217885585036
1281	12.417609311828745
1282	11.03871529783693
1283	11.667416512360797
1284	11.751623256634431
1285	13.120689577156943
1286	11.251748551557949
1287	12.402363917974167
1288	10.969194090821677
1289	11.214969353624978
1290	11.772132848135449
1291	11.888795314316193
1292	12.49092865664778
1293	11.97652879017047
1294	13.030714893159235
1295	11.655408717526976
1296	10.635902243947688
1297	11.827248614801404
1298	12.368938716861454
1299	12.186548354919069
1300	13.338009482128546
1301	13.300428180911002
1302	11.119221254868213
1303	12.042073939027715
1304	12.894396038581839
1305	12.095883469858494
1306	11.811773006251315
1307	12.647197029122617
1308	10.777362385896318
1309	11.730800906584287
1310	12.79439022014444
1311	11.75533980163302
1312	12.291310850449372
1313	11.55274129380599
1314	12.596465597041593
1315	11.116602395783135
1316	13.06502765693459
1317	11.917945621060896
1318	12.28248803365083
1319	12.260446283358355
1320	12.599617155844017
1321	11.427608796183698
1322	13.207943858537714
1323	13.46366435210009
1324	12.869615555973724
1325	11.812030091827426
1326	11.140059573343024
1327	13.756593739223558
1328	14.204654147046515
1329	13.925885940276968
1330	12.044677006395068
1331	11.156086257305898
1332	11.858431176624435
1333	12.416388134507892
1334	13.13152437151358
1335	11.266843131706118
1336	12.739613163620508
1337	13.047153189028096
1338	11.520313280818906
1339	11.447846369426275
1340	13.60291627983097
1341	12.861266397013837
1342	11.868268864303404
1343	12.049941804797317
1344	12.400068652828702
1345	15.115770718995481
1346	12.560384851254138
1347	13.52493313354164
1348	11.95433268571556
1349	12.111283332137392
1350	12.42795502086385
1351	11.173344265195299
1352	12.213182148326618
1353	12.423476093786302
1354	12.869208910538314
1355	12.121994745461658
1356	11.88921460302081
1357	11.472163754464734
1358	12.626910907632139
1359	13.205662007754048
1360	11.52143280399226
1361	12.583909618370752
1362	11.756605760866982
1363	11.185109557498556
1364	12.349872869491998
1365	11.241609923336656
1366	10.755552651416068
1367	13.696714050655897
1368	10.369426535649431
1369	13.744605925830195
1370	10.889754297462506
1371	12.869325685082003
1372	12.502341531305795
1373	13.658913535155499
1374	12.361223130825568
1375	11.890243798183898
1376	12.217433477119942
1377	11.748580269435228
1378	11.988785311389206
1379	12.317321814327059
1380	12.0811630026903
1381	14.66363600979559
1382	11.610839115189654
1383	12.383045110790787
1384	13.75319269253911
1385	12.861338455517155
1386	12.832594299669532
1387	11.186967118516225
1388	12.111525513930246
1389	14.18456459895242
1390	12.148581360766132
1391	11.692336381254295
1392	11.000503927643877
1393	11.241720676305704
1394	13.285376279284002
1395	12.725754279616432
1396	11.35754078527464
1397	12.952439810714818
1398	11.042406209550487
1399	11.567497939017981
1400	11.791515665920452
1401	11.108880508663681
1402	11.256717090989696
1403	13.76058603985271
1404	11.56836864477696
1405	12.316700508344054
1406	11.302307813499983
1407	11.980387856960297
1408	12.89991426216771
1409	11.76336621711272
1410	11.974976018267242
1411	12.380894291447476
1412	13.96300172638696
1413	11.649549920567432
1414	11.578010232537054
1415	14.531391726385447
1416	13.394793948709655
1417	11.310052288206
1418	12.30747046575416
1419	12.543585853360128
1420	13.594156214956786
1421	14.595268423306859
1422	11.89888806754191
1423	9.866643353165793
1424	11.751141217382004
1425	12.464772359514608
1426	12.694658758110434
1427	12.849483938072808
1428	9.938930742313257
1429	11.217439067452991
1430	12.585837497802762
1431	12.574232926700331
1432	12.66144615680572
1433	10.802232742212558
1434	11.235594253329669
1435	12.262843029373991
1436	13.269036852841964
1437	11.687150620156899
1438	11.845982145419558
1439	13.706115602573846
1440	12.558360468790246
1441	11.913895118179628
1442	11.431444679460439
1443	12.233764223298058
1444	12.779662186224014
1445	12.863239567502335
1446	12.168075871886685
1447	11.335544755352506
1448	12.236184606639048
1449	12.225828434636172
1450	12.527045546997604
1451	12.079107118304819
1452	11.559384465306287
1453	11.997684995341977
1454	11.341754702247542
1455	10.475089027235905
1456	12.844918084718907
1457	11.54166145302059
1458	13.20661573929369
1459	11.94221897679381
1460	12.36151967177585
1461	12.504688127082773
1462	11.54336389377048
1463	12.122681539459155
1464	12.299794842759148
1465	13.118755833457477
1466	12.051433896158068
1467	10.958849007971972
1468	10.761976146014474
1469	10.823270045562337
1470	11.196780223605366
1471	12.876733385201078
1472	12.571791797048515
1473	10.80312887281512
1474	11.10095970891416
1475	11.380311260520969
1476	13.489149538357742
1477	10.88550965996735
1478	12.553729129520555
1479	11.544714413117617
1480	13.630663490702863
1481	11.84709346416827
1482	11.644067407770004
1483	12.611326927668415
1484	11.991453041157294
1485	11.92136397329159
1486	12.223183832897414
1487	11.802312754704396
1488	12.967889920797287
1489	12.821555104572326
1490	13.659903054813011
1491	11.957942278978104
1492	13.085490300544295
1493	10.302144072197665
1494	10.584728592299923
1495	12.631600134115775
1496	11.65835583561646
1497	11.79206049486917
1498	11.634701588703319
1499	11.552196274611301
1500	12.103230794668585
1501	12.075976547746299
1502	10.540019680916044
1503	10.74697478906074
1504	12.95040424350925
1505	11.603709556636643
1506	13.62607027137918
1507	13.552583645467701
1508	12.133804059615642
1509	12.53134901119396
1510	12.711150126818877
1511	12.108317184968499
1512	11.499770226115361
1513	12.862610239970863
1514	11.947128380748577
1515	11.912911016304323
1516	14.858925177203492
1517	11.442742248132292
1518	11.929465375970015
1519	11.504420147684868
1520	11.19476740116564
1521	12.279084042745776
1522	11.568082619613657
1523	12.754294173800629
1524	12.105975183658302
1525	13.121666697620908
1526	12.379392091202764
1527	13.482532705098857
1528	12.367434178175325
1529	10.772173060152422
1530	12.397702787715176
1531	12.329737200042777
1532	12.628130097808317
1533	12.916753185334905
1534	11.702466911591944
1535	12.18779590218522
1536	11.634049939465951
1537	12.605961983172724
1538	10.7613913790344
1539	11.327597437721964
1540	11.391623453027568
1541	12.416815847319004
1542	11.806720071675954
1543	12.488895874445527
1544	11.73652494038688
1545	11.69771257305466
1546	10.914611265391988
1547	13.207300037553068
1548	11.920402105082758
1549	12.396387224725913
1550	11.732457221198061
1551	11.843273566297158
1552	11.600683834891589
1553	12.217320872106306
1554	10.961297394070046
1555	10.371007720908066
1556	13.08000237183404
1557	12.094489212576299
1558	11.885013465833088
1559	11.715628092109304
1560	11.963035899923522
1561	11.915444910991937
1562	11.751447227519627
1563	11.896208172568175
1564	12.483510331338039
1565	12.305519553522268
1566	13.465613260304302
1567	12.610186658128022
1568	14.120521697078777
1569	11.454083108900566
1570	12.063317805747776
1571	11.620375410336154
1572	11.896646178252395
1573	12.771334166712636
1574	12.053528224040443
1575	11.49678742317841
1576	12.970036233108575
1577	12.430150213427842
1578	13.734664780139509
1579	11.58596531430852
1580	12.527731413438838
1581	11.576896103987194
1582	12.786256373254583
1583	11.447190798658493
1584	11.53067841057782
1585	11.583390748108048
1586	13.01809344461865
1587	12.33184653474018
1588	12.29790441508198
1589	12.855306249356364
1590	12.787051433253856
1591	11.322455664441266
1592	11.426628654922492
1593	12.949510494908317
1594	13.532235535327345
1595	13.413357134607699
1596	10.923846086361058
1597	10.936602209461853
1598	12.837063425001414
1599	11.342956934088411
1600	12.476872544302124
1601	12.249762295380545
1602	12.81495076402401
1603	11.420434289268757
1604	11.910318187155228
1605	11.769305090000852
1606	12.706539553760264
1607	14.244741694984475
1608	12.004126363103428
1609	13.159407355923854
1610	11.98123057635634
1611	14.498105646232142
1612	10.724655117437413
1613	11.789777526022156
1614	10.935466229527568
1615	10.757582494067838
1616	11.679083457682282
1617	12.959340990561506
1618	13.255372909938588
1619	13.763438688349977
1620	12.073694972554222
1621	13.174223016882832
1622	13.43810654889759
1623	12.48214893146845
1624	11.587631256814348
1625	12.141828586201882
1626	11.678788514588685
1627	13.681058085500263
1628	12.208373414439848
1629	12.554026755524557
1630	11.241410712110033
1631	12.369357639118485
1632	12.325898172539276
1633	11.05571353652825
1634	13.441851585765836
1635	12.457087692201391
1636	13.16891360133221
1637	10.056834712125626
1638	11.767587164002988
1639	13.078191564874336
1640	12.881709053646773
1641	11.638391406120112
1642	13.267201140550897
1643	11.733317245915533
1644	12.347555541888472
1645	13.357788050865445
1646	10.938211515763154
1647	10.712802610459871
1648	10.754100163001567
1649	12.850739964643832
1650	13.464748682540462
1651	10.905983986294208
1652	12.364975629446644
1653	12.750496781148415
1654	11.562388750884566
1655	12.121167272479985
1656	10.43795779948899
1657	10.635936270384784
1658	11.169232204368699
1659	12.380706344429335
1660	11.353686047467189
1661	11.960098658627095
1662	11.595136573029405
1663	11.23767950059846
1664	11.408422866933202
1665	13.227916712953279
1666	11.60031269086037
1667	12.351288050199704
1668	11.449557004824534
1669	13.135390627130326
1670	11.427951015852159
1671	14.1588249867782
1672	12.425332944124454
1673	10.374260659761992
1674	12.01177439111285
1675	11.030054175907194
1676	12.465337596668784
1677	12.11260269765949
1678	11.2697914757406
1679	12.418448890650483
1680	11.91992649086751
1681	12.357398497464601
1682	12.064898444813918
1683	12.361878331963215
1684	11.207368963410975
1685	11.927197587855959
1686	12.280165675000966
1687	12.994242994506335
1688	12.084401087246507
1689	10.922265390244624
1690	12.942357812658884
1691	12.953482750369686
1692	11.692457359823907
1693	11.261734394789007
1694	11.004237250714196
1695	11.37715930843519
1696	12.670316964029693
1697	11.884965872392058
1698	11.878440751291981
1699	12.84226202355785
1700	13.319358970950512
1701	12.657670497137588
1702	11.779954119459338
1703	12.460529974935685
1704	11.045265696244314
1705	12.065479021778124
1706	12.174893477147755
1707	11.772925915277522
1708	11.750270527163853
1709	11.434983435478484
1710	12.308844267097099
1711	13.067899404215582
1712	11.104573693454128
1713	13.401094310672487
1714	12.973613828094676
1715	11.234588617913513
1716	12.789108849538025
1717	12.770547862154093
1718	11.49609378792645
1719	11.359298864767576
1720	11.70810997456795
1721	11.836196616312247
1722	13.677858199225739
1723	12.271525179708583
1724	12.522178458722514
1725	11.078679403629698
1726	12.151646661001724
1727	11.126224851735902
1728	14.002144794591004
1729	12.866976441859844
1730	11.58372791077603
1731	11.615923849975362
1732	12.070577929270387
1733	11.731813665880853
1734	13.273023387856988
1735	11.68660441835356
1736	10.892986445357868
1737	11.216426995427659
1738	12.017445695993956
1739	11.973170140381193
1740	11.832708588177338
1741	12.431693577734025
1742	12.029242980247364
1743	10.83546852466979
1744	11.005101371852037
1745	12.765253446262795
1746	12.574438272554499
1747	12.743321177533604
1748	12.609553838286686
1749	12.355097027990269
1750	10.890184642721174
1751	12.25949924230753
1752	11.744114119656539
1753	11.963000974936962
1754	12.815482334656364
1755	13.556410480942578
1756	12.179076113550353
1757	11.224489726349324
1758	11.708671310767532
1759	14.121384781448999
1760	11.227652710271427
1761	12.587555181321308
1762	12.395268680353183
1763	12.037185020505122
1764	11.816342690482823
1765	11.14004069100053
1766	12.689892322425486
1767	12.29529210370034
1768	9.94434882337025
1769	13.337503600221437
1770	10.8329461151734
1771	10.511632286049426
1772	11.736796070363951
1773	13.060664697378146
1774	11.75995476445151
1775	13.307047751128927
1776	11.432026620529106
1777	9.96451563233751
1778	10.939954409841448
1779	13.612952046585269
1780	11.999382055106773
1781	11.867577549757524
1782	13.452034200696895
1783	13.148003172658553
1784	12.346093506302202
1785	12.995746400692346
1786	10.126644680523896
1787	11.688092401681933
1788	12.713633046477723
1789	14.724063127353373
1790	11.945613541994243
1791	12.02821830603294
1792	11.569922595913521
1793	12.65306219206624
1794	13.351892877738768
1795	10.365114309427822
1796	12.811743592939758
1797	9.509520145798367
1798	12.871964046362274
1799	11.466918727300841
1800	11.761920619376555
1801	11.223500706119617
1802	9.01772047240908
1803	12.071589199320547
1804	10.634494496043772
1805	12.715730753009362
1806	14.537548825884347
1807	11.513693667464675
1808	10.719575525838478
1809	12.594437240793082
1810	12.606404942460358
1811	12.826846830950885
1812	12.690292753473235
1813	10.97835175248206
1814	12.009222680519867
1815	12.212525787763298
1816	10.797317885206125
1817	10.66701782885534
1818	11.120393571443856
1819	14.774425315377753
1820	13.103789860718987
1821	13.935151982788618
1822	11.282043197075836
1823	11.659850861596201
1824	12.40875045360493
1825	13.310479408957
1826	11.3540184541586
1827	12.742346390538538
1828	11.805936967169767
1829	12.560545876764486
1830	11.594194101004783
1831	11.963329324283189
1832	11.311346907709126
1833	13.455506547853085
1834	12.433303728225399
1835	12.965914427621842
1836	12.283583795970857
1837	11.566342103193797
1838	12.236456375480408
1839	10.785547108484295
1840	12.190132060515074
1841	11.057689858526414
1842	12.293948002409056
1843	10.759957189896765
1844	11.323551126215007
1845	10.469822970071906
1846	11.66048690349271
1847	12.800054478124999
1848	13.241994593686496
1849	12.236793596772864
1850	13.765537768147293
1851	11.325590247805748
1852	11.874747155979275
1853	9.513641664047578
1854	11.491039279418496
1855	12.853116103841995
1856	11.162969149252469
1857	12.555017541954294
1858	12.943970485378111
1859	12.638094199617626
1860	12.41444144177291
1861	12.86157988563871
1862	11.720001296164762
1863	13.827905588965539
1864	11.972287087377886
1865	10.849934860063648
1866	11.50584256183356
1867	12.479409850865173
1868	11.912161893395965
1869	14.628526036771724
1870	12.845128382742406
1871	10.914371434961343
1872	11.116260344376787
1873	11.954216982470825
1874	12.193643878775594
1875	12.276128940526783
1876	11.76641295686433
1877	12.865985796138245
1878	13.074499788629408
1879	13.525192067789083
1880	12.180562209044755
1881	11.590587636356108
1882	11.575969771365635
1883	11.116495568382865
1884	10.938974815770052
1885	12.811308393697255
1886	11.083531800945778
1887	13.335930105818148
1888	13.367781541647854
1889	12.992301612067967
1890	12.165064642406916
1891	12.090399104781682
1892	10.739582966581953
1893	10.467825659929076
1894	13.975883236154914
1895	11.641961547758672
1896	12.59327107127935
1897	14.956990519011589
1898	11.621350716333836
1899	12.147591682784777
1900	13.084182970633265
1901	11.00837746860746
1902	11.220521576129473
1903	11.57367662456818
1904	13.204498678959984
1905	11.36864108810286
1906	12.836961307488805
1907	11.883823501196904
1908	12.222098096949049
1909	12.238903039015298
1910	14.273250898795336
1911	12.197872805669356
1912	12.683558405842632
1913	12.9237373167163
1914	11.91483675276574
1915	12.901264727135034
1916	11.663928625599036
1917	11.798161353879166
1918	13.097951526003373
1919	12.448317385065215
1920	10.895712574722157
1921	12.424764310405589
1922	13.978130016516408
1923	11.468706440015618
1924	11.064748368303603
1925	11.092616575143229
1926	13.162461195569485
1927	10.863213135222733
1928	11.709673666531065
1929	11.315346753424299
1930	12.648398746365935
1931	12.386916209138386
1932	9.981366166179734
1933	11.839524312121794
1934	11.507336776036853
1935	10.617982379230671
1936	11.558267871044032
1937	11.799373739310319
1938	10.973365745576167
1939	11.919130671565654
1940	12.099334114133136
1941	11.534024545800639
1942	12.076937060843667
1943	10.848765932442621
1944	12.020443283383631
1945	12.203644040380217
1946	11.893352124054218
1947	13.331134452183809
1948	11.819198651704937
1949	13.614591750008653
1950	11.685612029181076
1951	11.575659985981744
1952	11.94288290074716
1953	12.09463383180056
1954	12.376122231804766
1955	11.443463276517356
1956	12.096905777968155
1957	13.036546399384472
1958	10.444359861538173
1959	13.102370592914522
1960	11.946681237236286
1961	12.12694420479238
1962	12.70230323303258
1963	11.473540748108643
1964	12.175895809527272
1965	10.587065516100468
1966	11.867110465129372
1967	10.318360948493998
1968	11.049437673698941
1969	12.932342444051756
1970	12.77222150331363
1971	12.102116695979772
1972	11.88303795720761
1973	10.268038679852907
1974	9.871984841651283
1975	11.437736680738688
1976	11.674767036248292
1977	11.526760617493313
1978	11.967962954305113
1979	13.399529635682013
1980	11.775555186894383
1981	13.1250719681038
1982	11.82904727463408
1983	11.601949406496715
1984	13.289815787681922
1985	12.60542626204659
1986	12.517636027529507
1987	12.63690213161317
1988	11.660850775127377
1989	12.766599951943915
1990	12.405122356997294
1991	12.022455788020475
1992	11.160209219049042
1993	12.935301751907295
1994	10.501443660574626
1995	11.92582821784541
1996	12.725169394533927
1997	12.56630337905303
1998	11.808966690466539
1999	11.549178211535844
2000	14.550944951421116
2001	10.841612159116526
2002	10.259643411568295
2003	11.771178500950336
2004	12.391517354291864
