6	4.526850214286848
7	6.413492038174445
8	5.955080932576433
9	5.535384205508522
10	6.363797433333315
11	6.550220675072285
12	5.696306535157978
13	5.815436348680383
14	6.069961750736638
15	6.884484386528281
16	5.899732962532788
17	5.2952342609721255
18	5.63820815764622
19	6.354144534584304
20	6.29502741676697
21	6.292302800752775
22	6.234107590673245
23	6.855234511239724
24	6.809242083622424
25	5.737984888313302
26	6.250827435496831
27	5.104921669100259
28	4.97757408952631
29	5.939943469795071
30	6.583892233513729
31	6.3790869881742465
32	5.920659075134306
33	6.726061220314348
34	6.804045192541101
35	7.224706756875094
36	5.966849821250855
37	6.173143799112784
38	5.621771135842605
39	5.7182618027818535
40	6.586374448415116
41	5.270154402664567
42	5.618143230236614
43	5.306383297014171
44	5.7164481362798885
45	5.127672253522582
46	6.046892510655016
47	6.330934344366012
48	6.699007392594164
49	6.460831549043528
50	5.855044608658063
51	6.122242333732477
52	5.394699978924936
53	5.917205432499638
54	6.718078107655856
55	5.305593850833247
56	5.692910864141335
57	5.54988325760463
58	6.594782484822645
59	6.011757246612736
60	6.7611130191092546
61	7.161860489390771
62	5.78172986399399
63	6.202267232780756
64	6.52404037199192
65	5.597424584911052
66	5.897428692736139
67	6.13433458001696
68	4.873984878647696
69	6.006491961963713
70	7.216274813811734
71	5.721972342683875
72	5.795803021659657
73	5.764605130380951
74	5.932885768594413
75	5.482019609435229
76	5.4595188624552975
77	7.7141567092481775
78	6.19108981597203
79	6.772192454754986
80	6.705083001258543
81	5.96718789419018
82	5.431054579212475
83	6.75185662714395
84	5.983566483635167
85	4.5932011741727665
86	5.474682418135974
87	5.864284138129733
88	5.1403513606378315
89	5.992162328041741
90	5.803803281834007
91	5.785976853905595
92	6.310269441354743
93	5.28243383000954
94	6.860734769511327
95	6.39751236257689
96	6.079346543305534
97	6.798720328474883
98	6.891469219924497
99	6.020837986641989
100	5.74751478825965
101	6.401545284950936
102	6.391650646511922
103	6.09679252443958
104	5.803537464360852
105	5.752028465115775
106	6.244672729211743
107	4.907245108623655
108	4.265453036571473
109	5.189375453454536
110	5.951685860946546
111	5.330497854167664
112	5.640821243947444
113	6.132566448789173
114	6.249334357369527
115	5.296686505878218
116	5.834218869877514
117	6.528538377534243
118	7.272430444810015
119	6.807097121781576
120	6.063784151278448
121	5.428043405184023
122	5.893789384953423
123	5.942427879842179
124	5.409353622291218
125	6.716132556892262
126	6.151638718588511
127	5.144974340120219
128	4.527849976796873
129	5.224499603646648
130	6.558866534006989
131	6.558093861569195
132	6.379829319615965
133	6.512660667516424
134	6.06788581173023
135	5.848181412148863
136	5.698353964899677
137	6.0448462314589415
138	6.214944674464884
139	5.045036975121183
140	5.4861005326435714
141	5.580528907341692
142	5.456013267637569
143	6.25056342817552
144	5.410355449607041
145	6.330138707410596
146	6.14324273931076
147	6.359260125352496
148	5.504647198637291
149	5.914417307785091
150	5.474203555385085
151	5.811584278227478
152	6.597682863925694
153	6.755221312678338
154	4.879133683303995
155	5.210380008850431
156	6.920666015699298
157	6.665475369667401
158	6.726947888062568
159	5.575183152806283
160	5.311410104293534
161	5.584249220919446
162	6.057698055789202
163	6.396277716430962
164	5.152003875296214
165	4.440780583963496
166	6.368874080448963
167	6.282589927571179
168	5.379636334619992
169	6.285245290300939
170	7.206303493358734
171	5.074754900199658
172	6.985489080554669
173	5.247391613777092
174	6.079192334174877
175	6.29753418183187
176	7.012848090195621
177	6.424334218124568
178	5.900396982960956
179	5.353741829578886
180	5.428241974930556
181	4.700084920820137
182	6.006865289655604
183	4.723490854420508
184	5.473551523411448
185	6.066445815197464
186	6.771696622123272
187	7.079433608513985
188	6.5551822836880875
189	6.154024660511086
190	5.470478652062108
191	6.321973044680716
192	6.516139427713245
193	5.143059208010527
194	6.2706218786916
195	6.054566375806805
196	5.205739907283957
197	6.879781355228042
198	5.728399145711709
199	6.36810045992388
200	5.97596964377711
201	6.066690592116422
202	6.0818747850117845
203	5.678865605987376
204	6.1648968798763235
205	7.046328466446583
206	5.968298664465692
207	7.213394119930551
208	5.4207347073412775
209	6.650559046691827
210	6.528278104659876
211	4.453931912241387
212	5.884234590438427
213	6.691670872091146
214	5.506590041053844
215	5.7991612247033375
216	5.306914961096481
217	6.8180878616913105
218	7.019189333628961
219	5.972008132542251
220	5.6351288739145575
221	5.26604178386818
222	4.539943254476054
223	5.878143397445315
224	6.76926884954931
225	5.931910005058109
226	4.761091022017354
227	6.928595140048698
228	5.852314994626213
229	5.673783416298684
230	6.598244488003927
231	5.697873379144585
232	6.619979482061463
233	4.789967723732439
234	6.23034730573534
235	6.314250892534619
236	5.544173365244205
237	5.964458274333239
238	7.087767062018559
239	6.841686284293562
240	4.937598876997072
241	5.865105737934672
242	5.3386114573860635
243	5.706442680330947
244	6.266168704046625
245	5.838155412079585
246	6.5056543309995805
247	7.1723077940265645
248	6.3043664309689555
249	6.6053989412198115
250	5.780237905016057
251	6.265679962687622
252	5.2645518678492085
253	5.943958429467824
254	5.643973115076126
255	6.299924297489876
256	6.417699180385292
257	5.06907614883052
258	7.287622859055938
259	6.821456553033689
260	6.858171906734172
261	5.898605457138426
262	5.700246895957009
263	5.167051216878463
264	5.14681801996035
265	5.575928619438359
266	6.684192182602904
267	6.1933745771155895
268	4.819299372544169
269	6.118460796349349
270	5.372135803980442
271	5.504566344809718
272	6.071123817185123
273	6.78313815857506
274	5.835180721194774
275	5.974944904514511
276	6.3768038843479005
277	5.160565897317031
278	5.124212121022328
279	6.567111679464385
280	5.987910814483864
281	5.97891295056269
282	4.764953353677508
283	6.1450285708519266
284	5.6584010169463
285	6.805044328284566
286	5.887984352755745
287	5.03382090414719
288	5.667624219712646
289	5.869847354158992
290	6.077386854108664
291	6.672152204679467
292	6.18674672755324
293	5.3816416230198225
294	6.870922933308369
295	5.257723164869821
296	6.539945911480269
297	6.332384221005971
298	5.809799030554132
299	5.756461637734901
300	5.798986011827364
301	5.83078844951815
302	4.12873545430135
303	4.840579190142453
304	6.683041038047425
305	6.026506942350049
306	5.89341431367211
307	5.564483693992121
308	6.064549524444155
309	6.862967682701191
310	5.065243130064725
311	5.806979024084285
312	4.713425146043301
313	6.229439011727943
314	6.97851453461529
315	6.594096609935387
316	6.029710202281171
317	5.829864745869682
318	4.859640091945253
319	5.207561231276486
320	6.2428382213509295
321	5.169558953054042
322	6.031441508777789
323	5.768766391549434
324	7.07500811315258
325	5.600504381896462
326	6.850886790977148
327	6.054864561352588
328	5.806499387295584
329	5.77857821523988
330	6.1937356843385105
331	6.251106234860014
332	5.613356604586657
333	6.012465358550852
334	7.141266185868881
335	5.72618547369726
336	6.4659559255718095
337	6.179171445937827
338	5.406087536125941
339	4.761785291083231
340	6.418220436647534
341	5.255141847128807
342	7.189765173442235
343	6.553752528112715
344	5.885253151820507
345	6.338864122106073
346	5.404216687462327
347	6.541487354682018
348	6.616632771411484
349	6.466487668529486
350	6.07732112077496
351	6.11844501486453
352	5.8420611835295295
353	6.321253115547976
354	5.988546409542323
355	6.0892584266302245
356	6.727113521498932
357	5.839840752903708
358	5.976576251210645
359	6.180031696598495
360	6.672229217269118
361	6.050767897907645
362	6.142674939408607
363	5.916019638759151
364	7.170044152797345
365	5.592196250379285
366	5.925887522986159
367	7.046630694459264
368	6.06559007080039
369	7.671021793689579
370	5.364224781093071
371	6.656467215885641
372	5.438811540135446
373	5.64607736029295
374	6.143123736629302
375	6.745681736077165
376	6.3842306514982035
377	6.917772134962051
378	5.237311712737816
379	6.109666566445452
380	5.764831093744659
381	5.968541614616697
382	5.233122824296255
383	5.72210557226208
384	6.349572583417355
385	6.698160187009004
386	6.14306578072501
387	5.636202569317538
388	6.714786954613043
389	6.240657587698661
390	6.462366719193676
391	5.368147361266892
392	5.592523321003208
393	5.975901715573855
394	5.600214025595051
395	5.697251075888775
396	6.297555820787758
397	5.526416808243084
398	6.537595023682418
399	5.615840310798376
400	6.214417967466243
401	5.481266365284682
402	5.682953392882061
403	6.814607546887211
404	6.633926336567297
405	6.95097409102309
406	5.760416120394518
407	5.9480491129434085
408	5.429384894750546
409	5.9428034183040905
410	5.1992756540009095
411	5.285718386324363
412	6.935959718993954
413	5.102906630564989
414	6.62971301071862
415	5.231612315359858
416	4.833551200109512
417	5.882963296561054
418	5.584686460343867
419	6.051103597587866
420	6.675927374663713
421	6.579104149902705
422	6.206736128335858
423	5.332437855812411
424	6.095134856756583
425	6.354781120278251
426	6.132948443254766
427	6.052105478016616
428	6.925160472684573
429	7.052347014716361
430	5.524824343840979
431	5.025612142871112
432	6.130539073026739
433	6.496394218993373
434	6.93053370617606
435	6.546806399908814
436	6.914139191601532
437	4.730414963958678
438	6.442187937047695
439	6.042948181057539
440	7.248247646009656
441	7.727596249511407
442	6.3845149357021524
443	6.324851687049626
444	5.724688147616689
445	6.490859930975906
446	5.348717275252317
447	5.972409450228345
448	5.943602332838054
449	6.090702604829049
450	5.730624511973777
451	6.469967258531445
452	5.886056732042649
453	6.0117135845304635
454	6.25511018809414
455	5.4434907208276195
456	6.003711488862198
457	4.592533815633505
458	6.391464676051401
459	5.680573608990138
460	5.3905871295469945
461	5.80264838660906
462	5.418987764281661
463	6.636487108860079
464	7.329288060087588
465	6.386277122413351
466	5.468052326435489
467	6.107741815901752
468	5.730769800453952
469	6.062895862844824
470	6.089227712189313
471	5.749072806746699
472	6.415330006694906
473	6.126710655593862
474	6.321596762787996
475	5.971654620065819
476	6.304739540081937
477	5.438267759862356
478	6.481379281396845
479	6.187902497197986
480	5.791700203034755
481	4.693782647664193
482	5.2518534464761615
483	5.125505427466123
484	6.008272617298644
485	5.726214449212421
486	6.686326974749905
487	6.215455734068417
488	5.239805166733938
489	4.695926227665041
490	6.275288378489287
491	5.321767192433721
492	5.873602880188695
493	5.436500091088237
494	5.206766267332973
495	6.351010259053307
496	5.64858713211232
497	5.997097569449882
498	6.769364925006812
499	6.455732136848383
500	4.7764028218992856
501	5.916097389534116
502	6.1739129436512785
503	6.945578630248309
504	6.461744686498688
505	6.307111157852988
506	4.185043440522243
507	5.849047403524468
508	5.904829094251101
509	6.9600515518084585
510	6.1887236584799314
511	5.9350218428759645
512	6.075959562546235
513	6.020185015468787
514	6.103302230640441
515	6.228731653533898
516	5.321622836009954
517	5.462794260045764
518	5.201846961309202
519	5.069854614033829
520	6.729989042300629
521	6.424210498295277
522	6.272650476281895
523	5.485519097824484
524	5.372176493210385
525	5.618712412149762
526	6.342674800726984
527	5.414171265186987
528	6.245061051932646
529	7.036922145239077
530	5.484526800113204
531	6.989489325693631
532	6.317782201047521
533	6.087139533520465
534	6.5090988548812065
535	7.369057283519809
536	5.842146851764819
537	6.756765819768506
538	6.625649847009958
539	5.743902536216882
540	6.364064767432865
541	5.3863307362078645
542	8.073928367178887
543	5.289707293141294
544	4.664621494868437
545	6.174815963997389
546	5.6287559382957015
547	5.895725182308039
548	6.037104540920923
549	6.1728008810838215
550	6.284058174252062
551	6.3427333015773915
552	5.7189819842773995
553	6.207734734578989
554	5.79664663323307
555	6.001784013921248
556	5.662042205450767
557	6.309474691896377
558	6.5928565113281365
559	6.036011821008287
560	6.9622673011818454
561	6.735459462820512
562	6.36721419775027
563	6.263767222732505
564	5.922411367059865
565	6.21543807257473
566	6.558779914344389
567	6.094083654606948
568	5.548906147732244
569	5.744628920893822
570	6.163718956508092
571	5.679828380218482
572	6.110413975179351
573	5.72420102530062
574	6.647352274906423
575	5.907018418805674
576	5.958082598737544
577	6.373480892895411
578	6.128452574528098
579	5.360747590243894
580	5.508495347869272
581	5.265205671319798
582	5.77376014996447
583	5.908133277183642
584	5.439187463731505
585	7.0044918175098365
586	6.1264965338687905
587	6.340729767892377
588	6.537651287808937
589	5.832230252373847
590	6.18175695478343
591	6.358509286861484
592	6.266279247104346
593	5.92637425050083
594	5.1130047687523374
595	6.125107770444204
596	5.855868307473745
597	6.798234396356357
598	6.361007256177254
599	6.798937591097246
600	6.00073061951116
601	5.598588312738575
602	5.876291040994692
603	6.837209938496182
604	6.0535275881259665
605	5.844083112151235
606	7.097026522034192
607	5.467178097940632
608	6.011725074338028
609	5.683522050830236
610	5.188894698320655
611	6.168450304855166
612	5.771234217453569
613	5.313614842393214
614	5.464887941641232
615	5.813332647680202
616	5.177697031477389
617	6.1555644699117344
618	6.875726955330551
619	6.457244137479436
620	5.3817137559110835
621	4.660861302819103
622	6.492600342441749
623	6.082805705722421
624	5.8737327030054685
625	6.4651456296115235
626	7.06186390122345
627	5.817667378837624
628	4.75296387608439
629	5.618476412358826
630	6.067565969581035
631	6.5001473999630734
632	5.401083128360499
633	5.474654417135753
634	6.063166444485042
635	5.6936255468560075
636	6.693232606980018
637	7.070514569995399
638	5.456956924553702
639	6.874865470529767
640	5.512665185176403
641	6.209332745793897
642	5.242213687117867
643	6.648737916716766
644	7.2479500054564
645	6.113776145125579
646	6.9346629578403425
647	5.891722232491399
648	5.982956590495355
649	6.342428855205071
650	6.098436776951227
651	6.236524743741029
652	5.621217599297366
653	5.004463888447693
654	7.3935744034771975
655	5.937747212825343
656	6.744881542479178
657	5.451727635804743
658	5.898918429059752
659	6.481709169897089
660	6.501374776962967
661	6.434429281740449
662	5.665724880143534
663	6.33543272111324
664	6.114600821858568
665	6.0444471423353
666	5.207662307858382
667	6.474348102020135
668	5.6230666322086975
669	5.949675814845882
670	6.128306856073323
671	5.943047578166112
672	6.012136199872876
673	6.865265585286843
674	5.9480335531240724
675	6.264543739310466
676	5.649804360226192
677	6.173772366323863
678	6.074577454424191
679	5.570415961379636
680	5.522469377893556
681	6.46298743748727
682	5.527163588574955
683	4.5156883185430035
684	6.248818452947709
685	5.83138931780228
686	5.803695934882853
687	6.005434032651552
688	5.688554648253894
689	5.908601438522704
690	6.2286453118964955
691	5.905994402147674
692	5.511597935979288
693	6.15618682243318
694	5.961175431533215
695	4.5245758089004084
696	5.701324218939788
697	6.925477245768499
698	7.040270016421564
699	5.087544225365855
700	4.3872470513981
701	5.384359704796225
702	6.503140201708967
703	5.44664381747134
704	5.456078786759697
705	6.50343944167807
706	6.875465413957665
707	6.519775497348746
708	6.547845184265281
709	5.6801985553508905
710	5.585905185272998
711	6.6260012262623365
712	6.181696449121874
713	5.535374457101253
714	6.4137565818916
715	6.235461076696603
716	4.897430497094319
717	6.872557519608
718	5.596783386011932
719	6.185608784072375
720	4.661359440111979
721	5.352816852345131
722	6.380316485650837
723	5.4207146522946585
724	6.042485558983082
725	6.021624337501922
726	5.840270136931428
727	4.774631065378586
728	6.128663763291789
729	6.398303434818184
730	5.271185816787184
731	6.288868981665151
732	5.872051035268477
733	6.181814656559644
734	5.514286969317861
735	6.31083046029588
736	6.802001074197081
737	5.950793799027451
738	6.804248616592958
739	5.429190344650124
740	5.687278814070548
741	6.569237138458488
742	5.820033333699317
743	5.635887720485635
744	6.1148228571676695
745	5.51361863642793
746	5.378970141749596
747	6.214289589413406
748	6.676781992871134
749	5.669725838810943
750	6.893778278509511
751	5.650567280833218
752	6.407450668255074
753	6.244270729804412
754	6.05535266583751
755	5.353480627869859
756	6.589791319861043
757	6.420878823519507
758	5.641175872136955
759	6.642916148688528
760	5.840289623781653
761	7.038255116467675
762	6.085943325383899
763	6.001352129591396
764	6.779277015449701
765	5.488803415711468
766	6.2900664888050715
767	6.269195252334854
768	6.4482258391743965
769	6.948866759787225
770	5.8707942697607605
771	6.123669039900415
772	5.849807150993281
773	6.535274531329588
774	5.032650146090115
775	6.1100949115701955
776	6.590624560805736
777	4.550318062851707
778	5.805564884581448
779	5.420997406378569
780	5.021787414515746
781	4.689000774804629
782	5.810921254359918
783	6.977645831066184
784	6.44915389236121
785	5.637754100108785
786	5.966098048003355
787	6.285834295665457
788	6.4791316623142094
789	5.544600868449097
790	6.412742342674532
791	6.029339514639495
792	5.586039306321783
793	5.8280885345454365
794	6.7648651777697655
795	6.004111121769529
796	6.25726306573382
797	5.633474563979062
798	5.962074413586504
799	6.051451676193176
800	6.139412449537001
801	5.974773670318942
802	5.381393875445014
803	6.029218513824162
804	5.849060475755402
805	6.290187002078165
806	5.508279343843848
807	6.184395440085791
808	5.622451958799502
809	5.41396152669966
810	6.1488158064549445
811	5.87541969019743
812	6.235886123396146
813	5.557938586137342
814	6.692616890985793
815	5.308096539401006
816	6.169354592774263
817	6.1672450363236875
818	6.569988970727926
819	6.474237018443611
820	5.943594750603162
821	4.429515047973071
822	6.4114230064666256
823	6.558073039050214
824	5.345726757684885
825	5.099974876239329
826	5.9676032524730545
827	5.930217529218154
828	5.911077130787397
829	5.079523427882637
830	6.283472377568527
831	5.707652272339064
832	5.862305220646896
833	6.060349349599952
834	5.870313210919266
835	5.819031499076152
836	4.785782271365558
837	6.177534489056727
838	6.101322212960804
839	5.566826165524877
840	5.821832496909857
841	5.685250113485381
842	5.563295787297345
843	6.23630738160011
844	6.479893715964863
845	5.350190784287406
846	4.424302067068681
847	6.032534513127757
848	5.5084285577977425
849	5.99792553873461
850	6.830022527287448
851	5.666680781152816
852	5.646314626314199
853	7.1171553034946555
854	6.556391438224819
855	5.389001452515368
856	6.31020169817133
857	6.009375051651323
858	4.461278510882574
859	6.433119264551241
860	6.461341948369712
861	5.537464776000453
862	6.251585035180477
863	6.783273254618204
864	5.661752332580121
865	4.55664277045192
866	6.634685528542225
867	6.423684655651662
868	5.8107878052172826
869	6.604923126703527
870	5.811705733700364
871	5.825527088880666
872	6.05984498428342
873	6.390346401072431
874	6.043377297028201
875	6.660464952503139
876	6.894276286126114
877	5.509095936184167
878	5.183819397473209
879	5.510983248722091
880	5.554039952848273
881	6.802512164503385
882	5.2962863803550135
883	6.757872935046532
884	7.478464164334582
885	5.280167950159272
886	5.916585729217331
887	5.748510347337522
888	5.11416224742143
889	6.683492973214015
890	6.141825744097501
891	6.641896191263749
892	7.0304965313342915
893	5.789824105896987
894	6.031637057983538
895	5.607904698178616
896	5.00783849589061
897	5.97629943179289
898	7.1055367387986434
899	7.285669466951124
900	6.969311718371343
901	5.351362113660622
902	6.407683828972159
903	4.8419957104752855
904	5.585400138933134
905	5.905001233601943
906	5.248868413846305
907	5.9761945856977645
908	6.164494951202262
909	6.2010024641842945
910	5.7513595228235275
911	5.795517978391477
912	6.812419802663499
913	5.5934605980569145
914	4.99875464879305
915	6.271014087083232
916	7.013324970400015
917	5.458851050173204
918	4.792083782018162
919	6.47600451970473
920	6.206802859267389
921	6.098086881558411
922	5.56913962898155
923	5.636100326049408
924	5.373441957665848
925	5.189546225801071
926	6.081924309233168
927	6.17141882579943
928	5.894367871112825
929	6.112454653885216
930	5.212974380136335
931	5.114802837997019
932	5.762672247665346
933	4.50026205085939
934	6.306733500998234
935	5.762601292376833
936	5.813103029957144
937	7.2964678766244715
938	6.328118673334228
939	5.843374384754418
940	6.2924296636047075
941	6.863683124682866
942	5.208585649828559
943	6.310827229637653
944	6.718002886637502
945	6.266145393066108
946	5.080902214563684
947	6.44037535897639
948	6.163802326703444
949	7.339769796759356
950	5.819644437037641
951	6.464567789025605
952	5.980009840665541
953	7.122563019670595
954	5.882305539329536
955	6.556371497311851
956	5.658825308002027
957	6.05919251893647
958	6.199405759059893
959	5.516287367069163
960	5.07524655618666
961	6.5980192294598305
962	5.423428901180159
963	4.418506667908514
964	6.921123967103388
965	6.173672313148227
966	5.725689436613937
967	6.172616646861687
968	6.764262941256166
969	6.684184420075326
970	4.882921970874752
971	6.136967097945592
972	4.510337781580165
973	6.215421841702545
974	6.0441750370105725
975	6.638482043491677
976	6.062515091989189
977	6.22306001643301
978	6.471908332338596
979	6.363908688159427
980	6.297655302803226
981	6.519139074001704
982	5.876978321304626
983	6.035598027403466
984	6.647860896239184
985	5.9071875951973905
986	5.337450148780287
987	6.092238477361389
988	6.0521907303168865
989	7.533501479541883
990	5.665234962834374
991	5.434627276515433
992	6.4299601944318665
993	6.142245883849682
994	5.364583049291035
995	5.346144283698717
996	6.530768487015918
997	6.76429092277928
998	6.32205458690741
999	5.319439324094371
1000	6.288678583299296
1001	6.512607914460306
1002	6.216316565261223
1003	5.709257596700419
1004	6.228609399590641
1005	6.214715200567298
1006	6.380919228297779
1007	6.683012204570696
1008	6.396603529044459
1009	4.728313155621955
1010	6.2717207036815426
1011	6.112456329865381
1012	5.135019102349179
1013	5.9933576610305215
1014	6.80016145715975
1015	5.760469535365701
1016	6.288684193286686
1017	6.283220306814958
1018	5.4945197166396404
1019	5.931713304728768
1020	4.636992944687206
1021	6.126055182094443
1022	5.491498214835745
1023	6.547594933533454
1024	6.699812741261364
1025	6.906721318218236
1026	6.175317933097379
1027	6.062522860857336
1028	6.034289669066978
1029	5.314326872428258
1030	5.733668981508042
1031	6.2872456245871335
1032	5.645223833218916
1033	5.324234316535496
1034	5.9587360262084985
1035	6.519441984390141
1036	4.897774214792298
1037	5.5719535779263385
1038	5.994722494081924
1039	5.941800406220584
1040	5.703065471634125
1041	5.6124411634518765
1042	5.30779420764884
1043	6.125292701109881
1044	6.516957910944019
1045	6.573515111958841
1046	6.676559987313371
1047	5.879988154565746
1048	6.071064560536157
1049	6.149947162424665
1050	5.624149230852102
1051	6.7594668579008435
1052	6.48639145117529
1053	6.565069542935817
1054	6.249663485458032
1055	6.550931031936435
1056	5.734257773819587
1057	7.266670837364574
1058	6.567605673745274
1059	5.685832434576393
1060	6.84705165491323
1061	5.614923030347564
1062	6.292638157865171
1063	5.9682599283821345
1064	6.003127252000073
1065	6.445006125883776
1066	5.195493223467132
1067	6.037928499979898
1068	5.513967495341785
1069	7.0513668370840605
1070	5.932993410310398
1071	7.032691921547262
1072	5.843640846827139
1073	5.970646003718555
1074	6.694088351129639
1075	6.283365943779548
1076	6.422453455394134
1077	6.5907545487551635
1078	5.700510862532297
1079	5.796093406369909
1080	6.489616486282709
1081	5.103131033548077
1082	5.258354034018703
1083	5.324802949746999
1084	4.814497324593294
1085	6.103093587586449
1086	4.749208325799555
1087	5.016805268387543
1088	5.991777890897356
1089	5.896312980980535
1090	6.3053252605381065
1091	5.933105140303572
1092	6.073969480368997
1093	5.888199040465507
1094	7.3996023000703035
1095	5.835192206238086
1096	6.504578469684348
1097	5.6130065242312135
1098	6.789092763515544
1099	6.165007930369703
1100	6.818329230739942
1101	6.292664011559364
1102	6.067635763765258
1103	6.614972382689033
1104	5.364141397717916
1105	6.094948320692681
1106	6.17078541304856
1107	6.620794208429288
1108	6.495349948119838
1109	6.682655144469155
1110	5.470837195140674
1111	7.009684910910437
1112	6.021708087392013
1113	6.267729801757794
1114	6.327822645136621
1115	6.269786716962699
1116	6.150654212542577
1117	6.531626285995236
1118	6.116839384637593
1119	6.339840623763545
1120	6.282995339434517
1121	5.9738647506915425
1122	5.972816624652801
1123	6.823612156521994
1124	5.255930725152472
1125	5.63982644714415
1126	6.621224176659736
1127	7.107465846745375
1128	6.118984428874683
1129	6.117744947240378
1130	5.037791029200889
1131	5.467254231218249
1132	6.009895830161192
1133	5.97691404931469
1134	5.175346349086612
1135	5.872879271327595
1136	5.35548084237962
1137	5.377147127282417
1138	5.736513313879683
1139	5.406181063328404
1140	6.21794865491662
1141	6.267686229548417
1142	6.010758692660602
1143	6.362750580901967
1144	5.935407751846859
1145	5.506345898370017
1146	5.805187952916392
1147	6.110197526439151
1148	5.640814923670232
1149	5.451251084364853
1150	7.192929245626808
1151	6.601819584660309
1152	5.651921078155283
1153	5.911059754268665
1154	6.433221620680006
1155	6.312163466836015
1156	5.71163074306484
1157	5.096830174792558
1158	5.591381984006148
1159	6.0235360067315575
1160	5.48761439435683
1161	5.24772677908692
1162	5.217935196268151
1163	6.101129508068509
1164	6.552297994475036
1165	6.044399057604516
1166	6.0268747046992015
1167	7.731004032946657
1168	5.072615069300427
1169	6.282802674541017
1170	5.857886856693464
1171	6.5655136792047415
1172	5.8734255680486696
1173	6.321144719132765
1174	6.358454602322093
1175	6.679511338925092
1176	7.076220487038988
1177	6.4997339786123485
1178	5.435679418354994
1179	6.00984195944889
1180	6.441992456877293
1181	4.871143651107559
1182	6.159442530042725
1183	4.605338171473704
1184	6.676582755484177
1185	5.182879038824467
1186	4.177748995721745
1187	5.9631742417113855
1188	5.745742579883275
1189	6.120763495612967
1190	5.478623008792056
1191	5.807117660962311
1192	4.860636776204531
1193	6.3246682986989615
1194	6.47340202126846
1195	5.873248367725561
1196	6.0867124445351735
1197	6.422238539985846
1198	6.756498870517437
1199	5.177033387075522
1200	6.007262479066132
1201	5.70148681034334
1202	5.718095098540653
1203	5.462269474622897
1204	6.433887435364183
1205	6.249182776454836
1206	5.3537029832157055
1207	5.797164942069988
1208	6.710205228822306
1209	5.949355917585005
1210	4.987424000110156
1211	6.176609489612747
1212	5.096971752546618
1213	5.982672575065085
1214	5.4802778142250395
1215	5.981203744869812
1216	5.6210300658605306
1217	6.478432444867825
1218	6.539818607598405
1219	5.477436178916832
1220	5.23279495771124
1221	5.944209672234677
1222	6.131922395851386
1223	5.6644081888034155
1224	6.183041981448276
1225	6.595778327491135
1226	6.697413364629028
1227	5.780075790965929
1228	5.865412749606184
1229	5.6987845939102355
1230	6.648151095296877
1231	6.067056298044256
1232	6.416928189507287
1233	6.744777000877851
1234	5.306416276907031
1235	6.417818180518225
1236	5.698110824821655
1237	6.031734298570969
1238	6.015354538508864
1239	5.971584811185797
1240	5.829476199947142
1241	6.0614625587318605
1242	4.603497167950711
1243	6.852108420310542
1244	6.267086218332406
1245	6.779263959803547
1246	5.655851470805438
1247	5.396216711991102
1248	6.640690686160942
1249	5.521227704557532
1250	6.1936733250675555
1251	5.3240326524867365
1252	7.127530219307279
1253	5.4650464194766695
1254	5.6973069942233945
1255	5.2475454645035295
1256	4.9904675796628
1257	6.298558725677431
1258	5.902452773627981
1259	6.715422224119362
1260	5.969602450156041
1261	5.690898934451478
1262	5.191154560351389
1263	6.629540116538441
1264	6.067318973131478
1265	6.068068928868425
1266	5.8732159768347625
1267	6.363107210639018
1268	6.547461541848154
1269	5.7418110875587445
1270	6.640867352843857
1271	5.179719328346169
1272	5.873081895794409
1273	6.223860501935104
1274	6.822683325465769
1275	6.5152465268149085
1276	6.340046285913559
1277	6.614112130254163
1278	5.7095398010496865
1279	5.211706606606539
1280	5.593919694996051
1281	6.578729127711129
1282	6.2526381416997365
1283	5.237104999506846
1284	5.243849939482875
1285	5.847949138732956
1286	6.608140156481086
1287	5.685707149065464
1288	5.715345482797483
1289	6.45574989684472
1290	6.436212406849817
1291	6.788941548254929
1292	5.645830427063629
1293	6.533259912967109
1294	5.891078949806148
1295	5.421356079003696
1296	5.24755303398706
1297	5.44209170753602
1298	6.638530058734533
1299	5.582363256382653
1300	7.110148409027606
1301	6.243421263083638
1302	5.868591280243195
1303	6.992874501995614
1304	6.185971941521746
1305	7.168958979622962
1306	5.561306940964035
1307	6.184529851574917
1308	5.7697938219542895
1309	6.625967280454158
1310	6.4962566071493635
1311	6.172486848574842
1312	7.057840455137193
1313	5.920920643659139
1314	5.9247806601001525
1315	5.056645405711606
1316	6.724394837110911
1317	6.950280794416796
1318	6.604972057917621
1319	5.4096913794702335
1320	6.635600638726507
1321	5.635596968367639
1322	4.3910954369314235
1323	6.071774734533392
1324	6.435180005254224
1325	5.092742828683307
1326	6.160334128694719
1327	6.000785417382277
1328	5.39738646765343
1329	6.742461122266066
1330	7.0455415590726975
1331	5.942630323697813
1332	5.729111834727519
1333	7.950770968625036
1334	5.207015039463942
1335	6.861604700218886
1336	5.928900951656567
1337	5.64929660327767
1338	5.3012538728362415
1339	6.379987096964297
1340	6.18839721014568
1341	5.91294399056245
1342	5.597371328537437
1343	5.57013467053632
1344	5.826158185772648
1345	5.44724805300124
1346	6.123417867596486
1347	5.932811616928558
1348	6.550409563867699
1349	5.133484471794218
1350	6.427796228082273
1351	6.159797033537568
1352	5.8970443930996295
1353	6.691576359001919
1354	5.687918710522354
1355	6.578844285182034
1356	5.934972510684747
1357	5.660430218174082
1358	4.54680833486574
1359	5.198203852503664
1360	6.674851957902622
1361	6.018313048704941
1362	6.5784796375039685
1363	6.0691486381459985
1364	5.0014200007557985
1365	6.32862066147849
1366	5.574297948130628
1367	6.194652654033584
1368	6.677044199512306
1369	6.237270578946636
1370	5.59349473992673
1371	6.665590850757435
1372	6.662590523749324
1373	6.49337724950881
1374	5.005598996099169
1375	5.649211020696731
1376	6.910060599055474
1377	5.579924814973091
1378	5.572701390747997
1379	6.620920150700075
1380	7.496073142169044
1381	6.421636064359919
1382	6.305483367216463
1383	5.171950176955484
1384	5.605207100297169
1385	6.129953117738478
1386	7.1547932642958285
1387	5.892748359347355
1388	5.941223193260764
1389	4.615764740412123
1390	6.665544996126776
1391	6.64004086501981
1392	6.073342331765161
1393	6.377453871973557
1394	5.644827631878127
1395	6.755919236958457
1396	6.09037844266708
1397	4.247716535714322
1398	6.015917211693401
1399	6.797158527955482
1400	5.452199360961094
1401	6.792104511987418
1402	5.839724854294521
1403	5.436828176070076
1404	6.543312359407234
1405	6.0985962655894195
1406	5.607900762957377
1407	6.636283723451197
1408	4.9660488327166865
1409	5.651482834773897
1410	5.456280436452576
1411	5.428996586285603
1412	6.204244639984715
1413	6.249245398860101
1414	6.918242364859907
1415	6.40552035582784
1416	5.629642537880378
1417	8.100376219464172
1418	5.906375635717995
1419	6.694032614323078
1420	6.603158727764491
1421	6.219340568731746
1422	5.262638518412132
1423	7.145604955248667
1424	4.543359624833101
1425	7.582175712380558
1426	6.055631198196871
1427	5.775515956745949
1428	6.3540278093164995
1429	5.976709730603034
1430	5.376029058670004
1431	6.057422712062752
1432	6.432903496580283
1433	6.4112611914364
1434	6.774414179380983
1435	6.620301110736493
1436	6.381469834207867
1437	6.7684586456638165
1438	6.710692158550955
1439	5.036145431843276
1440	6.428241680327726
1441	5.247222606765313
1442	5.249685126699899
1443	5.506538455188275
1444	7.40355725588277
1445	6.613107545035226
1446	5.365711526649718
1447	5.570050660695415
1448	6.097113953253332
1449	7.026559973538567
1450	5.918520064874818
1451	7.08381914726013
1452	5.638169470398377
1453	5.207901438361862
1454	5.640326906987293
1455	6.5508584753066925
1456	5.621495906131653
1457	4.5486354486572305
1458	6.224274419799545
1459	5.518119297766437
1460	6.326653372841598
1461	5.653304911089233
1462	5.14228033861478
1463	5.566968354559504
1464	5.127449379656464
1465	5.964199601535008
1466	6.137866485675442
1467	6.235600050228338
1468	6.859780404259384
1469	6.867485298200821
1470	5.919264686867022
1471	6.237036643443086
1472	5.104794535958381
1473	6.2872226562633715
1474	6.970612627176923
1475	6.217881353494401
1476	6.2059987691231076
1477	5.566871879217042
1478	6.602460009930655
1479	5.691401211501755
1480	6.863372730091214
1481	6.363526288885623
1482	7.146528155736935
1483	5.675179022820278
1484	6.166902541212978
1485	5.603561729140994
1486	6.290876971906982
1487	7.067735074062107
1488	6.285872697054098
1489	5.497816869756207
1490	6.006814994095337
1491	6.751146128633991
1492	6.355942796484602
1493	6.3415760552027045
1494	5.054063794474739
1495	5.866179510128374
1496	5.953433072981264
1497	6.646149062270221
1498	5.032573616011068
1499	4.673910743213215
1500	6.007973287429195
1501	6.3373027969889035
1502	5.849326186956694
1503	5.990270217193202
1504	6.453055233349679
1505	6.806690844025946
1506	6.333675632976727
1507	5.949997142853681
1508	6.465746013998674
1509	6.379824491962791
1510	5.8895384169028455
1511	4.69375196769673
1512	6.746214889287948
1513	5.720818715797656
1514	6.3112750000852555
1515	6.268371952904595
1516	5.365836718410719
1517	5.499272757051846
1518	5.976578728675291
1519	6.029302099102642
1520	5.610733241230871
1521	6.200503248377659
1522	5.432418611240185
1523	6.085436041208191
1524	6.60071485120404
1525	6.79659871883033
1526	5.482254572194786
1527	6.581677242554724
1528	5.300177917643652
1529	6.0558928690433245
1530	6.288176052559934
1531	5.900393261913753
1532	6.469869965109974
1533	5.663804039262749
1534	4.9058392427063415
1535	6.144471478114913
1536	5.660803874014635
1537	5.922414313607778
1538	4.910929296483201
1539	5.177517766903083
1540	5.845889438071754
1541	5.85752112614312
1542	5.945014943698577
1543	5.398987516478103
1544	6.144660743465647
1545	6.324035581382406
1546	5.699774645433268
1547	6.257407677874046
1548	5.617161698747493
1549	6.712759772441738
1550	5.648265233989257
1551	5.90148436897916
1552	5.1477836777034796
1553	5.769525139218034
1554	5.781565394839677
1555	5.449019131462344
1556	5.864981391596505
1557	6.482054259851575
1558	6.659222901534204
1559	6.3046571043960284
1560	7.254071454030716
1561	5.930914386134485
1562	7.083482025951768
1563	5.550557756536257
1564	6.463129199992788
1565	5.474208278417656
1566	6.59180094553581
1567	5.794876807664807
1568	5.241472355843357
1569	5.300561261469159
1570	4.611718969666125
1571	6.076257076791742
1572	5.589884347402521
1573	6.0372341163350605
1574	6.875785978714703
1575	5.83380670249104
1576	6.026445219894716
1577	6.301565519503682
1578	6.011189148683722
1579	5.455679711998638
1580	5.445854817895452
1581	5.429553910753587
1582	7.004455589704836
1583	6.2027114364960845
1584	6.052044518680002
1585	5.696083446721667
1586	5.4237449084810745
1587	5.2101653551130935
1588	5.89006625666904
1589	7.020124451490119
1590	5.560787042946599
1591	6.466153707760559
1592	7.336866906112326
1593	5.531775766033679
1594	5.06462413247209
1595	6.0755819286375
1596	5.613701690201803
1597	6.648272054687065
1598	5.5036951755584385
1599	5.643364274766869
1600	6.231852005532911
1601	6.656329167517834
1602	4.378022280275925
1603	5.934254591365492
1604	6.123357764229046
1605	5.590586157271173
1606	6.202217797730834
1607	6.610967335075623
1608	6.969137558165277
1609	6.206236103934276
1610	5.276734966208183
1611	5.68886148352176
1612	6.356351903248155
1613	4.841135522650022
1614	4.556678778055357
1615	5.366695856341444
1616	6.2447177583072335
1617	5.63847856786426
1618	4.073308351887938
1619	6.634367030284678
1620	6.922906733564257
1621	5.937560500163171
1622	5.694218085089233
1623	6.4603370426145075
1624	6.122028999476849
1625	5.5272963893561
1626	6.220914519076948
1627	5.897390890439662
1628	6.724355336356287
1629	5.58318826972264
1630	5.461928273900412
1631	6.226114304901178
1632	5.508518480175339
1633	5.197582675175121
1634	6.122186885483098
1635	6.182391933101991
1636	8.543638211054107
1637	6.888812605435739
1638	6.094098983229035
1639	5.765604383147244
1640	5.765867802846644
1641	5.863794624669633
1642	4.965091167325154
1643	5.969687235114786
1644	6.013987578070638
1645	5.938298785624405
1646	6.044153025823956
1647	6.443988024567564
1648	6.19834802518117
1649	5.269038321217522
1650	6.01795386664647
1651	6.949274304914677
1652	6.456848835114967
1653	6.147104840675768
1654	6.573117062303936
1655	5.92138328720295
1656	7.033320654276759
1657	7.218415633575725
1658	6.010455753917115
1659	5.634919275934981
1660	6.128645451148399
1661	6.696838823857864
1662	6.225146364550003
1663	5.888896892312914
1664	6.5410155216717
1665	5.215554637682194
1666	6.135895840125158
1667	6.035382096839991
1668	5.694444764024493
1669	6.184640958627325
1670	5.508696444238012
1671	6.330471354691933
1672	5.88638320340154
1673	6.115255357176509
1674	5.1680494142696265
1675	7.134972160363018
1676	4.724307569257992
1677	6.318188504453887
1678	5.636625148789872
1679	5.489870306347376
1680	5.650062360009178
1681	5.004099944872515
1682	5.4912386151392845
1683	6.61617507836174
1684	5.805785980644739
1685	6.184627797261679
1686	4.471618819844232
1687	6.50942366104573
1688	6.195426094951108
1689	5.640270507184877
1690	5.9754055419471115
1691	5.693694636487635
1692	5.849342162892419
1693	6.670413611445665
1694	6.9869349185716025
1695	5.528206584160216
1696	6.006677280457762
1697	5.8710470188032975
1698	5.880680271022191
1699	6.201928870839765
1700	5.1458096217053635
1701	5.204911892292633
1702	6.586097900532574
1703	5.918992040267981
1704	5.134845815780055
1705	6.494989065802656
1706	4.959631928320353
1707	6.133887623720195
1708	6.175562436085394
1709	5.816757379364307
1710	6.977445497855787
1711	5.383890770210807
1712	5.921914781851228
1713	5.994837981893215
1714	6.140884929604363
1715	6.501833575489443
1716	6.481664990765109
1717	5.156077569572847
1718	6.03537134130186
1719	5.19690832155498
1720	6.334712768784137
1721	6.819591185462701
1722	6.304265578156337
1723	6.936936224474469
1724	5.712164506600756
1725	6.914792675010783
1726	6.09625061256811
1727	6.049664697497739
1728	5.071393835678464
1729	5.253979146815836
1730	6.1821496247651115
1731	5.634508539361002
1732	5.615238321961702
1733	5.411772601161923
1734	5.3622352289579185
1735	6.454830235685222
1736	4.771045237634098
1737	5.238116418952511
1738	5.973333266671814
1739	6.435685300955638
1740	6.702451868038625
1741	6.0400461146466276
1742	7.261030546743423
1743	5.486835574142306
1744	6.57904708557404
1745	6.1902161107763
1746	5.171454962919992
1747	6.113082110697147
1748	5.8545931170918735
1749	6.53167903094436
1750	6.362115650705096
1751	6.914002647789728
1752	6.04052472760668
1753	5.211910578325905
1754	6.023007546439767
1755	6.152080190957834
1756	5.087334999732012
1757	6.134501931247844
1758	5.410639200415463
1759	5.689608009109549
1760	6.300120912644511
1761	7.107061001170358
1762	5.12691391458502
1763	5.407706368796746
1764	5.397112752266583
1765	4.792151670234845
1766	6.715342771482507
1767	5.38653448201716
1768	7.045497243039553
1769	5.66445780073603
1770	6.308489945263136
1771	6.683661742554977
1772	6.3804275426162596
1773	5.483582690590993
1774	6.231725226782648
1775	6.631248735473491
1776	6.4526092198920315
1777	5.327726604865381
1778	5.662783704035414
1779	5.595975929009728
1780	6.278577574395707
1781	5.378968823867451
1782	6.176885046475079
1783	6.007164439017123
1784	6.261205505752177
1785	5.837144924938912
1786	6.25206085316313
1787	6.183401502098422
1788	6.250417394656688
1789	5.366831924054875
1790	5.549550805194303
1791	6.078961306102574
1792	5.413144561799709
1793	5.264305942018317
1794	5.363308060128475
1795	5.4698094009723075
1796	5.993722349236688
1797	7.295586288623911
1798	5.987020577938328
1799	5.2460860889268055
1800	5.638943169188376
1801	6.776316753656526
1802	5.39746770625934
1803	6.235376954231677
1804	6.80668879696168
1805	6.436765052785631
1806	7.247569382286576
1807	7.001325863297097
1808	6.356309104639956
1809	6.672290870866093
1810	6.204751586408487
1811	5.472275574390284
1812	6.1187726398638915
1813	5.602367322046407
1814	5.5019278018284705
1815	5.383067210948166
1816	5.974707489833236
1817	6.547585132714037
1818	5.807034974452108
1819	5.902658966505119
1820	5.899355910705506
1821	6.477198549422125
1822	5.471277580796076
1823	6.7336571203897995
1824	6.480936041839111
1825	6.231229768648487
1826	5.589089347146607
1827	5.614283592176313
1828	7.2592543716861035
1829	6.294925860077557
1830	6.994716746732593
1831	6.515127420856583
1832	5.193806978383301
1833	6.244234463399542
1834	5.9455269870469
1835	6.192240619040267
1836	5.935207465715292
1837	6.33179078757277
1838	5.374258453037501
1839	5.841036145480488
1840	5.737276695992073
1841	5.500962221529335
1842	7.349184707763405
1843	5.61945820133357
1844	5.594136748357766
1845	5.779341940522978
1846	5.363743539855932
1847	6.256054460921365
1848	4.954033724453229
1849	6.937011953443289
1850	7.201132115664553
1851	5.26138201666375
1852	5.886411984094593
1853	5.719026691951406
1854	6.848167929449119
1855	6.417117520513084
1856	6.349594378791329
1857	6.309692268704318
1858	5.117745793205412
1859	6.2413330270113265
1860	5.715958700738037
1861	5.7146953979287956
1862	5.358880203930312
1863	6.0788953033194915
1864	6.540331250625766
1865	6.178713413697012
1866	5.766883454828833
1867	6.255406688406276
1868	6.63816154968989
1869	6.570446294056074
1870	5.9337195047410205
1871	6.839080660215889
1872	6.102003808254376
1873	5.6360736819389725
1874	7.534924908089177
1875	6.429332264466211
1876	6.6782029862688095
1877	6.108640275155527
1878	5.563176993190104
1879	5.262168911349198
1880	6.717282541639482
1881	4.936921023752629
1882	5.713733310520183
1883	6.778228303524277
1884	5.708172844240575
1885	5.5014981411979536
1886	6.188587625466642
1887	5.09169685023013
1888	5.118876703386195
1889	5.459902275437489
1890	5.711447610149414
1891	5.892318067839369
1892	6.133502113693221
1893	6.170090101688402
1894	5.669176505450159
1895	6.073698857778926
1896	6.208493347799119
1897	7.3648641224779
1898	5.945730550922842
1899	6.065165603442842
1900	5.259896543758389
1901	5.840450328909076
1902	5.6002795439159785
1903	6.8829260210331995
1904	7.481028366086927
1905	5.666916231656532
1906	4.498674538483928
1907	5.1427932576580835
1908	6.145572773786261
1909	6.28781111474548
1910	5.802274615420694
1911	5.875851187355104
1912	6.365833227068097
1913	6.558318053483558
1914	6.0986166702261055
1915	5.963235967831376
1916	6.6815181986692
1917	5.90744040481207
1918	6.242615533216546
1919	6.4986400155369966
1920	6.698770912940658
1921	5.109352632658556
1922	5.729769468277126
1923	6.407142970778902
1924	6.520586478931364
1925	6.376326542061109
1926	5.780725884959102
1927	6.713711789446986
1928	5.333000634379762
1929	6.228517735243908
1930	6.076355561762202
1931	6.380815922146819
1932	5.402508592853944
1933	5.81642038458027
1934	6.341443506238813
1935	6.497662660281639
1936	6.611714885783537
1937	5.373332628071131
1938	6.609007786579982
1939	6.024171967631749
1940	5.689337963471189
1941	4.967667717591394
1942	5.861844645873846
1943	5.3601448735067
1944	6.133622152420382
1945	7.149327832089814
1946	5.865088179397087
1947	6.655083318396161
1948	6.128631931113298
1949	5.910579024439877
1950	6.8278061696173005
1951	6.265216369575892
1952	6.298481609070829
1953	5.404347706602754
1954	4.464197821426206
1955	6.308671794044564
1956	6.625638177075113
1957	5.977023182913572
1958	6.102702805279898
1959	6.2561527864541855
1960	5.820015214399124
1961	6.069229350015077
1962	6.333893082579986
1963	7.301400362513959
1964	5.744327163037199
1965	6.154311424991845
1966	6.06611641900381
1967	7.143767876109402
1968	6.449267714845271
1969	6.578091089225684
1970	6.295906518799408
1971	5.771050082732235
1972	6.063632469223295
1973	7.2771817983011715
1974	5.250177238252945
1975	5.750294117354637
1976	6.2505796915778005
1977	6.850217929861339
1978	6.294880062667653
1979	5.383913177056928
1980	5.7084447771353135
1981	5.391584150179329
1982	6.205481918629907
1983	5.572172922906854
1984	4.647437980097796
1985	6.344572615395817
1986	6.219019481104196
1987	6.1077968400059035
1988	5.708856912737247
1989	6.350397256435826
1990	6.08161149156819
1991	5.88851061848422
1992	5.799613681039773
1993	5.011428958723425
1994	6.993709329917857
1995	6.921428648056462
1996	6.061511141209242
1997	6.609403682297424
1998	4.365831680662398
1999	6.1936287030284465
2000	6.160240102547687
2001	6.611287911023412
2002	6.9081809325681
2003	5.930920614460483
2004	6.978168835892575
