6	12.629749813472504
7	11.793482009469523
8	11.354109334381619
9	8.988253056383533
10	10.669792401994506
11	11.933888584490443
12	11.704391711937365
13	9.915046534913575
14	12.08690715002868
15	11.448905496387093
16	10.757075005696862
17	10.544632015862184
18	10.396650406702065
19	11.474833377953981
20	10.848325242772148
21	11.314271406800472
22	10.766260982707305
23	11.914854913949966
24	11.115477543835675
25	9.405941821143458
26	11.168946669953865
27	11.160139766327331
28	10.08892546973635
29	11.570780109347107
30	11.52998783714346
31	9.023150677753026
32	10.483824310130567
33	9.991369335461933
34	11.719496279580135
35	12.548495872703931
36	10.895832288170586
37	11.17762111508352
38	10.364447148148733
39	8.605088915790045
40	10.411478369671554
41	10.510964777156723
42	11.859353847813358
43	10.350470125792766
44	10.748021287355941
45	10.477027343813663
46	9.852056647657328
47	11.588088283187908
48	11.063802267674257
49	10.768006158213582
50	10.443910148472932
51	10.068828477011623
52	11.936110290286887
53	10.289433124015778
54	11.312740616108059
55	10.9509579002085
56	10.819734213779936
57	10.48601620321127
58	11.266405416180593
59	10.83363831305956
60	11.550826126811987
61	10.780986810496461
62	11.602136883621968
63	9.740437253828532
64	9.56354530213745
65	12.889217488808647
66	10.82771907553033
67	10.261170087725622
68	10.743218134856127
69	11.608625560005311
70	10.438053150839973
71	12.821090348328864
72	11.488850953876408
73	9.5750042996818
74	10.752334884453822
75	11.02765654148272
76	10.305191969835723
77	10.782427235792023
78	10.405662709612646
79	10.996773841695083
80	10.911736884904506
81	11.376752394375725
82	11.004340470884397
83	10.10154287385696
84	11.416520665305628
85	12.021456346513482
86	10.704799201769056
87	10.233650760129967
88	10.898000914944904
89	12.182243745340674
90	10.880061596558376
91	11.248258257335854
92	10.200594806716914
93	11.238080509032763
94	10.08031751839735
95	10.700113020649587
96	10.666846384068322
97	10.83034709857865
98	10.542937474953328
99	11.636422172058813
100	11.4557954184548
101	11.025710420067108
102	10.908771937905266
103	9.103630245617655
104	10.451637195471301
105	10.283243693782424
106	9.94031729574317
107	12.519944180200278
108	10.729028741543448
109	10.216778112304143
110	11.370761756171175
111	10.237175826101355
112	11.958416758615446
113	11.9748082941536
114	10.795805318059866
115	10.243054552021372
116	10.910171897551058
117	10.245167726962515
118	12.290476247957951
119	11.425508783283822
120	10.727375991414045
121	11.650650118965714
122	11.48216665286422
123	11.456546154196758
124	11.38886190288997
125	11.478598738397109
126	10.456850197500899
127	12.242694907005061
128	10.102243861558318
129	10.030311381914759
130	10.680682845150427
131	11.248990094874898
132	10.37472955718853
133	10.154799773033606
134	10.530226565549572
135	10.483313047709537
136	11.811887515219384
137	11.057485237543005
138	10.338711694506928
139	11.854100613221972
140	9.229180885610077
141	10.646031768711206
142	12.259323927678052
143	11.386061743441916
144	12.865408102027788
145	9.307939330899293
146	11.373214157141046
147	12.304997769248775
148	12.396969027116205
149	11.743199244049249
150	11.332319816002837
151	10.452597985728062
152	11.298739170418349
153	10.687380581717662
154	9.340410796454147
155	11.230916183535346
156	10.183111479746811
157	11.764726579934766
158	10.578308756454197
159	10.721892740863405
160	10.971994062074373
161	10.870998680706995
162	10.621756999087731
163	10.774178089007574
164	11.150476068173813
165	9.763410338947432
166	10.374441465204622
167	10.115931200340958
168	12.505387046534452
169	9.843456437371634
170	10.170949425532147
171	9.963075381307956
172	10.985516972292476
173	10.432263656873337
174	11.163687469968863
175	10.397792852006386
176	9.968704487741952
177	10.35534909537108
178	12.246460418511997
179	11.186707526542566
180	11.81714042629451
181	9.991259603235237
182	12.052886310961185
183	10.06168215048577
184	10.859117728375661
185	11.10251936145476
186	11.176144369816175
187	9.793666833655443
188	11.395976162467585
189	11.322982873731743
190	11.336304762744694
191	10.752421693289458
192	9.859278835232836
193	11.205245736347278
194	11.237323975092487
195	10.950665721302762
196	10.247675602578056
197	10.516634542822722
198	11.76557239263957
199	10.98167601824971
200	10.280472529422841
201	12.076160236493939
202	11.399461756289384
203	12.475231617027505
204	10.914169310495708
205	10.64981016775451
206	10.031548823933699
207	10.295338264429592
208	11.893309353018994
209	10.084448353964797
210	11.095146487905312
211	10.709715405697745
212	10.201942896135733
213	10.361936443932873
214	11.16391921076839
215	11.613849538596696
216	10.347982443987146
217	12.347962192107637
218	10.443264254161477
219	10.986659142699791
220	10.707531501462569
221	10.559197327696602
222	12.497893675299798
223	9.986234380877884
224	10.656108879029052
225	10.639497961203952
226	11.91801937701588
227	10.494549585024894
228	11.62552756695036
229	10.434569890766634
230	10.330521727934904
231	11.2459344979601
232	9.871268752912812
233	10.472820126293346
234	11.370932574306657
235	12.015484764550584
236	9.6940638760349
237	11.483423961500337
238	11.140228793236579
239	10.703138911551077
240	11.511653438010605
241	11.260363344506318
242	11.031332249903292
243	10.686947018638602
244	10.417974682264104
245	11.025849046593066
246	10.732121265496131
247	11.615548658074694
248	11.635249614484039
249	11.046984338246515
250	9.97942210063226
251	11.483544866278892
252	11.780296445559998
253	11.518302624979091
254	12.236224279050544
255	11.599149604699925
256	10.862484693571332
257	10.711341722147504
258	10.78212140167152
259	10.353611777889892
260	11.221391881861022
261	9.967767424162012
262	11.004744833531415
263	10.452421240612166
264	11.21267427202872
265	11.129926391265643
266	12.577525320032146
267	10.37370167071257
268	12.01276609049722
269	10.133296051664123
270	10.859667198330499
271	11.190858166209761
272	10.751780991835139
273	11.172395394376137
274	11.94067681287881
275	9.689509438514698
276	10.596556474665846
277	10.355271737818192
278	11.21048029359091
279	10.561982195319143
280	10.033178891332355
281	10.226712719313962
282	10.315267740045675
283	10.267860671709569
284	10.329807716525393
285	10.691111722745836
286	11.661384080532008
287	11.850265103488761
288	10.70670759153242
289	11.857893753947303
290	10.268778742480208
291	12.052024694564752
292	10.188537893745085
293	11.805383672084941
294	12.21168736584601
295	9.23302386125561
296	11.272787384708925
297	11.218165271971374
298	10.77069002410638
299	11.833125144480132
300	11.073371788879157
301	10.92648184932579
302	12.588369508989853
303	9.833413209994324
304	10.743598156841472
305	11.434060289378976
306	10.121807123216986
307	11.789239237556973
308	10.113973314746982
309	10.534792992620496
310	10.124332512621645
311	11.212539708217083
312	10.46968915297522
313	9.374598013949907
314	10.583830870952225
315	10.562438011185678
316	10.499860906929825
317	12.354056945198918
318	10.484031897107013
319	11.998192523611495
320	11.074482765275446
321	10.772262106804092
322	10.911341814814369
323	10.8712823417678
324	10.922157739455606
325	11.926650156687376
326	10.899269922368424
327	10.39396277249325
328	11.439851944585394
329	11.751370994510362
330	10.974754703699146
331	10.333357093529964
332	13.508876624100498
333	10.773971819434403
334	10.035221062255845
335	11.779888187868185
336	11.489422039684722
337	9.414007433185665
338	11.481915292865967
339	9.525470677901895
340	11.30031950630605
341	11.494287066449607
342	12.029559787487544
343	10.46592450191945
344	10.560683667088353
345	11.920760532384245
346	9.96247463852479
347	10.59612063370011
348	11.451799796348205
349	10.146300567285602
350	10.63401289605597
351	10.787254328619989
352	11.23073816552014
353	11.624387381353582
354	11.867331871513743
355	10.681831921286648
356	12.635285786563417
357	9.946981907715477
358	12.033372418786813
359	10.263270346300775
360	11.510160038310305
361	12.005336367081057
362	11.282859429325908
363	9.87208490453374
364	9.699671200785534
365	9.250130144402096
366	10.204465218315212
367	11.10153514661778
368	10.95969420076348
369	10.300948891250883
370	12.384753746790054
371	11.921916155209548
372	11.456225775756488
373	11.054559029416414
374	11.242056586811087
375	11.373274013223412
376	11.449521202808882
377	11.448502939729952
378	11.077377624494256
379	11.02049991654222
380	11.71447454691454
381	10.347981489073476
382	10.252809723747838
383	9.33766884306467
384	10.392834465694182
385	10.95816526301438
386	10.717235478238939
387	11.659195680460835
388	11.473445653144736
389	9.330077258568297
390	10.921532210089499
391	10.164638968702397
392	12.192458773065269
393	10.771128781336133
394	10.79357929091435
395	12.491725022852734
396	10.762518690072874
397	9.957317416178949
398	8.666903962695505
399	11.510504424854075
400	10.16352313230629
401	10.513678471985555
402	11.854749367318819
403	11.662722615166848
404	10.917397738102489
405	10.31826003092926
406	10.099171775294488
407	10.316207234039378
408	10.667954100916115
409	10.840483517660584
410	9.942991565953708
411	10.701830941638036
412	11.91779893263633
413	10.848953683424662
414	10.495414788774012
415	11.487750643318746
416	10.14092594822652
417	10.484805564899164
418	11.126525714874417
419	10.649632815472247
420	10.602323773883331
421	10.007822505864954
422	9.495640074874974
423	11.044305751276422
424	10.732086456699763
425	11.126197800613856
426	10.706654113594494
427	11.323307976281047
428	10.792613827340558
429	12.367755303916056
430	10.768323780986623
431	10.892777687453037
432	9.741220819765456
433	10.742440773420967
434	11.874501671313244
435	11.096952604378616
436	10.331395748411143
437	11.648016634447906
438	11.440178143767513
439	11.212686136432458
440	11.438579308912159
441	11.88338567186147
442	10.41209545474201
443	13.100748085933738
444	10.187773785416843
445	11.00523525047698
446	10.892988414513846
447	10.928516811688896
448	11.177551738460316
449	12.993645191101157
450	10.986382446698695
451	10.329157357251582
452	9.946190685908267
453	10.80157438829116
454	10.863433286777427
455	11.163243636886893
456	10.524491451148641
457	10.147317287386008
458	10.24578884973307
459	10.51087102155822
460	11.385943251006873
461	10.380082290085266
462	11.715405930286838
463	10.987521016459455
464	11.128410610999303
465	11.270726472741226
466	11.582368586352898
467	10.54425603298906
468	11.437245694706217
469	11.788160892575979
470	10.298996572299595
471	11.073598576574952
472	9.781027534981893
473	10.829116574809726
474	10.862480579528539
475	11.453110802400744
476	11.091617708962076
477	12.630277000445888
478	11.089020668295122
479	10.936705030185403
480	11.449243284433614
481	10.40280291680764
482	11.336117890517215
483	12.788956794335455
484	11.14089320551769
485	10.608182734352644
486	11.917895809246692
487	10.202529447765922
488	11.568351740297658
489	10.818778245815338
490	10.242574032186962
491	10.092952053939793
492	9.776571442044276
493	11.886769505605212
494	11.408456453319538
495	11.490395590401809
496	10.656609741738066
497	12.180984069783545
498	13.180019602000053
499	10.407682321716566
500	11.862608247206229
501	11.44574566218496
502	11.56430399915808
503	10.093264706308716
504	9.973132133094342
505	11.144221447879367
506	11.907848759077346
507	11.872459348332027
508	10.740845387738215
509	10.955792717323519
510	9.765652293106541
511	10.13094739619759
512	9.75584809809299
513	11.019653575646002
514	11.236795114953566
515	10.480140299303457
516	11.12159327344108
517	9.645824351466516
518	9.918517486124765
519	10.748145736297593
520	10.49704793441243
521	10.445680256913205
522	10.443805725588463
523	9.91099142613588
524	10.040103839729307
525	11.23363122554496
526	11.498471262025495
527	9.634013685950777
528	10.068963432698837
529	10.12367530344381
530	10.834953537338066
531	11.756437588309765
532	9.675733982068486
533	11.131086250558647
534	10.608443926598104
535	10.306543979374151
536	11.389852573443612
537	9.987804563986787
538	11.266460332473095
539	10.18710202435154
540	10.738009641516125
541	9.87776105520997
542	10.797777620950141
543	9.038969588585985
544	10.228794696937507
545	10.850341243277345
546	11.440154178384692
547	10.836581389033624
548	11.15653789330515
549	9.565813286167282
550	11.560380499471513
551	11.045090504327243
552	9.962000864783905
553	11.52468239972082
554	11.138222406816451
555	10.650920478365151
556	10.759793714309064
557	12.95270394446857
558	11.206794778251302
559	9.742755149292
560	10.424788478129138
561	10.507320287909048
562	10.542686514856834
563	10.983625557194765
564	11.16857976502851
565	11.22674249695781
566	10.998478134707547
567	11.148579443939962
568	10.530696507019456
569	10.662155378842726
570	11.777133977680933
571	10.390085619982685
572	9.847462235793937
573	10.435122628158165
574	10.712695063744226
575	10.758265466641975
576	10.765262326750529
577	11.280268591628301
578	11.100985401851256
579	12.190217109706719
580	11.860684940432707
581	10.803496502731976
582	10.596343330393177
583	11.059445990410705
584	8.622650587135771
585	12.084011760617141
586	10.913620580228717
587	10.609744786344688
588	11.980494797688443
589	11.013565502502024
590	10.221038788837312
591	11.13001038573637
592	12.40673581397161
593	9.608944946201518
594	10.68255025937348
595	11.231697180908117
596	11.75271963753039
597	11.438528678677459
598	11.08209853403322
599	11.281372293823791
600	9.740331381330556
601	10.955212624862325
602	11.19154283452986
603	9.941455521447425
604	10.217335070751142
605	11.729357383035254
606	10.31067081428988
607	12.080727908369226
608	12.702274619663935
609	9.886334008528609
610	10.765780342335347
611	10.750767622984617
612	10.280669755456884
613	11.179962154519227
614	10.842452848351094
615	11.841292120201775
616	11.067907643653056
617	11.976074530560847
618	10.959575139758128
619	10.05773254370886
620	11.08634770361772
621	11.173368669044617
622	11.32507418065684
623	11.908630061002137
624	11.148422591644339
625	11.583327129492924
626	10.17375634538168
627	10.508183312583334
628	10.924962405595323
629	11.405768213907344
630	11.851673445292635
631	11.821218461070675
632	11.640673030105729
633	10.92567537702853
634	10.589072763828815
635	10.282941580304536
636	9.956745997967158
637	11.209203818449751
638	10.782562157656583
639	11.030652461264845
640	11.2112070029811
641	10.842280173991902
642	10.616787617441943
643	10.291905245795432
644	11.127293811135766
645	11.281568317348569
646	11.462646728765321
647	10.792931658229517
648	11.067940358512873
649	10.848344333127606
650	10.166982689977157
651	11.88354174171885
652	9.922274062247016
653	10.077329795667902
654	12.89520558828805
655	11.796044921160073
656	11.206293155846652
657	10.409564220421192
658	10.681828825143166
659	10.899075827454217
660	11.522034664754756
661	11.00316460059727
662	11.400666979132803
663	11.471003493098154
664	11.96109677459351
665	11.607256216485167
666	9.546064347155976
667	10.197397730971517
668	10.928692567589863
669	10.312692694395082
670	10.543809217051603
671	11.89419187767867
672	10.718473698300706
673	11.611295451112808
674	11.173464115986961
675	10.175647723806414
676	10.797199689715098
677	11.5305342798795
678	11.702895904331504
679	10.12766438342383
680	10.265429386808858
681	11.338933247064556
682	10.393946420138871
683	9.750113561072626
684	10.762823430394443
685	11.22085233073325
686	12.102210369223707
687	12.073479584128552
688	12.182077434775827
689	10.359603023046235
690	12.664600604444276
691	10.770754728468601
692	10.297473582779746
693	9.0790391298714
694	10.054272710289807
695	11.48809205339729
696	12.380981593868151
697	11.846358771770866
698	10.800775778737474
699	9.69056357638708
700	11.5871709135204
701	11.467855700717724
702	11.301041897797827
703	11.954580040061089
704	9.013080624446957
705	11.960882229397486
706	11.619500606256398
707	10.78150577955782
708	11.62929208608355
709	11.81777542473071
710	11.65208257941736
711	10.611850640044496
712	10.787385583579491
713	10.57445824595401
714	9.566333214233568
715	12.0254420739652
716	11.14740325051758
717	10.339778724913032
718	11.43363796267163
719	10.56046470252692
720	9.92378498317347
721	10.384147055778632
722	11.588614922352136
723	10.573178924438622
724	10.674153307415457
725	10.52756694269192
726	11.0696886723326
727	12.916045649762024
728	11.914744402431303
729	10.83721621376908
730	12.330149123489392
731	10.84829007565517
732	12.807806022859454
733	10.53572945445397
734	10.960606357040815
735	11.893020405867055
736	10.505806077592723
737	11.448396494071215
738	10.955865508346404
739	10.854071513172794
740	10.548249855668473
741	10.187975886444885
742	11.647858424691368
743	9.032872143795862
744	12.766306910712112
745	11.039832239142298
746	8.690490512606097
747	12.529961785657402
748	10.814051509330966
749	11.01810735508334
750	10.866012132941405
751	9.938426887579752
752	11.697220486024161
753	11.219431633872446
754	11.714022210842048
755	10.9082569748603
756	11.502774327667824
757	10.973126903257528
758	11.772723543788306
759	10.283363764669048
760	10.328957347534516
761	11.898749408417292
762	10.358529306759593
763	10.924406188710128
764	10.510225153639155
765	9.173866056936623
766	11.380686896981207
767	11.336830905869588
768	9.575379069501327
769	10.87884437369161
770	11.016287969942422
771	10.033088965337434
772	11.150352805595407
773	10.428289577459372
774	10.536961000929804
775	11.637410138062478
776	9.902912863385863
777	10.737317733000964
778	10.781541509886738
779	11.465513671560284
780	11.788007489461355
781	10.472217519071567
782	9.491515741286868
783	11.676767760115858
784	10.788191670603387
785	11.339391239415205
786	10.511965581780748
787	11.122661599710119
788	11.770843250081978
789	10.95326657744202
790	10.914636388382254
791	10.900273813509322
792	9.86972397719247
793	12.23430996427778
794	10.67706343380057
795	11.446598235786789
796	10.787292935154797
797	10.622061171114911
798	10.949302323342284
799	10.293072976564106
800	9.862560970953943
801	12.05731910288715
802	10.662949994576328
803	9.95059037742205
804	10.583469784660265
805	10.502019806895987
806	11.883564392530825
807	12.279679953448236
808	9.020944489017976
809	10.8021214865121
810	11.5105686750602
811	10.893356101949394
812	10.94819594474299
813	10.891362991216052
814	12.192798510815727
815	9.97020250427105
816	10.620543110496854
817	10.592914253215342
818	12.523362000143555
819	10.476888254101045
820	11.286072549577277
821	10.86758384820423
822	8.73721821961732
823	11.083067816291827
824	11.496812284860392
825	11.23311263012558
826	11.323685841560364
827	11.085679055838328
828	12.148806941309502
829	12.135500290784984
830	11.20616227872453
831	11.032058641782875
832	10.618483947353884
833	10.494073926511318
834	10.64584556764402
835	10.717571376971982
836	10.272733327089808
837	10.744839180820106
838	12.868834902577378
839	9.481723075644767
840	11.682336325093065
841	12.397392861614305
842	10.606411116006784
843	10.402256960013142
844	11.064688444692784
845	10.530494075694588
846	9.511828187556768
847	12.429688430477887
848	10.655989412879112
849	10.787364623132161
850	10.638357691531484
851	11.042131746524353
852	10.265356890336497
853	11.43184312863741
854	11.85050328300349
855	9.668612290491552
856	11.215899710072618
857	10.60489731012198
858	12.122028818735593
859	11.69629770918736
860	11.729855420547537
861	9.874139458290301
862	12.296039484966443
863	11.194362711048024
864	11.576917740420603
865	10.334829059846234
866	11.572966920756086
867	11.117235695549406
868	11.837840369557698
869	8.061333201467418
870	11.319976813969872
871	10.497183861941922
872	11.400574086869153
873	11.345274316166785
874	10.748440694443415
875	10.097910990715414
876	9.610932299059492
877	10.915791930528357
878	9.324819738754039
879	11.066172647487837
880	10.3758224199145
881	11.94846078641554
882	10.925866901634727
883	11.025350961543154
884	10.842352329316782
885	11.414228759624326
886	10.470425504638115
887	10.800457039341
888	10.80092228916178
889	11.293185930712339
890	11.604932351942631
891	11.087121346083263
892	11.910440829254926
893	11.49943169884948
894	12.166128084128205
895	11.036175354153894
896	10.860975142488314
897	11.339176103672278
898	11.053417852607227
899	11.179192659868232
900	10.70536391414862
901	10.883540638489649
902	10.750190662280753
903	11.878055984411944
904	11.176796004502103
905	9.992136867428199
906	11.277783845732703
907	9.672370360640343
908	11.83754352567019
909	10.619310274037945
910	12.405607688562013
911	11.06065970673757
912	10.654526330076624
913	11.596059820522706
914	10.324987534381028
915	10.627856505995235
916	11.531032811203557
917	10.849382158753892
918	11.401494917034423
919	10.85819108366202
920	10.858607411300367
921	10.650175384182754
922	10.650097407060317
923	9.949453723363694
924	11.44956506215168
925	9.913659004620277
926	11.42567841362682
927	10.854378775169607
928	11.300068535658065
929	12.075773428042885
930	9.943521577136613
931	10.158473287169132
932	10.71258333494835
933	10.79443971975364
934	9.839244763872756
935	11.43361476667691
936	10.557748805538921
937	11.23125450294659
938	11.617897226089553
939	10.524556025215693
940	11.078752134193886
941	11.688272589543852
942	11.123513423651456
943	11.139224852379321
944	11.347990107690244
945	11.01653075395734
946	10.880278100286676
947	10.665432462129363
948	10.658716719048098
949	11.342653916654454
950	10.509299284846218
951	11.96418646405959
952	10.666203898268018
953	11.303040598700237
954	10.799867787325638
955	9.907843151947276
956	10.601086977841332
957	10.803160168211907
958	10.484391299282658
959	10.504853095475118
960	10.65287148457719
961	12.481851135414805
962	10.601865432192572
963	11.08279365283222
964	10.719360449642409
965	11.167699723680128
966	10.966361413547379
967	10.728586214585448
968	10.53124232808925
969	9.745674981864106
970	11.815939950493263
971	10.370818962652702
972	10.792122749681585
973	11.7040209831018
974	10.650435103888158
975	11.350084478920326
976	11.398383621496826
977	10.802160126429474
978	10.336022621195298
979	9.443313050252202
980	11.142371939992824
981	9.67495840621928
982	8.984433619365053
983	10.746018185986925
984	10.257878315819587
985	9.928220559928377
986	11.752365913975519
987	10.890876942945017
988	10.30223301658183
989	10.45766593568027
990	10.793804470120397
991	11.61093978583628
992	10.649088675537818
993	10.904569862312638
994	10.87511048970951
995	9.887455003648453
996	10.387301876142155
997	11.277117579716794
998	10.87989857886324
999	10.545205052122474
1000	10.918002327857044
1001	11.292200630263164
1002	10.03021771332943
1003	12.451091606431364
1004	12.090371276384632
1005	10.221101469230941
1006	10.933783852098072
1007	10.698441201690443
1008	10.743311942308129
1009	11.366001395189125
1010	10.548914903046098
1011	11.251859050162398
1012	10.867928607800017
1013	10.825113388400059
1014	11.391909914962016
1015	10.821119748854544
1016	12.107841013849043
1017	10.262299983290417
1018	10.135723380675902
1019	11.110895255946035
1020	11.25262357473839
1021	11.513722094896366
1022	11.758761685897802
1023	12.039474300449927
1024	11.581486137554748
1025	10.19830319315428
1026	11.320706301589961
1027	13.165243684001709
1028	10.496130821320305
1029	10.322191815818465
1030	10.574944362565965
1031	10.558315385023597
1032	11.990980025862756
1033	11.030780271496624
1034	10.452167449120898
1035	10.972822886590231
1036	11.438324861302549
1037	11.681949855139761
1038	10.84092956004497
1039	10.106590855185113
1040	12.067157331982994
1041	11.009583130374086
1042	10.754248887980207
1043	10.792635881948579
1044	11.962735346569389
1045	11.418005657130703
1046	12.473853864294142
1047	10.733351573892968
1048	11.085180493420921
1049	10.407654125844278
1050	10.138780038643421
1051	10.93527698745951
1052	10.391699073092783
1053	10.044921324299649
1054	10.542628554487601
1055	9.307303466288035
1056	11.819248597396331
1057	11.124887580034557
1058	12.607313554613098
1059	10.17359778228274
1060	11.051119998760091
1061	12.302033743528169
1062	12.048971897248473
1063	11.488637459975097
1064	9.567312985057793
1065	11.177053436458241
1066	10.681357408386416
1067	11.691533796640849
1068	10.714737016676615
1069	11.796427647311551
1070	10.162466116330782
1071	11.083839760032586
1072	11.593090082957026
1073	11.461085375500517
1074	11.524095146642583
1075	11.554223591802069
1076	9.959185423715482
1077	10.64203550866417
1078	10.168493401131855
1079	10.452620586657542
1080	10.32509500482727
1081	10.546815990749746
1082	12.5552902455864
1083	11.679057202800259
1084	9.746584030698529
1085	8.209663714566346
1086	12.336936590309518
1087	11.176281088846736
1088	10.746450072139135
1089	11.622448099199682
1090	10.732644158415496
1091	11.105748675196715
1092	11.084570866742675
1093	11.824809634894336
1094	10.995505602124872
1095	10.876421024280717
1096	10.44860553825274
1097	10.856616189417412
1098	11.415679805825443
1099	10.472989566478645
1100	10.149550883348512
1101	11.696262651205089
1102	10.515285786449615
1103	11.106960640484957
1104	10.783830719171526
1105	10.750264892060505
1106	11.746996647125343
1107	11.384323002927568
1108	10.127506158371832
1109	11.910931274844593
1110	12.401466369051308
1111	10.54915372231335
1112	11.033672393994184
1113	11.124773755065226
1114	10.9719876899698
1115	12.11541389101185
1116	10.48055951804854
1117	11.708108129193626
1118	10.902213444234803
1119	10.570931595950388
1120	10.927064049537293
1121	11.900179527164436
1122	9.786950809696584
1123	10.96470032861689
1124	11.774286493483103
1125	11.555195073153131
1126	12.414875299686047
1127	12.251055962909014
1128	10.89405507269201
1129	11.78590481041465
1130	10.731667734947878
1131	9.895842652506472
1132	11.343601250089705
1133	10.647286774059975
1134	11.302875288800957
1135	11.306645028479398
1136	10.146497966195456
1137	10.351681460333056
1138	9.550238438741152
1139	11.752600712062748
1140	10.412152047938944
1141	10.688635489492299
1142	11.065628958738602
1143	11.306776474904604
1144	10.933666552245421
1145	9.770151132051915
1146	11.461476376096897
1147	11.822588587482112
1148	11.803148042700357
1149	11.214463336270695
1150	12.234967836062424
1151	11.81436590963509
1152	11.371985770669918
1153	10.34246433494825
1154	10.80160110337627
1155	11.648099224749503
1156	10.066107435077429
1157	11.04994706727524
1158	10.090229513728096
1159	11.536625623681344
1160	11.574672447529354
1161	11.375093289312314
1162	11.520654291677427
1163	11.738451249125463
1164	8.902158744086046
1165	11.363675270091457
1166	10.55055532190234
1167	10.204612599064907
1168	11.379759244249529
1169	11.233647637509941
1170	9.911653451034605
1171	10.889813373177311
1172	10.71315812540502
1173	10.342335691456682
1174	10.613021391546027
1175	12.343637163891751
1176	11.783151504816487
1177	9.229467036939846
1178	11.604658143930138
1179	10.56549457961456
1180	10.611338567527127
1181	10.915519351903349
1182	11.914233896512693
1183	11.870460723539031
1184	8.59144178327147
1185	10.93790637422353
1186	11.36523200008087
1187	11.406978082067022
1188	10.973620619392022
1189	11.06470194615637
1190	11.906862903232685
1191	10.667105447493183
1192	8.494715309335984
1193	10.485765099927198
1194	11.461820865676014
1195	10.88392146752978
1196	9.128695453824475
1197	11.44043553756136
1198	10.73319316158692
1199	11.73121837624866
1200	10.480029164455589
1201	11.384989122905688
1202	11.279176950844567
1203	12.079031714789668
1204	11.700074953853242
1205	10.807555176972528
1206	10.946877483917559
1207	11.624019442778081
1208	9.780961656509898
1209	10.498336432608776
1210	11.319962415275485
1211	10.646785585536948
1212	11.537978592712898
1213	10.296585460968345
1214	12.671277981568975
1215	10.370697906935154
1216	11.701612430617153
1217	9.89694278773804
1218	9.434997074598108
1219	10.316970198598662
1220	11.045144233061
1221	10.071595193635273
1222	11.153830897482113
1223	10.503662250735537
1224	11.561703093374442
1225	9.806252285563387
1226	10.820032731858083
1227	13.076317712484348
1228	11.360335578203804
1229	10.302047082742986
1230	10.332396403221841
1231	9.683413830466655
1232	12.425191978323792
1233	10.808145162571842
1234	10.71437577953163
1235	10.120328876970996
1236	11.06613736896355
1237	10.00925806667764
1238	12.009290640087178
1239	10.08777179743629
1240	11.381412044912576
1241	10.448706680310092
1242	11.52128779913227
1243	9.80820703614332
1244	11.419660470031506
1245	11.191306588015603
1246	11.532046956684146
1247	11.452227941375105
1248	10.469235369970308
1249	11.147823811445216
1250	10.157066523927547
1251	10.35325350990564
1252	10.049509758724728
1253	10.247279933271784
1254	10.9460722249717
1255	11.066019033666613
1256	12.307329095039126
1257	9.647164620274573
1258	9.179641693151813
1259	11.54442709165089
1260	10.63721187082585
1261	11.80793323055453
1262	11.48596777554291
1263	11.442439834523247
1264	10.560309625963088
1265	9.173928882276943
1266	11.978454769687314
1267	10.43004955731527
1268	11.252345301139737
1269	10.928899890402905
1270	9.97327542675659
1271	11.522758893049811
1272	12.213132129232399
1273	10.9342376586161
1274	10.082357976753265
1275	11.070215545784206
1276	11.45949549112469
1277	11.941524492605312
1278	10.827273514005356
1279	11.519811696618342
1280	10.794567026952453
1281	10.830460031641387
1282	10.863891296122494
1283	10.982457696744758
1284	10.724784295203992
1285	11.348323904060488
1286	11.048307910429829
1287	12.124186782674787
1288	11.162226907607605
1289	9.128233553479031
1290	10.670142556189827
1291	11.421071523587909
1292	10.889163771847551
1293	11.674305108646232
1294	10.375508739223141
1295	10.632184262317605
1296	11.127478093132376
1297	11.212570717587369
1298	10.998187574104554
1299	11.659831724769901
1300	9.952085412980523
1301	10.044931115728781
1302	11.37977785899097
1303	12.076312893077557
1304	9.678675949251137
1305	11.365194962984932
1306	11.784662611447274
1307	11.41563407295427
1308	10.90082269065835
1309	10.692571443878114
1310	12.382631685486277
1311	11.179566742359595
1312	11.978580070244966
1313	9.636982233133601
1314	10.630427675991086
1315	11.913255415910985
1316	10.880696414252363
1317	11.068360806252299
1318	10.239031491018832
1319	10.586681507592504
1320	10.203001111786921
1321	11.570657269273331
1322	10.79578551252397
1323	11.729741228587363
1324	10.580514218188155
1325	10.70057161418299
1326	11.151777537364978
1327	11.822685602265345
1328	11.0359429435829
1329	10.203923723828565
1330	10.826605430733332
1331	11.024471795644429
1332	9.852326663619337
1333	10.340889764872069
1334	11.826479005970453
1335	10.981459944280617
1336	10.684810563390194
1337	11.37613138578538
1338	11.390778741747555
1339	10.598969804946073
1340	11.015068909775437
1341	9.25766956486176
1342	11.349364232368078
1343	10.857392897212844
1344	12.426411003295827
1345	11.736009264448658
1346	11.532882036492083
1347	10.632601467663855
1348	10.977945537657897
1349	9.63322581859001
1350	9.099931714065711
1351	12.348971562315095
1352	10.756791584930212
1353	12.410000170091129
1354	10.705530409622007
1355	11.838958539138549
1356	11.784317706300076
1357	10.79699143317528
1358	11.18774691812302
1359	9.955021587601449
1360	11.560865742336027
1361	10.890788781955573
1362	11.061936624998332
1363	11.45841167443582
1364	10.725623623774895
1365	11.73923593378661
1366	11.888450569969912
1367	10.819257455357265
1368	9.795457653186627
1369	11.397607796679514
1370	9.424245043913833
1371	11.625155036749286
1372	10.439769170371555
1373	10.53238976812693
1374	11.365141110821687
1375	8.51247838010665
1376	9.376994334067332
1377	11.05727593661674
1378	11.508858802908717
1379	10.312888415396447
1380	10.009430983224883
1381	10.431613181484863
1382	10.674992239660432
1383	10.433441648138492
1384	8.876469352095308
1385	10.471382365136378
1386	11.325503157027997
1387	10.7743738569775
1388	10.644266110993922
1389	11.270650113539563
1390	10.440333834226612
1391	8.88220133281551
1392	11.803733842490384
1393	11.09217964862939
1394	10.8221604184655
1395	11.830541882007806
1396	10.136428285013377
1397	11.379709269927252
1398	11.221530110524036
1399	10.606658937364587
1400	10.44940957803344
1401	10.222420071445717
1402	11.783017938402482
1403	11.155467089130788
1404	10.410602251625326
1405	11.361918292686408
1406	10.17551093511456
1407	11.351019736464915
1408	9.933140614134228
1409	11.158584915134206
1410	10.844428082449465
1411	11.021725114745399
1412	10.488817747520645
1413	11.399531572885847
1414	11.435189243837042
1415	10.202178687241664
1416	10.034447245202177
1417	11.123866339289815
1418	11.510228118728264
1419	9.779313219212927
1420	12.26496628310254
1421	9.347249691194344
1422	12.055165022917208
1423	11.931950575704205
1424	11.135773205072619
1425	12.226371182058397
1426	10.488387498971925
1427	11.518183898682603
1428	11.174617180339338
1429	9.917570681255311
1430	11.535276297829114
1431	10.903295297294179
1432	10.38398297434207
1433	11.674936390691437
1434	10.110886414405993
1435	10.731753361427732
1436	11.105263699754142
1437	9.89409784572524
1438	10.549503377879757
1439	11.125237036356703
1440	11.65372224113904
1441	10.939818950545675
1442	11.410772030935105
1443	9.342137067753356
1444	10.727444279184565
1445	10.54805106952329
1446	10.950434043441179
1447	10.704346130588092
1448	11.565816150404755
1449	10.60532243365422
1450	11.055277124802958
1451	10.504305772488005
1452	10.02461425135326
1453	10.871651908806102
1454	10.065831208466797
1455	11.02669548386863
1456	10.93010482272075
1457	10.399627329023714
1458	9.508572458283885
1459	11.565482786433263
1460	10.5029347203386
1461	11.300204619660509
1462	11.433390316033426
1463	11.004978847329038
1464	10.713240923135945
1465	10.877992273808674
1466	10.016686683851812
1467	11.062423584465868
1468	11.789282451465464
1469	12.48403767772922
1470	10.416537893954299
1471	11.130153036774136
1472	11.61680687787093
1473	10.640834053418713
1474	10.79320882637985
1475	10.364916993879042
1476	10.220091879086265
1477	10.853173083796198
1478	11.612877325284952
1479	10.412865514215081
1480	9.884957591178017
1481	11.596213709298617
1482	10.305551038705744
1483	10.997322732256725
1484	11.159179098714958
1485	11.555981839855667
1486	9.740064720379939
1487	9.998821950377897
1488	9.143713738309602
1489	10.895436957795654
1490	11.186044419038808
1491	11.494551327107475
1492	11.369497474846675
1493	11.236825321164018
1494	10.060933963943011
1495	10.193446272686641
1496	11.873376336658648
1497	10.330600729621947
1498	11.269353369926103
1499	10.747176269047655
1500	11.45245279604569
1501	10.017049383460543
1502	11.701266976235182
1503	10.514301413426523
1504	10.909651433027824
1505	9.827340121107307
1506	10.217383839276824
1507	9.727710488383682
1508	10.09242196060068
1509	11.19768868899458
1510	11.928541408036835
1511	10.769197310142772
1512	9.778542866712396
1513	12.64593417807303
1514	11.464904629577756
1515	10.97468478704002
1516	10.583007161570496
1517	10.798276586323913
1518	9.918743288596952
1519	9.571226384896828
1520	12.276058669271471
1521	13.024080650464004
1522	12.644979216814972
1523	10.680652414979576
1524	10.75438156159615
1525	11.854125130152555
1526	10.455769569828623
1527	11.134409703877429
1528	9.57069879312716
1529	11.627963294427781
1530	10.915603966719084
1531	11.429380228784867
1532	10.474470941315909
1533	10.921546438914568
1534	11.572819369585188
1535	11.41167678495869
1536	11.692254722556415
1537	10.01699725119397
1538	10.287172294378843
1539	10.584595334050327
1540	10.187456788852947
1541	9.998038566419078
1542	10.18734941226896
1543	10.768362953638038
1544	11.926803792447217
1545	11.162900173981479
1546	11.00451983336825
1547	11.543861241759732
1548	10.322085886715763
1549	10.203969326769002
1550	10.336675606648592
1551	11.253481253054149
1552	10.322725541796535
1553	9.76125730679717
1554	11.42819971921388
1555	10.634562624114848
1556	12.123152127571142
1557	12.035418625524791
1558	11.466720842057839
1559	10.820940617732704
1560	10.303828364994843
1561	11.04802618560214
1562	10.655401068208448
1563	12.491528875110411
1564	11.071846902542747
1565	10.004959441512286
1566	10.36747818949719
1567	10.916188973312577
1568	11.767316601860026
1569	11.32948273830247
1570	10.005613038188688
1571	12.110783878839962
1572	10.614722695761884
1573	11.803488200277764
1574	10.070777857652866
1575	10.196810685972308
1576	10.716087065831928
1577	11.164954477901725
1578	12.070568499731293
1579	10.667015929387595
1580	10.907799423065237
1581	9.538117019033482
1582	9.155069198306842
1583	12.098370251518645
1584	10.172127530318297
1585	11.150469746811277
1586	11.312851703612047
1587	10.977553416668487
1588	11.349016649740454
1589	10.839918053270383
1590	10.113629084887243
1591	10.861211065766646
1592	11.182741296152736
1593	11.313770127529278
1594	11.046612242457922
1595	10.055001969654112
1596	10.235622104955837
1597	10.525380053000687
1598	12.693927364146692
1599	11.096884927819483
1600	11.218253597984585
1601	11.326627137612611
1602	11.996243400707547
1603	10.15630580105353
1604	12.492449439007032
1605	10.957930043686268
1606	9.86848592139939
1607	11.606362201428661
1608	11.827862797668786
1609	10.090415124143474
1610	10.443442918154476
1611	10.607640496217646
1612	10.489344750763848
1613	11.319261203812392
1614	11.403779142862186
1615	11.974614923903719
1616	10.132514819353819
1617	11.626381559944711
1618	11.876014799707466
1619	9.845032205858619
1620	11.37303634921862
1621	8.693475968780048
1622	10.87402245817755
1623	10.0006732022902
1624	10.370082567539066
1625	9.804905001428173
1626	10.330382849697749
1627	11.45927324503745
1628	10.76480966843199
1629	12.402669780282304
1630	10.998835051790811
1631	10.371997450478375
1632	11.265998421793078
1633	10.277398678932029
1634	10.776354665938374
1635	11.379571750319187
1636	8.700156229279505
1637	12.053435796604274
1638	10.008323366156864
1639	10.185084902578964
1640	11.346452905374123
1641	11.028880775980229
1642	11.664443298323272
1643	10.312131667602808
1644	9.940304569468447
1645	9.701312377528666
1646	11.15479539270018
1647	11.415168350010157
1648	11.110539646360849
1649	10.34456693683751
1650	10.534864127545411
1651	9.770828813873232
1652	10.754420030931215
1653	10.019619781099129
1654	10.8254419237427
1655	11.10856328044795
1656	11.735999575947062
1657	8.758411944313938
1658	11.16244245307415
1659	11.467058653244749
1660	12.27426888356639
1661	11.956937451807146
1662	11.292785470433195
1663	10.91237614690653
1664	10.467364487233572
1665	10.904448112820095
1666	9.259292934273997
1667	10.5479775083391
1668	10.688061178968796
1669	11.451992646071057
1670	10.958380346639004
1671	10.091436245550948
1672	10.000174550915737
1673	9.183750022072779
1674	10.631555992493372
1675	12.022434131496333
1676	11.363822492645122
1677	9.57460942442872
1678	11.42857323910834
1679	10.394143918021582
1680	11.932915925859184
1681	11.218420504384037
1682	10.421442814583873
1683	11.890525042018853
1684	10.746185441895957
1685	11.736692801088383
1686	10.897827526118528
1687	9.681780710193815
1688	10.208034360252151
1689	12.177472345791758
1690	12.461311433204067
1691	10.431346001197404
1692	13.039878279170287
1693	11.699135803509243
1694	11.334641548716398
1695	9.067502144890438
1696	10.099681259831414
1697	11.261637235268656
1698	10.436145479506296
1699	10.773819599226387
1700	9.19229735287081
1701	11.752293867827394
1702	11.335616731235254
1703	10.549198741635392
1704	10.352433971653227
1705	10.360143552191504
1706	10.227651758026331
1707	10.236151429414749
1708	11.58644438682026
1709	10.583222891633502
1710	10.670910645659509
1711	9.990239161954378
1712	11.243943847185518
1713	10.571132396786409
1714	12.401012238293756
1715	9.681384566694845
1716	10.579247394037482
1717	10.540009421079832
1718	10.293771350936016
1719	11.07029643733727
1720	11.234167908216222
1721	11.594723563729785
1722	10.480077788317576
1723	12.654382027656538
1724	12.1903966023023
1725	10.141343106492423
1726	10.229025772795445
1727	9.255931058712303
1728	11.737039562337136
1729	9.902263348365612
1730	11.108142420322215
1731	11.854352118974717
1732	11.088669142949197
1733	10.28611051358668
1734	11.244674212564455
1735	10.593604601713055
1736	11.31621201992035
1737	10.261926344008922
1738	11.013471993586144
1739	10.375973655008385
1740	10.790215367102064
1741	11.96428397548385
1742	10.588730455446058
1743	11.184422967067038
1744	11.025592443804877
1745	11.26598386556725
1746	10.358455321053043
1747	11.789854220180132
1748	10.72398347267881
1749	10.559284172994085
1750	10.797196114939553
1751	10.734207715487194
1752	12.153480026172474
1753	11.408104242038046
1754	10.435529418129876
1755	11.481246428430136
1756	11.79157947441702
1757	11.169959712456912
1758	11.372100828905017
1759	11.926068590179256
1760	11.618676853868621
1761	11.152384396205889
1762	11.110789820001544
1763	11.537184000520272
1764	11.67599034361368
1765	10.595711962488341
1766	9.418139891209416
1767	11.828326156714255
1768	9.366218468929745
1769	11.780977868292636
1770	11.058636310472435
1771	11.161181082312053
1772	11.738658528607033
1773	10.519035772420466
1774	11.550271964631975
1775	9.772491117722767
1776	10.936889824311947
1777	10.899736204870385
1778	11.362997722928412
1779	10.503445038062976
1780	10.453458075162448
1781	10.969062812317725
1782	11.37323486260582
1783	10.078294344445263
1784	11.335062043757684
1785	9.639773133111762
1786	10.932077594087733
1787	11.288320215002006
1788	10.779028611325268
1789	12.104885479349544
1790	10.72784302598339
1791	11.648603959227913
1792	10.322400630159347
1793	10.327971555668404
1794	11.364482842064463
1795	11.744649729018825
1796	9.924218722649652
1797	10.053741039660085
1798	11.780610650812742
1799	12.211116026006898
1800	10.478516472313045
1801	11.926409234507727
1802	11.21422452236187
1803	8.87467039204919
1804	11.855444199342925
1805	10.49007330054883
1806	11.73669677375195
1807	10.895137150094982
1808	10.81597047474701
1809	11.297916901097715
1810	12.107647463917319
1811	12.315401622687768
1812	10.699979134956374
1813	10.63626252337708
1814	11.204922192708517
1815	10.77029992152865
1816	10.504457861782075
1817	11.289719094843603
1818	9.239513088261361
1819	10.230263638830365
1820	11.536976542905904
1821	11.675896297248366
1822	10.786143397649509
1823	11.675909204347455
1824	10.81898912852921
1825	10.263856680481695
1826	11.3840366729768
1827	12.15268197579644
1828	10.390802213689312
1829	11.123071231744497
1830	11.753896101550199
1831	11.168646053084286
1832	11.07289402360662
1833	11.6035510716346
1834	10.542662861797828
1835	11.68132376084676
1836	10.704120735670521
1837	10.122785798176192
1838	10.398560491839943
1839	11.145136864706522
1840	9.644438437018026
1841	10.04601551017704
1842	11.363261369469559
1843	11.431730197462457
1844	10.694107599665585
1845	10.614055678401733
1846	10.448280121143343
1847	9.709411743415885
1848	10.441786323478446
1849	10.916921449736693
1850	10.15170279082327
1851	10.365554684135867
1852	11.18297850112713
1853	11.46906254440546
1854	12.00965230304917
1855	9.756261285157288
1856	10.007315348103738
1857	11.799074994529494
1858	10.020364738319177
1859	11.293854936093945
1860	11.30557424598839
1861	10.285145021533
1862	11.734185486361667
1863	11.088929149322212
1864	11.417362953762916
1865	11.76965300838717
1866	11.189501773943354
1867	11.113867403577185
1868	10.926572387608758
1869	9.789044258644978
1870	12.085801809891645
1871	9.20855884710088
1872	10.788569206123197
1873	11.289576031647336
1874	10.495266770530078
1875	10.853403015937657
1876	10.872069792458461
1877	10.710880072922201
1878	9.054751241275678
1879	10.034583513359648
1880	11.104785157620842
1881	9.951792106720035
1882	12.03656510496512
1883	10.482693782220595
1884	11.840772578145558
1885	10.93089706634258
1886	11.267942776644809
1887	11.082973706834721
1888	10.194502838134635
1889	11.123528061765246
1890	10.859916256816613
1891	11.074846452660859
1892	9.840445662933318
1893	10.859849470170538
1894	10.312543379161507
1895	11.28251385900192
1896	11.554669230477884
1897	10.123201415421338
1898	11.392245009252802
1899	12.128425187943503
1900	9.951194591060476
1901	11.477154542324378
1902	10.545762436145818
1903	11.64220637397375
1904	11.229273768900894
1905	11.355220802772315
1906	11.546305414928167
1907	11.60788553244467
1908	10.706300787607272
1909	11.78726458355576
1910	10.860971999700151
1911	11.59405599970141
1912	10.963465177738625
1913	10.78433014344424
1914	10.778939135544197
1915	10.462901351697267
1916	10.773549885089281
1917	11.119170277159558
1918	11.788043826983564
1919	12.597028228033405
1920	11.21770598555287
1921	11.485030129730148
1922	12.110819956852572
1923	10.57985529179037
1924	10.854161962151045
1925	10.231668237877905
1926	11.108015341240948
1927	11.098759633954614
1928	9.832293731626123
1929	10.242583282337623
1930	12.255431327037513
1931	10.832941215592436
1932	10.142561925518223
1933	10.696195248002187
1934	11.698500677938275
1935	12.06016234578673
1936	10.860409875995874
1937	10.516215641262702
1938	10.213850845979003
1939	10.620119687318802
1940	10.480173573531728
1941	10.603400183584103
1942	10.8650471080592
1943	10.476010720906478
1944	9.620293186190114
1945	11.402328284909554
1946	11.12933806423583
1947	11.214627164513804
1948	10.782963251304704
1949	11.057265419562606
1950	9.680934094811642
1951	11.762766725292229
1952	10.333757117997818
1953	10.949564327090048
1954	11.353728479001845
1955	12.065850502702084
1956	11.360074045180227
1957	10.724371811109704
1958	11.437592174996736
1959	10.676923910006881
1960	10.053784161528212
1961	11.262991187671675
1962	11.312727449159137
1963	11.403867192344393
1964	10.488398430170491
1965	11.53983661226396
1966	11.683367119528489
1967	9.930035523855814
1968	10.6539662995236
1969	9.701533428253606
1970	10.284472072995268
1971	12.297431056261606
1972	10.470761128101731
1973	10.2082278392871
1974	11.05416465455078
1975	10.73505144739794
1976	12.006073363731767
1977	10.59647210060922
1978	10.973206347414179
1979	10.613169478536161
1980	10.624234076611005
1981	11.666866877850186
1982	10.091881485697813
1983	12.496020581079646
1984	11.534135567867198
1985	10.51125690079802
1986	11.638449129605617
1987	10.845294536207803
1988	9.35248306141235
1989	10.317044894073197
1990	11.639108138714128
1991	10.42893971752841
1992	9.772193950884784
1993	10.421545324898212
1994	11.712853910448029
1995	11.927502896874211
1996	12.471980222668499
1997	11.329084029964482
1998	11.490421927648416
1999	11.060672069364635
2000	10.3240947691388
2001	10.373909052751403
2002	10.298068038167496
2003	10.18599235503003
2004	11.514654050781392
