6	28.263569844098452
7	18.970465527043544
8	18.246640579632952
9	17.471655032665065
10	15.207347681374262
11	19.15066461020118
12	19.498002422838784
13	16.242596448504404
14	20.31109138547251
15	16.45564322564769
16	19.807685120283026
17	15.878253467019931
18	18.54574047581633
19	17.663650335407805
20	14.633487263080099
21	17.63345439546283
22	18.146348464112947
23	16.59137162963061
24	17.917130011772624
25	14.886043766738528
26	17.111230801698184
27	24.920142444004277
28	20.118522177976992
29	16.13604596374731
30	19.363007978453535
31	17.47904524852188
32	17.14081765237496
33	18.32165484327081
34	17.179095202068492
35	17.320611572699544
36	19.452952444452823
37	18.018506379588217
38	16.07802394751843
39	16.792398898803302
40	18.517058665505616
41	16.87521848522189
42	20.23738562474561
43	19.10871791687979
44	16.309989152612268
45	16.348534098061563
46	18.21815963410725
47	18.57676422328044
48	21.56862735932138
49	17.864858613696224
50	16.68326542433685
51	16.959198023514578
52	17.66709963810976
53	18.26746475861626
54	16.9367315257508
55	17.539993098852985
56	20.238578438535722
57	18.08556987492102
58	18.685132840180046
59	18.85091835347207
60	19.03202934586661
61	18.952825462672926
62	20.24683500810926
63	17.037862325761125
64	15.321955585574566
65	21.198100517574645
66	16.729696946178834
67	14.565017766097299
68	16.793225677146626
69	18.28943480488786
70	18.256840454138
71	18.038785991033194
72	17.438190826279197
73	16.14179495220075
74	18.5247688213427
75	21.40840432648198
76	17.967141372968037
77	20.740794692158026
78	16.796127501001642
79	17.177149833476463
80	17.36615739588207
81	21.330104246446904
82	20.637619740355586
83	16.692233339865926
84	16.52103455822831
85	19.10508947258958
86	24.126927567191597
87	15.390159149768296
88	18.42398802267201
89	22.315662688495358
90	17.83036761770482
91	19.19962370957429
92	16.375378325175156
93	17.95817615416564
94	18.174927226717006
95	19.25768564033875
96	19.239874756908648
97	18.957790518214743
98	18.27813863186186
99	17.228028857705475
100	20.566534572642706
101	14.879412044892508
102	16.556346401546033
103	23.541941258127554
104	17.17822290653922
105	22.471350007163892
106	17.00495985295106
107	18.804026065927246
108	16.493870911510314
109	16.226019904832356
110	17.990250660514803
111	18.253260374654452
112	17.360557278928333
113	17.15074222657104
114	16.46449750028929
115	18.064108303493153
116	19.431348847378253
117	19.79815325969837
118	24.446781649769672
119	20.615826612193697
120	17.68144630356238
121	18.08344327042607
122	20.516500644319844
123	19.3257269725309
124	17.83461856406399
125	19.960142923855063
126	17.6737243533312
127	21.55988393377338
128	15.65094817460243
129	22.15823868164708
130	17.567228158700956
131	15.86686298093567
132	16.84867146242208
133	26.916731782820005
134	20.171036936195165
135	18.1771277434789
136	15.850063976610189
137	17.440873739617768
138	18.283098756524552
139	19.344759738394714
140	18.035288888035574
141	17.991902851006824
142	20.898192955932462
143	20.253978310372183
144	17.741838118788372
145	16.08491827836244
146	19.164055227360805
147	18.974779155014122
148	16.75856223869446
149	17.952581641918595
150	22.248416143826034
151	15.685715844168127
152	16.920668535361376
153	17.25942590303627
154	16.915744853898342
155	19.119213342960464
156	16.816866049769388
157	18.356580430285888
158	20.174861332068446
159	15.57523120810365
160	18.123954531792606
161	18.22953359206741
162	21.216509641659705
163	21.736597018106313
164	15.712697464584446
165	17.988882976780296
166	17.22833593823618
167	20.7144237008536
168	22.01188908644205
169	21.550266082939313
170	15.908575787675444
171	20.071379125892793
172	17.03333086231029
173	16.829241921446357
174	19.544000459937706
175	15.1986800767557
176	19.734870925648572
177	16.951147701769937
178	17.747008651949
179	18.396415225875867
180	18.933155371892795
181	16.962067585813454
182	17.32687193126594
183	16.320287858858745
184	17.030077081788924
185	19.1168087326712
186	17.990389657574124
187	17.47395219686674
188	21.14219448560126
189	17.775164476639812
190	18.10978105620481
191	17.86274907166565
192	19.258519223371987
193	17.602983611314556
194	16.52433300620045
195	15.492420112200003
196	20.673831163983778
197	17.107769392694465
198	20.40015632466475
199	17.57921114932254
200	17.418214993871516
201	19.64075162526028
202	16.9605555342132
203	16.90342846931631
204	16.924332959310657
205	16.02366248978651
206	17.225123065501684
207	14.955138462252798
208	16.157135611794075
209	16.417913005301436
210	18.158247697018933
211	17.066745726010506
212	18.853362357939833
213	18.248036308848658
214	16.629417185345137
215	20.354960060689617
216	13.713727590591589
217	18.12064940235277
218	17.44848932410023
219	19.8690982301475
220	17.89749726876657
221	18.17738458338834
222	17.63465263115792
223	17.542387003233912
224	19.7861269570094
225	15.640296527024152
226	16.88143062453077
227	16.76450267906087
228	18.37484001916151
229	19.344957952541773
230	18.44773819742461
231	17.62894509438217
232	15.192718921954132
233	18.135509505601764
234	19.787872385256108
235	16.818284565048764
236	17.120626081294336
237	18.96181333321338
238	18.826348529536446
239	20.078865129660375
240	19.588650948816213
241	16.530377434964546
242	17.724745100163936
243	17.01145478253311
244	17.762576900838077
245	18.202914568096457
246	15.752194147900669
247	17.514989760580356
248	19.646812505008548
249	21.13409062549717
250	23.380386322240444
251	19.32138565061614
252	16.730222040378123
253	16.400437809425057
254	20.249531150260978
255	23.621361826119827
256	17.825869505440803
257	24.942040922282363
258	17.13800426655724
259	17.672659727707504
260	18.062484969839396
261	19.800368302918503
262	15.853392394839117
263	14.932344818472629
264	16.17885559790248
265	19.897894127177185
266	14.72649974700471
267	16.769963732534578
268	17.53816828441858
269	14.986424686253194
270	16.90086964785058
271	22.859746428547343
272	19.185012917389923
273	18.729130228724788
274	17.594156136863166
275	18.849116226884927
276	17.141781926584372
277	18.001359487795224
278	17.844500527098333
279	16.381179557448487
280	18.183435868610395
281	19.264989603218773
282	21.451877894005737
283	18.423652121556202
284	17.368690977689113
285	32.52607925649229
286	17.427773404829203
287	20.462843237509617
288	15.873198147512934
289	15.771931175797736
290	18.78647569081132
291	18.55521900836029
292	16.45200324659019
293	17.510483549202544
294	16.049076620149425
295	18.38833660466125
296	22.710049319141223
297	17.590746101532133
298	18.345591974809253
299	16.72705331380712
300	16.55777639043983
301	19.19862965768241
302	15.99212154870387
303	18.52225914992043
304	17.566125475472763
305	20.481257833489217
306	26.777662853979425
307	18.505812115706604
308	15.673655626193067
309	20.37852516222875
310	18.870845756214724
311	20.001375162998738
312	21.642185031942414
313	20.518251336862846
314	16.775732472215314
315	16.704788837925705
316	20.041806756428915
317	18.10323073168267
318	17.544804033556968
319	17.256329145672947
320	17.215836833569675
321	15.564451333474029
322	20.398095254854997
323	17.578836533785797
324	16.36442101246073
325	20.499387684462338
326	15.727325042484999
327	22.210743682724424
328	16.86193066662359
329	21.406997883622534
330	20.06696773376083
331	16.56907138908789
332	18.051203402652295
333	17.846811250522833
334	17.735083460747976
335	19.360124995835676
336	20.128808196143446
337	15.77190446043096
338	15.984401372556022
339	20.44796425942131
340	17.913804162893587
341	19.18532033448757
342	15.521599760079491
343	17.786269543431047
344	18.785091645943623
345	18.80424483561279
346	16.42891783230578
347	20.45436502647948
348	17.84447006332455
349	17.34095825234206
350	16.64236014179187
351	21.13740583289594
352	15.689014392472714
353	18.060729813554897
354	18.556718058037806
355	15.7820155342645
356	18.303832756098064
357	17.475931834153016
358	19.668613338351456
359	16.356219444116537
360	15.541686516965713
361	21.840363653840203
362	17.252742761041738
363	17.18075197315118
364	17.108775943257367
365	22.446986667640623
366	17.091753970134903
367	20.7963902808996
368	20.550557644300863
369	17.508227146554272
370	17.21871498288982
371	19.697198857114714
372	27.157595900139242
373	16.394168731212847
374	22.89128794746124
375	15.354409839507609
376	19.812635302174286
377	18.720560061119613
378	20.307653221422807
379	16.959200785867363
380	26.02467076201298
381	17.457489172455784
382	17.817107605329646
383	20.150986358368147
384	19.18853867461547
385	19.970235110002104
386	18.009781595625316
387	18.250867123689385
388	20.814521356205223
389	19.752729827444032
390	18.577515946606873
391	17.746423740391965
392	16.35252289709024
393	20.294053438598787
394	19.60516798662953
395	18.418393252508395
396	18.05808691188934
397	19.298253584407995
398	16.647771651204675
399	17.26536980779537
400	16.27015331638744
401	19.685709293356414
402	17.74759193729759
403	21.350846326166618
404	20.347537872970733
405	16.38994144364991
406	23.013091094222467
407	18.395281294581764
408	20.055072567863842
409	19.062579266194316
410	18.28705410728813
411	16.764049476173568
412	16.529421077090923
413	17.026794480221803
414	15.378461563964779
415	16.991819214304574
416	16.802514551979012
417	21.06536507558431
418	17.997657122132217
419	16.833683298988653
420	17.06495123255279
421	16.26129433739258
422	16.820903446738374
423	25.415474009339555
424	18.423283022213727
425	16.309967015133324
426	17.375704742293845
427	18.771695869083963
428	19.664279849460478
429	17.694593467705232
430	17.92191543610158
431	18.824240318882595
432	16.12892163747165
433	18.019838659553788
434	16.48274351061187
435	21.419815716693517
436	16.55743961819437
437	15.923059756540873
438	17.297779094684994
439	17.278986724749025
440	17.852761607730322
441	20.387578823877266
442	18.526392411471765
443	22.296443281972316
444	14.790799921180339
445	20.36208227442751
446	16.601804394478165
447	21.040837182011455
448	15.144996723884251
449	17.56815171700492
450	18.59713156865966
451	15.431854428856685
452	17.65728658522062
453	17.828531010988744
454	17.246043132098286
455	17.374266465435475
456	17.979892734092427
457	17.759634522060406
458	16.890307406657374
459	16.62142303888686
460	17.3905446493349
461	15.88904991162845
462	22.119529920795824
463	17.409868661414173
464	17.844445809288622
465	22.75762196401367
466	16.713365438397258
467	16.76900883196973
468	20.01358310710639
469	19.493744078377496
470	20.528513165129315
471	16.45741356785314
472	16.38990058094946
473	17.212476605460065
474	17.345996748259996
475	16.45483344448213
476	17.98025543382068
477	20.896785423465904
478	16.40252516158701
479	19.74650011676713
480	22.156251885034145
481	17.412390536729557
482	16.313932562782146
483	19.329738375400968
484	18.844826339372958
485	18.62025463242753
486	17.018034268549474
487	16.443805714829878
488	17.87402613101527
489	17.40729225458862
490	17.47784412266041
491	16.60830789202348
492	15.593327091873027
493	17.20409522312203
494	17.77123995771988
495	17.36825979703135
496	17.809573299795158
497	21.81903304970295
498	17.416734982778305
499	18.078946452611127
500	17.811456564037336
501	18.604730249797846
502	17.75776969832909
503	17.90559368272079
504	17.635637304201598
505	16.86014211626733
506	17.69286325544494
507	17.165040136802883
508	19.032636109236098
509	14.977323807980705
510	18.050428644370506
511	18.077681261891268
512	20.95442476044186
513	17.701646950631403
514	18.41449064430315
515	17.8761154660484
516	26.587093351379057
517	17.10674157644072
518	18.60647966292454
519	18.423765883273447
520	17.743961945463447
521	19.7251960240724
522	17.02705202782075
523	18.51025432647393
524	16.684580306854198
525	25.64650870943675
526	16.13480024110948
527	16.19999220980228
528	18.520681094600853
529	19.600189325851062
530	16.46380785820995
531	15.880586579726595
532	19.255060150169303
533	14.764481478565655
534	19.951462386285815
535	16.28166829540968
536	16.385346915078628
537	15.292002317327789
538	20.691828829923555
539	17.153353495637706
540	17.825964090044405
541	15.299309357918412
542	16.247535267464208
543	16.429927633847825
544	17.601518013815653
545	25.96079575083636
546	20.104871077663265
547	22.179939890433648
548	17.765681453036482
549	20.716705469271982
550	21.45843285414426
551	21.796346024847782
552	18.849498552674262
553	20.96690408274083
554	18.25049870850984
555	17.9889691987353
556	23.062182277114648
557	16.70199728662484
558	18.45459068590814
559	16.397811323352233
560	20.593596909854245
561	16.77598302534607
562	16.47778073018526
563	19.11387750874424
564	23.276921577695756
565	15.561504685763156
566	18.1160233669891
567	18.269739969724323
568	15.65058396818582
569	17.171255187639165
570	20.494640178398694
571	16.712938096705454
572	16.91612024015747
573	18.20602836991866
574	17.25847725286847
575	19.344222158215977
576	17.07011179437681
577	19.62193161106484
578	24.00069528408226
579	23.0556255201553
580	17.799174466844168
581	20.820837331472145
582	16.78941060450227
583	18.60802616665695
584	14.860270076872743
585	16.15867094878573
586	17.353057944348492
587	18.867142468373963
588	17.910280102321412
589	17.225425372403116
590	18.983411905420425
591	17.224188070366637
592	17.910496629159898
593	17.591682953825085
594	19.46634291853938
595	16.888498638952814
596	21.018808487330098
597	19.941971510478762
598	16.851519264877425
599	20.055358505331945
600	15.880019228279206
601	18.13409289139399
602	17.158172242206764
603	20.275706860692576
604	21.422826866903343
605	17.97857015390696
606	18.9664442836265
607	18.982927810637193
608	25.305366565416524
609	17.918839554921725
610	17.81140096225543
611	17.118141521525104
612	18.54130993376444
613	18.41012660882229
614	19.528614440688397
615	17.43333076579055
616	17.108165658327792
617	18.210510642676404
618	19.803203292084824
619	16.932373738524298
620	18.389892475689727
621	17.350281266660733
622	20.697779344584745
623	17.098562795390738
624	20.553835606707725
625	16.606419775085264
626	17.906459016655134
627	17.679719488326537
628	16.577982714916416
629	18.18114332237476
630	17.773112284101284
631	18.15470893593505
632	21.1523558357627
633	15.814654894450214
634	16.619519359233824
635	18.179164857629967
636	18.53832600074584
637	20.740195166643243
638	14.676939589281877
639	19.80854449871126
640	15.729079072903842
641	21.202077443318803
642	17.920423772846434
643	15.161678257501787
644	19.362951934989542
645	17.025918197474983
646	19.343184898002825
647	18.80541311138538
648	22.47509728164827
649	17.09978997446131
650	18.093591087961105
651	18.218140285429193
652	18.712474979927663
653	20.682519388855436
654	17.101291244106488
655	15.518707123954835
656	14.564519381658304
657	16.700203569272077
658	19.918593741026708
659	18.92998008656083
660	17.462872394320776
661	17.432774316997413
662	18.615580276137916
663	18.66704528859506
664	21.71861448981849
665	16.742780515942478
666	18.270246529282982
667	15.877419818059371
668	19.8256882838284
669	18.302618668257743
670	19.651658613151923
671	20.055734560604485
672	17.1717471992301
673	16.669434996485926
674	21.785669550409768
675	17.560206238894562
676	17.009055961249
677	19.54019717397256
678	18.529989505046977
679	17.899479081277605
680	20.211072099726433
681	19.906871860714343
682	18.060733550173147
683	20.898826071001633
684	16.596861770099107
685	18.77956491957934
686	18.443958851324698
687	17.40436643074256
688	16.977942174623248
689	16.925973789388593
690	21.642936321161688
691	20.90822887063725
692	17.819657599497415
693	16.207364193045112
694	18.34912285264116
695	17.93450083296361
696	19.601678356884804
697	17.531284492021722
698	18.603806093040053
699	23.82553201802075
700	19.01196396101786
701	17.96765250023058
702	16.605329343686314
703	16.902870971766344
704	15.82326363916036
705	17.089358468965063
706	18.03617215256375
707	19.9210213730772
708	21.667591912628605
709	21.42472143638879
710	22.87279166360741
711	15.621101842274786
712	19.7674760160132
713	19.80884095203524
714	18.828063411486294
715	20.13105469034817
716	17.53270028637
717	17.203842818099808
718	15.933243563224096
719	17.896726040031865
720	17.23481734591893
721	15.856603195839044
722	19.006776579094176
723	17.093198514247504
724	16.35409017148612
725	17.95406206815096
726	18.3228519358325
727	18.63932931656769
728	17.806891549332505
729	17.64197276182413
730	16.92590294936478
731	19.17884201454894
732	17.819050322876798
733	16.05046395047806
734	24.506536657256074
735	20.073101138412184
736	15.672473128458174
737	26.730928977095306
738	17.14174228020366
739	18.59912001648084
740	17.776722849041107
741	18.054464220760078
742	17.784799783138514
743	15.155818414472213
744	17.93640115174335
745	19.80529106061721
746	19.418692749125924
747	17.319571910373305
748	18.28581210070297
749	17.65617635615975
750	19.889892660896294
751	18.699542861879117
752	18.645826621039305
753	16.285200153391344
754	19.430385945808027
755	15.41399961186754
756	24.17300541506946
757	22.10603853602363
758	17.285193311325273
759	17.024065270498305
760	18.748009990230365
761	16.26238966862025
762	17.106105552255176
763	17.842606773581355
764	18.104916540743393
765	19.34169766418636
766	18.01806439944543
767	18.733793396157242
768	18.832586955372243
769	16.403973034147153
770	16.7480242997083
771	19.58738686581913
772	23.091583296897657
773	17.179168487308143
774	17.55394396734922
775	18.666988405522716
776	26.552827876398805
777	16.83896786185841
778	20.18225777085172
779	18.30841464088836
780	15.860428905000887
781	19.108116936036385
782	16.90738081562614
783	17.292133429271633
784	18.421034223370953
785	17.311893095931058
786	15.873226398845738
787	16.98932496505091
788	19.014256346417824
789	18.075705584441312
790	17.81668408495952
791	18.259547564065866
792	16.22254710718839
793	19.454219129395206
794	16.302963170218703
795	16.111333828561733
796	18.29965207267533
797	16.91649813275047
798	22.757044674871537
799	18.658232889048296
800	15.833437792615175
801	19.605655508209434
802	18.45546633120768
803	27.358958699162788
804	18.647953422039283
805	17.486283672147692
806	28.300163833466357
807	18.598428342161093
808	16.323755645358965
809	17.055268072918448
810	17.089067035315868
811	16.346163513991996
812	16.112894590842657
813	17.701342780127238
814	23.225453623616584
815	16.80453802331169
816	15.775727977824644
817	19.648299377780667
818	19.79723427396506
819	20.433876732460288
820	17.398125524702106
821	17.175876616145253
822	16.528608014748897
823	16.217491048812757
824	16.954371708669296
825	17.00238502901503
826	20.161831829310394
827	16.545318442206028
828	17.62439169496167
829	27.849463196496945
830	16.906859878369414
831	19.745769787969632
832	18.952265137861104
833	19.112298408995514
834	14.5162569518109
835	16.814894382813293
836	20.049477253109217
837	21.526289511857883
838	19.855948620189853
839	16.400120207367937
840	17.231862616202385
841	19.27619789636288
842	17.89575017570751
843	17.12498549450839
844	19.08251456263735
845	19.244334650081584
846	21.094348905138162
847	17.065862392226972
848	22.45922505216424
849	17.23909921243321
850	18.66050405304672
851	16.821660528046248
852	17.429315351163456
853	19.096176251443786
854	18.771872620332942
855	17.704022319132594
856	16.74991259735048
857	18.29927431705424
858	19.302551503121826
859	16.52283780240703
860	16.74824977616081
861	16.59047441949628
862	20.15844891655676
863	26.171678810417163
864	18.52934442964878
865	16.07960416857386
866	18.321000948851538
867	15.800718356723937
868	16.574230615398847
869	16.550530467222696
870	19.140370331396362
871	19.867354067738255
872	19.355390442866145
873	16.825066694647987
874	21.427906549908222
875	18.141630345769226
876	16.090017288298423
877	17.19393699491164
878	19.402408094992943
879	16.44237550114747
880	19.803594783363355
881	17.713511146919867
882	17.17251884239027
883	16.52175453533495
884	20.03843601605219
885	17.868592412427773
886	17.952165816402864
887	16.095353872520896
888	23.17811853967065
889	20.438360442625076
890	16.739570862223523
891	18.249133653729224
892	18.599780335009836
893	17.01309429454089
894	20.106632961868307
895	17.282034926870104
896	20.02172539185962
897	18.902119445072582
898	16.27338748760056
899	19.29393068629165
900	16.922573723104506
901	19.240336453853807
902	19.360552238091866
903	18.287326442860465
904	16.15503650656901
905	17.01325853918679
906	16.339310491422385
907	16.90896032006247
908	20.28301707897335
909	16.806773810397967
910	15.749558347900507
911	22.6008182159674
912	20.009062390089966
913	18.136278862271695
914	16.983567571592644
915	18.164502451706905
916	17.121457119963157
917	20.21244489686125
918	15.262731756159784
919	18.819411817744797
920	16.439188656833103
921	17.183970000517245
922	20.4070320181099
923	18.810226745922893
924	16.995074212319928
925	17.035374277110677
926	19.198409909858334
927	16.124214712547275
928	16.990158519649412
929	20.81710138987517
930	18.893444553001373
931	15.852067658311821
932	17.79639905305751
933	20.969385572116796
934	18.543379615109668
935	18.734548548466893
936	19.462968382336967
937	18.261185144018583
938	20.843685674660193
939	20.132650167569338
940	18.949781057849417
941	18.07348188764795
942	17.797392207635234
943	18.774755173622488
944	17.33168147301034
945	18.475515388392765
946	16.637175430884845
947	18.087883124281888
948	18.811368721255565
949	17.90320470926491
950	16.620163799916003
951	18.9688454797478
952	20.831094427269207
953	16.649116858190002
954	23.316142188916274
955	19.645547478674498
956	18.831838383788707
957	16.720314269633963
958	21.380689962317742
959	16.99162232398521
960	17.989090075405034
961	16.87173320780965
962	18.748187705362216
963	15.72638676858519
964	18.195137416755315
965	17.07236158275127
966	16.016878045136977
967	15.961733536812972
968	14.977352763264207
969	19.412020071477887
970	21.55449448814493
971	17.781670018637087
972	17.75387088452466
973	19.40181404705392
974	17.65727434591856
975	18.75978493445781
976	18.35463883103304
977	20.77164940105066
978	19.132117513860575
979	18.803422517548487
980	18.671815327489487
981	16.855530694608987
982	21.427210922737412
983	16.822250663480524
984	18.429171850427803
985	16.816281147106565
986	15.933701736512594
987	22.02701583108594
988	18.323189318849472
989	17.97372920249123
990	16.695793702529876
991	14.307712467583192
992	19.87251496374827
993	16.97116792232031
994	24.343638250081696
995	19.932719723057623
996	15.72673528666171
997	19.354047045810148
998	19.72559474382138
999	19.019520330321974
1000	17.698603879623214
1001	17.635553441537347
1002	19.401407381362173
1003	18.487328886322008
1004	15.117938776662964
1005	17.562589922190842
1006	21.197724296206186
1007	15.726323341266394
1008	18.228239933331498
1009	17.60588006050326
1010	17.601369262917434
1011	17.257827513195622
1012	17.12332975982766
1013	17.999108946919442
1014	22.99462181940675
1015	19.45451316542225
1016	16.73143927477047
1017	19.646556319670932
1018	19.124655234213506
1019	17.626785156073396
1020	15.959215005761425
1021	17.846592349356797
1022	21.69416268356403
1023	18.447774755754182
1024	20.996026118125883
1025	16.042482209289446
1026	19.652435241785135
1027	15.922544420300575
1028	19.917314243306848
1029	20.19649109189682
1030	17.665319802976835
1031	20.1156913352455
1032	16.956709427117413
1033	17.926865145661868
1034	16.00574108781526
1035	22.332383508313256
1036	22.2953898932142
1037	16.689089372580828
1038	22.18892675818097
1039	17.10876548154999
1040	17.71351135546242
1041	23.518095738320458
1042	21.161369112061127
1043	16.524734444049262
1044	18.835168478738826
1045	16.436777791456894
1046	20.118531539288597
1047	18.598488655345058
1048	21.036617369875067
1049	16.79481997296229
1050	20.68920445892339
1051	21.7779298287211
1052	17.888993362467247
1053	18.540356721840798
1054	18.624379517774408
1055	15.822735588853671
1056	19.992108547161074
1057	17.085244728566614
1058	19.54299035006149
1059	23.898182531479204
1060	21.186556102761713
1061	20.00645395941026
1062	19.31808501016757
1063	17.669188856545293
1064	18.362602206146075
1065	18.123981257754398
1066	19.60058939106611
1067	17.54303892475531
1068	18.055718011645755
1069	16.84065570501197
1070	18.597781433155326
1071	18.627567688365364
1072	17.329202497024635
1073	17.743695051772846
1074	17.591470598289742
1075	20.206542842193112
1076	15.762014402376831
1077	17.486566241597757
1078	17.282429002032586
1079	13.654170597149795
1080	22.355883558872154
1081	17.64193209626246
1082	16.1327333755867
1083	18.476973852195794
1084	20.981726195289806
1085	16.19911526609212
1086	24.195190996023676
1087	16.073614224311896
1088	17.88547324848392
1089	16.822937317988835
1090	18.1478234052726
1091	16.916595932047738
1092	19.35293591864077
1093	16.976170020960126
1094	15.02161215176416
1095	15.572518074479886
1096	16.341381867639722
1097	19.170205955581512
1098	15.836979627771694
1099	16.80697423683887
1100	14.82537570632561
1101	20.367677996627016
1102	19.857268685260543
1103	17.75960874842202
1104	19.23540733597068
1105	17.7669975985487
1106	17.408854108245578
1107	17.99398624509313
1108	17.105352832854056
1109	15.264062671805732
1110	18.16700995792724
1111	17.101449476763566
1112	20.007384581357176
1113	17.315472857947363
1114	15.50226289298667
1115	21.126654645050877
1116	18.01856817987795
1117	21.38922791801901
1118	27.428709686160662
1119	17.943901391732506
1120	19.468618431654757
1121	21.833709148998604
1122	18.51231816501868
1123	22.393102711759553
1124	17.37405310441326
1125	18.817904865282568
1126	17.73462874351914
1127	17.699673177171498
1128	17.841553231476595
1129	16.467835463290104
1130	16.247632776300403
1131	14.73667738817861
1132	16.907934807966527
1133	18.687177183518056
1134	19.788395117519908
1135	17.770231699333525
1136	17.59871645228006
1137	18.53409240583889
1138	18.556784636736307
1139	17.451571549066927
1140	16.401586563154858
1141	17.367340362328832
1142	15.490967827620915
1143	15.307093043639767
1144	16.372537603017694
1145	18.32561879438397
1146	17.25875259930629
1147	18.841584700270772
1148	18.960587253695767
1149	16.890637767113123
1150	16.125418012794107
1151	17.3977642664453
1152	16.641218506768997
1153	18.80069852930804
1154	17.515410271248864
1155	17.306764438688273
1156	16.545379162789324
1157	17.016507545616044
1158	19.31380144803446
1159	17.119639968921884
1160	18.993440611879894
1161	16.070960193919017
1162	17.021201823281285
1163	17.124846027788234
1164	21.128332346362775
1165	19.190268574759454
1166	15.5500922337835
1167	18.433682373663608
1168	17.722495155887223
1169	22.537535782895116
1170	16.665868493447004
1171	16.92049218812026
1172	19.09386882215346
1173	18.914230253184215
1174	19.399047622939147
1175	17.681162720441964
1176	16.90079910359863
1177	16.44342153548011
1178	16.209528137878515
1179	16.402474251772077
1180	19.04669482839745
1181	17.313693219623527
1182	20.770471143471596
1183	18.695926825417892
1184	15.025288917893906
1185	17.20042501695454
1186	18.31965613273438
1187	17.110530732211803
1188	20.24133144868538
1189	16.82552729731348
1190	17.419701477512717
1191	17.529063355154356
1192	15.812372791545036
1193	16.28529152387472
1194	20.72839941527798
1195	16.769418893644417
1196	19.504837916884572
1197	22.52211082368158
1198	18.814979873740587
1199	21.04870096907123
1200	20.260682173599317
1201	20.458800808136836
1202	16.73108837993404
1203	17.743743900283192
1204	18.129216486321493
1205	15.453762331827116
1206	17.753625876240513
1207	20.11640411130618
1208	16.898295065485872
1209	16.622852212525903
1210	22.877815957946172
1211	19.233025622577408
1212	17.040662579992343
1213	17.576471827149362
1214	18.766882728478365
1215	18.19086379976943
1216	18.565658928641557
1217	16.772398214393224
1218	16.831980133412237
1219	21.24624949198551
1220	17.91437469611669
1221	17.131478154477826
1222	21.308983398997224
1223	16.09548626346643
1224	22.14512465048271
1225	16.642256703018212
1226	20.194797039004044
1227	17.168648266586505
1228	16.727731809680872
1229	19.068522212537935
1230	15.056600930528171
1231	16.641458849433462
1232	18.278008455162247
1233	17.166075844909454
1234	18.164438310882918
1235	17.509750640881975
1236	18.06355980272201
1237	18.880434411317978
1238	18.819274307314405
1239	15.790361036607065
1240	20.108396788397805
1241	18.42857637208827
1242	16.982216616348445
1243	19.14582849175807
1244	18.84980979922187
1245	16.880823934065518
1246	18.319145775849424
1247	17.90502819873739
1248	16.421788627393543
1249	20.053690967157088
1250	18.690532796762206
1251	19.374089782726514
1252	15.80090767202071
1253	17.822784579824656
1254	20.82106116930178
1255	21.990475098207202
1256	16.446994578936895
1257	17.656171820247547
1258	16.265067245382816
1259	19.445114100267265
1260	18.05373605248984
1261	17.90057281235155
1262	16.942364167846325
1263	17.051739867578725
1264	18.36440608691932
1265	16.623445912973608
1266	17.208796599797076
1267	16.60235311714724
1268	21.61716289271135
1269	17.685701135783276
1270	19.465465157656
1271	17.201103673175613
1272	17.715419120076113
1273	24.02397048403509
1274	18.29800891321536
1275	15.793173987326364
1276	16.320241531208158
1277	17.837683112974364
1278	21.020237503202885
1279	20.91402783772826
1280	16.872589796164743
1281	19.826982791118628
1282	16.81925676050671
1283	17.808190919221722
1284	14.980744107115445
1285	17.44713318439561
1286	19.417526498832128
1287	18.12482548518003
1288	17.20145429382101
1289	19.886448470490556
1290	20.354545475729484
1291	19.414543857360258
1292	16.557017089512225
1293	17.41731868163598
1294	16.298348941103836
1295	19.17635309449397
1296	17.123635313427076
1297	19.493813645811315
1298	15.957485283863845
1299	17.86574132709897
1300	17.7055126964278
1301	16.601128398744
1302	16.216194024309516
1303	17.400518790739756
1304	22.954458634715845
1305	18.088399070462113
1306	16.35457693581935
1307	16.8552112141949
1308	19.733731800061154
1309	16.31734486493282
1310	18.395857771784264
1311	17.503495341195958
1312	18.744821073544188
1313	18.82057140002482
1314	19.532453338837513
1315	19.449474342849626
1316	19.11180894654149
1317	18.30712500404228
1318	18.536977204131396
1319	19.16937716629053
1320	14.820587288508
1321	18.304589507799292
1322	20.393209173962916
1323	17.439273223372957
1324	16.94925555814374
1325	17.361884512076358
1326	17.962790619879442
1327	18.237104559723864
1328	19.253026879582507
1329	22.19727489884503
1330	21.174685351685945
1331	20.877910769646405
1332	17.70343095898055
1333	14.79552994465727
1334	16.869089776215045
1335	15.83616146690642
1336	15.58468398438905
1337	19.623488589631098
1338	17.62292718290593
1339	18.791205204855434
1340	20.42137244514015
1341	16.713554148123663
1342	19.359165346275244
1343	17.253828647128238
1344	17.555286317317485
1345	17.269172733608524
1346	19.259458868989896
1347	16.52663724789097
1348	17.96008984689359
1349	16.531354533521853
1350	16.131464821249246
1351	18.574420336433203
1352	16.477925156079667
1353	19.303283737963067
1354	20.74810751779936
1355	17.168447346165777
1356	16.60292385284096
1357	18.16909592289012
1358	17.093295610124585
1359	22.083324174096465
1360	21.512791817365216
1361	16.33215376016635
1362	15.86222650104186
1363	16.312207035709083
1364	17.91904091761292
1365	17.664553564033067
1366	17.595270822093717
1367	20.965927933702584
1368	18.40051728883644
1369	24.681454752818613
1370	16.128055443602186
1371	17.881778850437453
1372	16.666754980912692
1373	17.795770171449853
1374	18.62084461346348
1375	15.275982224723585
1376	15.271011116269062
1377	15.975702597550116
1378	18.10384135950737
1379	18.828087047766893
1380	17.588447870872916
1381	20.38833260805612
1382	17.440769831584984
1383	17.414929851504727
1384	16.543356069353532
1385	24.59292671114963
1386	18.06290576631669
1387	16.763515540341743
1388	19.68053885534531
1389	19.436156261293217
1390	20.061473911595638
1391	16.422370859243106
1392	18.72883362650464
1393	20.771418349505403
1394	16.541360244751203
1395	20.972995721718128
1396	16.13682552004995
1397	17.900786897481613
1398	16.622259183144198
1399	18.35451154716106
1400	18.738151089490756
1401	17.63672230143695
1402	16.972478614076973
1403	18.851817311224806
1404	16.719180335327493
1405	15.875981877173967
1406	16.042241186542693
1407	20.347325622869764
1408	18.947700501363403
1409	15.31317216949946
1410	18.2425850000323
1411	17.31276979161859
1412	19.48876244435716
1413	17.335323664080352
1414	16.223956148354336
1415	22.822719618228675
1416	18.94967469615832
1417	18.34314030310488
1418	22.597927487877314
1419	16.13726204873994
1420	18.53774865439776
1421	23.70241884658402
1422	21.045183021072788
1423	20.347077898913994
1424	16.941117168827915
1425	16.203540379089453
1426	16.888941206536337
1427	17.611065002882647
1428	17.529203586182312
1429	18.173767609866335
1430	18.251148188253865
1431	14.642931547892195
1432	17.73865359731741
1433	18.699586216899036
1434	15.177501939392338
1435	19.447344036107033
1436	16.544644441930576
1437	16.9473283567011
1438	16.98110912296627
1439	20.312067544260064
1440	18.22942644608207
1441	17.883372711223693
1442	17.365744127762607
1443	19.292158391127096
1444	22.14219272568356
1445	19.001075532663155
1446	16.04692296228231
1447	19.50494806610048
1448	17.81433586780568
1449	18.258697869000024
1450	20.66570890485309
1451	18.505959460083396
1452	15.884501220135846
1453	19.072916638156908
1454	20.02894586693136
1455	14.574529685597453
1456	20.41879490320207
1457	17.350395776524625
1458	22.04322714733369
1459	16.532042458519786
1460	16.05031786256486
1461	19.66647963944706
1462	16.276277535583358
1463	16.980429434590043
1464	21.067674918921735
1465	18.810012571746483
1466	20.753997239191087
1467	16.707141786762513
1468	17.850287978782685
1469	19.26484904784079
1470	16.756675862031532
1471	17.62776924317237
1472	17.353495053828514
1473	18.44632828725796
1474	18.149086373330405
1475	15.116109585568179
1476	17.506489207513283
1477	17.361661599413054
1478	19.652149548772975
1479	16.034353710651736
1480	19.721191677104475
1481	18.786037366185337
1482	16.178419037470594
1483	18.694428213224747
1484	20.94965959761612
1485	16.99157524110633
1486	20.002434653335513
1487	17.39204538812276
1488	15.823007142111564
1489	20.75982935779245
1490	22.748331441114154
1491	19.22694555724971
1492	17.201153736070005
1493	19.298218769254163
1494	19.11435525199414
1495	15.176403834187012
1496	15.807908740387008
1497	19.007631888561882
1498	16.06687697382178
1499	18.79708838469327
1500	18.373708351762033
1501	17.100247211754322
1502	20.25104641402535
1503	17.84345479593829
1504	19.27507949356202
1505	16.993636548690695
1506	16.664348111233927
1507	20.151653150818312
1508	17.6913751869098
1509	16.782376188018436
1510	19.12918749399978
1511	19.561224375127495
1512	16.338370204546177
1513	16.725493398467627
1514	16.800207109705724
1515	15.318036475059527
1516	26.815145855493366
1517	19.553206386762845
1518	18.125457277451204
1519	18.662960253011565
1520	17.865940869900218
1521	16.35230255262861
1522	16.744101036903448
1523	16.81568254943398
1524	17.422664331829957
1525	16.91894294090037
1526	16.989128584084526
1527	20.322104681710993
1528	15.487814019575877
1529	16.37377179464417
1530	15.999030204699942
1531	16.864652311094105
1532	20.764731571354787
1533	18.37871163591044
1534	26.07903917343897
1535	16.509261267657468
1536	18.05208631794228
1537	16.44980807651014
1538	16.674205614762858
1539	17.36327576963231
1540	19.507936079515318
1541	19.78451978599187
1542	17.478208245038985
1543	20.44719465936672
1544	18.254656274220906
1545	19.551452250767348
1546	19.91114457499085
1547	17.335780521896666
1548	18.189149210842228
1549	15.690356312366202
1550	16.347755956696346
1551	17.81808340396577
1552	17.255053204204888
1553	20.407710788560337
1554	16.300004913494924
1555	18.72022455231135
1556	18.534890510226514
1557	18.817971975072997
1558	20.360395969730952
1559	16.644490917716176
1560	18.168643242547247
1561	18.76493896994716
1562	17.88784117052637
1563	15.587826912575919
1564	17.382494654194453
1565	18.606515530887517
1566	14.76973160221574
1567	18.675611094165255
1568	16.246352128626313
1569	18.87147328879317
1570	15.833834698760946
1571	16.926985333482733
1572	17.56350115775058
1573	18.028241044054045
1574	16.015233262134714
1575	18.796916066468775
1576	15.406070386539499
1577	16.332176137234043
1578	20.26618394403652
1579	17.599813426382696
1580	16.66606851984782
1581	19.089400865915064
1582	17.72820237339956
1583	19.37578495757043
1584	14.979036461901464
1585	15.904353566177912
1586	18.046864444774382
1587	18.376779663425527
1588	16.827427064368845
1589	18.820767128612673
1590	17.712179597396794
1591	16.83803576355179
1592	17.925276480322747
1593	24.858030529571696
1594	18.992805549449987
1595	17.231415688525885
1596	20.12081239937339
1597	16.55983163732518
1598	21.907552104096773
1599	14.923034062460065
1600	15.316399024548446
1601	19.84490905031787
1602	24.377301978180185
1603	17.35592489329283
1604	21.131830710608483
1605	18.846379696786794
1606	15.853459106864529
1607	16.038538335803437
1608	19.97525629271331
1609	18.093865499128587
1610	18.510473602321433
1611	18.92769810042344
1612	22.303412197727432
1613	16.365538380352433
1614	17.437852281895466
1615	19.2349164180737
1616	15.919164018985834
1617	18.28303882589235
1618	18.338833872487562
1619	18.771898224101385
1620	17.424001350495118
1621	16.53689833176193
1622	17.314857938232947
1623	17.532132940310984
1624	16.901608752589674
1625	15.819119034335017
1626	18.2874855064179
1627	18.532540977008246
1628	18.486501434124076
1629	17.934375367614678
1630	21.610804408576275
1631	17.116020219177006
1632	22.911671928505207
1633	19.23949659850138
1634	19.559967204229906
1635	17.071937504913063
1636	16.94636844455575
1637	18.527266949880868
1638	17.247302382697605
1639	20.519802479702047
1640	15.388215484936874
1641	18.295267060329206
1642	23.75094909351995
1643	17.387628916930407
1644	14.728244626905951
1645	20.178246656618285
1646	26.307054207543842
1647	18.139625200498198
1648	16.03385480569341
1649	18.126521863492727
1650	18.487770813080203
1651	17.629180959891528
1652	18.17041936149326
1653	16.96618940277646
1654	19.29885871096566
1655	17.57080001123315
1656	20.10200948931015
1657	17.18511120529428
1658	15.955585068166856
1659	16.514836493383715
1660	18.64318642472407
1661	17.098635282469687
1662	17.746869788412006
1663	16.910562672619626
1664	16.561676618247294
1665	21.525804854737466
1666	17.148110366642996
1667	17.94023522209376
1668	16.995037115278787
1669	16.32194996493479
1670	19.394694802456232
1671	16.767356977187866
1672	17.218917001572184
1673	19.314225412474233
1674	17.51592505533524
1675	15.231304629333318
1676	20.021334225805475
1677	16.214728156995157
1678	17.28092850867866
1679	15.602833203120841
1680	23.410328065518602
1681	17.39136293972434
1682	16.578068556157838
1683	16.513890601610765
1684	18.555779688629425
1685	18.836200900466952
1686	20.251613909944094
1687	19.47722737557943
1688	15.465135215880405
1689	15.80406534738373
1690	19.439611708868625
1691	17.417278466146374
1692	18.59025615683864
1693	19.54627499298929
1694	19.20530687035127
1695	15.166235117587231
1696	17.829731129177592
1697	15.241838693986402
1698	21.42011777060624
1699	24.47728265701469
1700	16.959459262754535
1701	18.809961642869748
1702	19.469846210001077
1703	20.60867885159982
1704	19.307129742951428
1705	19.016879700191662
1706	19.155425897523916
1707	18.973458203547633
1708	16.63292366158822
1709	17.850622592531796
1710	17.63770867253188
1711	17.63809165583128
1712	16.67725499152528
1713	19.24206505090826
1714	15.852256523066222
1715	19.4997706512195
1716	20.76587398177454
1717	15.82592888470999
1718	17.744529863504955
1719	18.980791224910515
1720	21.03450461515438
1721	20.495508023165165
1722	17.844699916946702
1723	18.227591925510204
1724	17.222835405623506
1725	20.681455640513448
1726	18.20568683110291
1727	16.6245867209382
1728	19.657358156199244
1729	15.963003821943591
1730	17.426782114249047
1731	16.667474567548197
1732	19.389158591773118
1733	17.289321008635063
1734	13.910275061052138
1735	21.370218586993182
1736	16.811823676596397
1737	18.244545946145713
1738	20.0758208829879
1739	17.701412060541685
1740	16.894880523742177
1741	20.705236616851764
1742	17.67646715857901
1743	18.9637944816112
1744	17.26417545746598
1745	15.881163760336399
1746	16.443469693822166
1747	18.046602701338998
1748	16.500001426590117
1749	17.95007861279417
1750	17.369310449140524
1751	19.18495463658738
1752	18.49671341302339
1753	16.00029283506288
1754	16.336041343732262
1755	16.105104211604957
1756	17.384412957053048
1757	17.358403189517556
1758	17.150268940537128
1759	16.860557365785777
1760	17.59580443927757
1761	19.64217020478962
1762	17.51437089065819
1763	20.653674798138756
1764	16.21147782476294
1765	16.666758313928632
1766	16.574987910419274
1767	18.710969674130055
1768	16.820668999623095
1769	18.900389896903654
1770	17.97606399818865
1771	19.856292753234364
1772	18.326189588759185
1773	17.96581998399621
1774	20.366087418935095
1775	17.942398040214293
1776	17.836314183596794
1777	16.509327788100663
1778	20.86666587303841
1779	19.864806870345113
1780	16.13891943255766
1781	20.283414166951335
1782	16.25416333042667
1783	20.219208206320182
1784	19.86125922723461
1785	14.260667385810867
1786	16.034731606850126
1787	17.887442338356184
1788	19.80541440331933
1789	22.990243025228235
1790	18.78682110749439
1791	18.73260433078071
1792	15.880714554350476
1793	19.456223205981875
1794	18.982859111330473
1795	16.447438732397536
1796	18.386049366304192
1797	17.737682119501628
1798	17.859684475437582
1799	15.79491392834138
1800	16.638184646563605
1801	18.837617686112374
1802	21.686967482945573
1803	22.41065591512961
1804	18.8696912162946
1805	17.09391043141484
1806	17.68253399923237
1807	18.164089899717105
1808	15.407098247236572
1809	15.57383719427315
1810	17.317074745034592
1811	17.747417075861193
1812	19.731116835558787
1813	14.555702211993047
1814	17.66465694702929
1815	17.477865579131652
1816	17.53436625501845
1817	20.667480253865943
1818	17.559645142265445
1819	23.324021597607498
1820	14.482665560117717
1821	20.493378924320524
1822	16.829456331824222
1823	17.548611094783013
1824	16.599681002353318
1825	19.240935755882322
1826	15.587824646811931
1827	21.27775734074021
1828	18.35113822944307
1829	17.823296440654975
1830	18.229041174259038
1831	17.78155702536746
1832	16.10644084548457
1833	17.975530348485336
1834	17.430478700628633
1835	18.977055239201146
1836	16.494677819405567
1837	17.482507959119975
1838	18.000499778589624
1839	19.899914101956693
1840	16.04943629376228
1841	16.590880347836883
1842	26.02846349948576
1843	19.69096707221979
1844	19.41487131552276
1845	17.643293666022988
1846	18.230258981534984
1847	15.976464750913337
1848	18.888829365945423
1849	19.109552002502607
1850	16.199944715808204
1851	17.188282640744816
1852	20.47736655954941
1853	19.303720865906097
1854	17.391046853609044
1855	17.158686309958014
1856	19.338265466461465
1857	18.1176345277833
1858	16.493800530284375
1859	16.530456581385806
1860	18.02648615734186
1861	17.49172574173038
1862	18.60255805628064
1863	19.31818157369465
1864	18.44371463096774
1865	18.627693497376857
1866	17.490891927090505
1867	18.688595205644592
1868	19.528411115654308
1869	23.87789869647971
1870	17.53084062976349
1871	16.696678990233018
1872	15.581431280533055
1873	16.953937685402874
1874	16.30105594933654
1875	17.820454587331042
1876	19.364691995456
1877	18.538361941929907
1878	15.64914223263299
1879	16.3726162036426
1880	15.997334215316203
1881	17.467375805541916
1882	18.390437933973708
1883	16.188303109104744
1884	17.398794324390526
1885	18.790801540829328
1886	17.01148725870169
1887	17.441392335144556
1888	16.971925633975715
1889	16.728244814248754
1890	16.65431501369154
1891	17.092964822347277
1892	16.97528158203716
1893	17.964097855252408
1894	21.97768489511218
1895	18.02718789512757
1896	20.272273732876208
1897	16.35630983242946
1898	16.80258122729603
1899	16.279043529037153
1900	18.194090690704783
1901	18.79834744991457
1902	16.713634147248232
1903	19.873041227684272
1904	18.231145656616427
1905	16.825236386743356
1906	16.331535504616493
1907	16.43412308960238
1908	15.782953051805267
1909	18.789976559153537
1910	18.108455488330595
1911	19.14991478108045
1912	17.1729382564055
1913	20.89335207669996
1914	20.256297704784135
1915	15.429362072132875
1916	18.437240872378375
1917	16.357869164643084
1918	16.698830996661993
1919	18.29296008246968
1920	15.765729899853902
1921	16.681211521186924
1922	18.521152326992404
1923	15.809815559262896
1924	17.49620669489485
1925	15.951378036821964
1926	17.60882374021905
1927	18.027177589153055
1928	18.3682543169914
1929	17.004880681787853
1930	16.796684062464234
1931	16.073628971567377
1932	15.798249653354286
1933	16.43271214234643
1934	16.869370216612722
1935	17.53195880532135
1936	18.5382111806315
1937	15.278885491658002
1938	20.378674306155165
1939	16.830845995247365
1940	21.03676356039553
1941	19.8543765756824
1942	22.01623047524667
1943	15.613993755421571
1944	17.8469039701645
1945	19.65554764894142
1946	16.837766510934063
1947	19.592831509127283
1948	16.192797853960656
1949	26.252392576278385
1950	28.750383989063952
1951	18.01793353094131
1952	17.82569701237932
1953	17.726491518880657
1954	17.613900112464197
1955	16.11292602537599
1956	18.556284947117092
1957	21.148346485353485
1958	18.243998740697606
1959	18.888281825012527
1960	16.165356537007966
1961	17.06741047591556
1962	18.416940559814684
1963	19.43889218926711
1964	20.487739087517355
1965	15.476405318579351
1966	17.392602933565065
1967	17.452554059907254
1968	22.70659783788491
1969	16.89310306298236
1970	17.04565293041058
1971	17.202371785392945
1972	18.522163858573187
1973	16.41156360737552
1974	19.21977271524688
1975	15.812929980092562
1976	30.024843125013895
1977	15.805380827969287
1978	17.939346314481412
1979	18.542767143109813
1980	16.390346946584625
1981	20.17805470877995
1982	17.311184972221962
1983	18.828462138818576
1984	16.44266202068422
1985	17.887339783426036
1986	17.811385272812146
1987	17.791912428776413
1988	18.6796784610115
1989	16.86007825777931
1990	17.993040229855318
1991	19.008012215017942
1992	18.906146708396736
1993	17.278386143915768
1994	16.448681838051417
1995	16.783227634467185
1996	16.91965627701953
1997	16.02551141557827
1998	17.361960461551096
1999	23.315810170183937
2000	19.90570902582366
2001	17.745392282967245
2002	17.0607099976603
2003	19.015460855192504
2004	16.853425072394312
