6	10.052027067302939
7	11.900352953681613
8	11.724042415507999
9	12.479508583331741
10	12.25181201355348
11	12.913976456510538
12	11.407767100379996
13	10.201825804922269
14	12.756962869224537
15	13.641153830233407
16	14.141860516598845
17	10.874450106746629
18	11.52830640423756
19	10.852794943607261
20	11.245654877357568
21	12.36900922898667
22	11.853147863010365
23	12.236747412457225
24	12.283921710543412
25	12.424572887224274
26	12.198618123867314
27	11.962398522394142
28	11.82717136839195
29	12.111031905997757
30	12.093290503824392
31	11.097488382431644
32	13.86184788396607
33	12.637846894451027
34	11.731163512090157
35	9.995031187329179
36	10.631180963228521
37	11.56508081289245
38	12.156438423149192
39	11.683552373099571
40	13.545248326105616
41	12.884992747131037
42	11.167231543626416
43	11.486049499517321
44	10.045578303034828
45	11.481533877596828
46	10.278629474460468
47	12.539446995780443
48	12.931572681137672
49	13.778510595070166
50	11.834343288754754
51	10.754303792334818
52	12.870113797137243
53	10.285556383393365
54	13.220998537622714
55	11.615401119995857
56	12.308835723612901
57	11.621660457762538
58	11.439742052182918
59	11.675446195342172
60	11.636273789813606
61	10.744983685829114
62	12.861014645485609
63	11.889276212101263
64	12.226029056496747
65	11.462949345749664
66	12.139312929114386
67	10.575282845980071
68	12.169628366139547
69	13.115156792087708
70	12.88616621792343
71	11.718528423023235
72	12.909905838614012
73	10.99071676277148
74	10.711144599554805
75	13.70312039486016
76	13.005640632160066
77	12.191204574820473
78	11.59689205141673
79	11.988231909723982
80	12.1677957510509
81	12.244514985159705
82	12.20285853185655
83	12.93802839363455
84	12.059190254219132
85	11.979613476213503
86	10.99437116329318
87	11.559379259236335
88	13.21715116214822
89	11.745836917845882
90	12.109702499084506
91	11.418534076380494
92	12.046504676841291
93	11.492588566369355
94	13.244179860500784
95	12.285697825053527
96	11.325934340870784
97	12.024159042814668
98	11.656869199015022
99	13.426324779480078
100	13.388506402896382
101	11.964298503873579
102	11.919064989187554
103	12.150448808702802
104	12.615378170472104
105	13.578944255097667
106	10.538224265185999
107	12.99230992555259
108	10.69590266923858
109	10.88083733230395
110	12.043862407028898
111	10.999375330155255
112	11.265982019255587
113	11.138888721785406
114	11.90545716357452
115	11.317030766825459
116	11.684182307755108
117	12.647338308443155
118	12.399530389370193
119	11.637377051150766
120	11.466826983451721
121	10.388719128293815
122	11.227686935717688
123	11.153594822710648
124	12.46697127766909
125	11.429003034436755
126	13.711459841243922
127	10.804512590219625
128	11.143265215706462
129	12.451117107943261
130	12.553218261958575
131	11.12201650653657
132	11.803018259903183
133	13.2996747013697
134	12.72890431808337
135	12.770721500973325
136	12.120051782443625
137	12.767154594188323
138	11.852206594493813
139	13.095556054146437
140	12.05232808513912
141	12.487175006683433
142	13.2481533852472
143	13.082824067155888
144	13.034646326620575
145	11.776542257886225
146	12.456539915252506
147	13.196534512291691
148	12.972018370739534
149	10.41707656729656
150	13.368737228885132
151	12.135060457096426
152	12.522681163440991
153	10.61741681330402
154	13.24594327367335
155	12.489001732429946
156	12.539074915727772
157	11.467530633423012
158	12.03222359738041
159	11.651524341440037
160	12.425436940087351
161	12.31944319458853
162	15.504900451236608
163	11.743263524759096
164	11.643308274055016
165	11.799683452207828
166	10.077010164784346
167	11.84347288518135
168	13.318895368934404
169	12.981120892773443
170	12.147550378414484
171	12.206364069061738
172	12.139192889179585
173	12.755378030198203
174	13.031271786947839
175	11.909707604227588
176	14.816844704592949
177	12.60674419204297
178	11.331848984812192
179	11.316452586873547
180	11.698223562086545
181	11.206647547524577
182	11.462064991461023
183	11.753718844428317
184	10.330627885469262
185	12.768553569523647
186	13.244693759148504
187	10.559770776314204
188	13.013963719035798
189	11.592882173860701
190	12.473075674248927
191	12.051916227425359
192	12.061520199239816
193	10.451863898758651
194	12.492139646086018
195	12.46112414165263
196	11.855674586859339
197	11.837310966545482
198	11.96762431006045
199	13.172695053094989
200	11.841289233450274
201	12.720738937332168
202	12.085468354485997
203	10.018829641362009
204	12.281407945076353
205	11.298883849821452
206	12.295467657100138
207	10.817195086170008
208	11.57277155694222
209	12.10957113414576
210	11.605691635055337
211	11.11437071895408
212	14.215732762252447
213	13.29137144975142
214	14.218351996476823
215	12.792297938419505
216	11.77994325080686
217	12.42598790100601
218	11.136302824306767
219	12.00294814734254
220	11.850404499734784
221	11.990574493049886
222	11.365582563952723
223	11.870778404215413
224	12.955834171039896
225	12.88632959220426
226	13.505284882133614
227	13.600681936358223
228	11.327041658184026
229	11.18175923951785
230	12.743733063914672
231	12.204784890725568
232	11.248973129409132
233	10.66921674805053
234	11.806748308473034
235	13.344695165954763
236	13.025231998212499
237	12.227802134290272
238	11.827403045061926
239	12.628520316688256
240	13.006260532986037
241	11.805682908826276
242	13.14246059733649
243	11.838028016143944
244	10.78027381037391
245	11.397430165591011
246	10.996047449136919
247	12.699922103487188
248	11.419260735209155
249	12.132359309292111
250	15.04575665173427
251	10.742165989905414
252	11.82359887576347
253	11.339064245026194
254	14.02257644754718
255	12.258312421569522
256	11.964010495569285
257	13.77471715043759
258	12.429979183306303
259	12.298294051309009
260	11.754936640482182
261	13.18580808057959
262	11.85407309516576
263	12.98897146169717
264	11.784160840354161
265	12.590715686192693
266	13.067691583364244
267	11.573420805108201
268	12.909779358446892
269	11.46727445065127
270	12.451286840842416
271	11.865856318280567
272	11.219654657067233
273	12.159260184041075
274	11.40455918389489
275	12.039749914372806
276	11.479796475551558
277	11.8620228405899
278	10.769648349723026
279	12.446550526939973
280	11.599265211332144
281	9.930561976837149
282	14.250986088178857
283	11.785444988952284
284	12.269798941352443
285	12.90515094822913
286	10.252043932423238
287	11.84789156737194
288	10.146141296497081
289	12.264325245298096
290	11.911561698948153
291	12.03599204109101
292	11.596067775986047
293	12.529196999358827
294	11.38678149771537
295	13.086445510553313
296	11.514061330235563
297	12.174700882006922
298	11.617242681168136
299	11.47506795413903
300	12.185381859776099
301	11.915946275106398
302	12.657303619331215
303	12.344617335589136
304	13.43107611014178
305	13.12391596406087
306	12.416336307505844
307	11.781167422964549
308	13.109673532152083
309	11.710307421883993
310	12.54585021090073
311	11.693238502636733
312	11.71857517278792
313	10.318457417597529
314	13.185375386223313
315	10.965835964200897
316	12.611020328461354
317	12.033705097094645
318	12.344331549237454
319	12.39420070593284
320	11.587848455259135
321	11.737673672963865
322	12.232556508366542
323	12.534932652160933
324	11.962219184293645
325	11.89774462151341
326	11.191463621543898
327	12.957479363234597
328	12.636740526606445
329	11.400404191107858
330	13.63484435826831
331	10.590260958837021
332	11.679081064703709
333	11.558760193423094
334	11.768535163428169
335	11.48614587884887
336	12.47831059928285
337	11.899361028699204
338	12.10249317786857
339	9.436336457619051
340	11.203735064798966
341	13.229531501253843
342	11.354574116310687
343	12.931842781019181
344	11.292059501006346
345	13.058464566936406
346	13.345233100983831
347	10.534940139454028
348	11.919646795887578
349	11.406156663101033
350	12.56424446390614
351	13.852960553260662
352	11.577820880436445
353	10.993259354558846
354	12.504037026328055
355	14.17772941883931
356	11.240458495048538
357	11.189351267634063
358	11.778701113315766
359	13.087138010384349
360	11.041990185716154
361	14.390548550735694
362	11.594173468659088
363	10.802760292598535
364	10.534381392673822
365	12.421576540361691
366	11.198692134969557
367	11.952603380146543
368	12.88624289946165
369	11.496763035927433
370	11.744588415394537
371	11.477817490149755
372	11.201125882145869
373	11.89469814127705
374	12.12706035116571
375	10.822184998802927
376	11.258164759300632
377	12.452856783068887
378	13.801132748323047
379	11.175298551866865
380	13.900405647304272
381	12.445642416055003
382	13.701646866170838
383	12.808189902221784
384	12.7776435454882
385	12.23758735654701
386	12.222684595961255
387	12.356950211079674
388	11.946477054848485
389	14.568354934430682
390	10.632050133211559
391	11.73645974067799
392	13.318347351696422
393	12.822292231816775
394	12.921085258494713
395	11.78642966451348
396	11.018143066851605
397	13.06386298037008
398	11.554004960904422
399	11.775198365935163
400	11.530308171020947
401	13.312678182308446
402	12.669361574936595
403	12.421732939557321
404	13.368301025928101
405	12.863312933084671
406	11.191782868257217
407	12.69516935716274
408	12.404202245645381
409	11.738456019986188
410	11.07766292642676
411	12.043795757635962
412	12.885483631567608
413	12.432135973284444
414	11.346873305153364
415	10.320555552685013
416	12.085160513757728
417	11.454706704908928
418	11.23151759555648
419	11.066294406287614
420	12.576076377960687
421	14.343067741272971
422	11.48982301876822
423	15.026673962711357
424	13.00115819619532
425	12.783882196613208
426	12.913746248895121
427	11.613783459073776
428	11.454902852818902
429	12.205553964002961
430	12.730403601772075
431	12.70752333467161
432	11.863685035992315
433	13.284872714539233
434	11.79188616954963
435	11.379399905878085
436	9.136880507221742
437	12.735400029632729
438	10.638438144108038
439	11.842620696920557
440	12.238138206455355
441	13.515918078829904
442	12.873132285392577
443	13.305857034170046
444	11.980852217643891
445	12.72479595609669
446	12.68060856516448
447	13.516945636110904
448	11.725330037506259
449	13.251167523894562
450	13.398895650250294
451	12.10899547210318
452	12.406585858624783
453	11.695436496255835
454	12.70705254847201
455	11.774838761460904
456	10.977777560550274
457	11.001204836159014
458	11.295314285538625
459	11.988338966085575
460	11.822502810275182
461	11.986802909623993
462	12.672021012678872
463	12.879770067533375
464	11.441950552327876
465	10.683126883792283
466	11.138321578259431
467	11.342333392951742
468	13.52141714370858
469	12.925936939757472
470	12.677705751132669
471	12.403039844380691
472	13.528110266537018
473	11.171551630131685
474	11.417061943469731
475	10.745715823581643
476	10.346649687936795
477	11.264307382912374
478	12.270421776652386
479	12.407363512589654
480	11.696388896540157
481	13.461127127332258
482	10.873768127814401
483	11.243696903300588
484	12.877956642126462
485	10.92472992385687
486	11.304672078820518
487	10.292919299822595
488	11.531177101290572
489	11.329183336859568
490	13.305090155042958
491	11.88786068208061
492	11.82005726471026
493	12.790150544370086
494	12.068915912418896
495	13.468738886880196
496	12.265649879322154
497	12.124283526696672
498	11.101447760778683
499	11.238353410048877
500	13.14261790667396
501	11.97711474999087
502	11.628708173182396
503	13.197204226735737
504	9.969715579762124
505	10.799638478707898
506	12.624431741180802
507	11.915477234204603
508	12.419002942270945
509	12.419152452211009
510	12.797860487024687
511	12.81301510797251
512	13.091861461424163
513	14.219833338152966
514	11.86590479623313
515	12.20082442918127
516	12.181264714786916
517	11.973102535902468
518	12.168279817742295
519	12.749507999338675
520	13.121697392183073
521	11.740139767899214
522	10.964212487350501
523	13.013019140285905
524	13.149766344843167
525	13.742138802476498
526	11.758646689338743
527	13.44442506939614
528	13.815340502114312
529	11.760013265991583
530	13.565127144162746
531	11.245304045405993
532	11.494774909854945
533	11.466553815317722
534	13.088808258694675
535	12.247843366370283
536	12.310541114687954
537	12.393672166741453
538	12.020416175802078
539	12.307756023093438
540	11.6593706342815
541	12.116023311408103
542	10.838312907507643
543	11.84856088586843
544	12.287913336219
545	12.826857745007146
546	12.109060037706513
547	11.322214823740069
548	12.393848636953267
549	10.962258006143383
550	13.339168402435327
551	15.263635665120091
552	13.239874741169983
553	12.601689250525087
554	12.58039628440747
555	12.353779549679818
556	14.011980034599627
557	11.371046872025964
558	13.152852976175685
559	10.462514943585525
560	12.194147876736805
561	12.42095041308286
562	11.125805930389712
563	12.541233932125449
564	12.798372402744876
565	12.207660662950259
566	11.530960955074988
567	13.058664298407772
568	10.752566786948591
569	13.974924682247403
570	12.64745929381752
571	13.604759539678243
572	11.352824971598844
573	12.043771616220262
574	10.911699833707763
575	13.052363329329529
576	11.999171296682174
577	14.499256476671214
578	13.690112124072146
579	11.429567531410916
580	9.218659304943866
581	13.805211256128839
582	11.634403270785697
583	13.040937577723525
584	12.220393690131605
585	11.91232359352643
586	12.032085941954781
587	12.024791501994644
588	10.559698114807057
589	11.583536125535224
590	12.124216324569156
591	12.696092952172929
592	12.396099471045696
593	12.3987768028129
594	12.902702954098155
595	13.141184634172047
596	13.72617972621431
597	11.66527654796179
598	13.298943155193946
599	12.688542879020902
600	12.40000334958313
601	12.410951221724972
602	9.887364904268178
603	12.007174943557898
604	12.057125512272647
605	12.421979971743315
606	13.80001931178763
607	12.953619486685056
608	11.607738035829971
609	11.579878265726924
610	12.966197977259677
611	11.270414211370129
612	11.897513167663979
613	11.479936649246762
614	13.046907329443806
615	12.554352586192113
616	12.371565769935842
617	11.938269687400732
618	11.590616075783382
619	11.375009751845417
620	10.54455951464063
621	11.805275028856704
622	12.04354618892761
623	12.062967624773071
624	12.58727367866959
625	10.311221648240462
626	10.609857806971727
627	11.00127974116582
628	12.981760718225916
629	13.51913849236111
630	13.222646072421831
631	12.192034605997227
632	10.20406719895878
633	11.243366799291993
634	12.424757939511133
635	12.850190561601526
636	12.285204164396205
637	12.769056995120911
638	11.114671465119399
639	12.177505261835176
640	11.92885125677972
641	14.088169589737879
642	11.100710089965206
643	11.597046389575361
644	12.012226099912684
645	11.395631216105137
646	13.268735863762137
647	13.942489544947252
648	11.93976231383504
649	10.051571567140249
650	13.081920297675728
651	11.146315907996419
652	12.748721453435296
653	13.006086136209584
654	11.918011527238626
655	11.69170695583307
656	11.278157577978595
657	12.256180654897785
658	14.465753952759163
659	12.37887418661874
660	11.662979481741786
661	11.10277320424627
662	13.42071170649724
663	13.212389696899255
664	11.65818189691477
665	12.161264045244584
666	12.685350936948618
667	12.831508867514248
668	11.541259410117915
669	13.126891625103662
670	12.508394530688141
671	11.567979606445244
672	11.805572310121377
673	11.425250370040416
674	11.005387607263401
675	11.960705012083054
676	11.573887139574314
677	11.316113751740582
678	12.448281185992528
679	10.607998150817659
680	10.14960178806879
681	13.250420393488215
682	12.471668954618508
683	12.424397354385638
684	11.102286487669234
685	12.464383799889633
686	10.888079129141989
687	11.106727587458279
688	12.141444502876968
689	11.925667749896613
690	13.54395646629564
691	11.378568930493202
692	12.192297261919261
693	11.763171553408029
694	13.629214287466871
695	11.271759123886005
696	12.63503764248352
697	11.130532373902886
698	11.20313419537153
699	11.876066544523928
700	12.75810943774625
701	13.278094793029595
702	11.865659466124184
703	11.167779540346237
704	13.512607300755448
705	12.412421637929842
706	10.860843669480262
707	11.027599293207459
708	12.290704308094323
709	12.482992776272887
710	9.981652145420767
711	11.865260685812437
712	13.237528643609645
713	13.434049162537452
714	11.6631413091042
715	12.369258274864738
716	11.270959705689165
717	12.27496787181331
718	12.025779417747309
719	11.901301752395845
720	11.287086972691627
721	9.671223161118105
722	12.050010993459221
723	11.930325611099502
724	12.643330224722517
725	13.265375583775734
726	13.596166543240004
727	13.533069689610663
728	12.361943466588855
729	12.341449550142334
730	10.373851379058324
731	12.634469211927705
732	11.995297737817868
733	11.969788526578451
734	13.088330202255747
735	11.850669201130845
736	13.45246490626596
737	12.608739371855336
738	11.43904152103234
739	11.80820001889515
740	12.927475182890582
741	11.981240908888614
742	11.949764714257693
743	12.07751392996629
744	11.107137320606087
745	13.270863695371965
746	11.764398952241754
747	11.202197830730046
748	10.451265572386253
749	12.200574265118727
750	13.050997790051898
751	12.951395852068488
752	11.260909279433285
753	13.11974266195204
754	11.968222777505785
755	11.170637776061673
756	13.10505363932212
757	12.511893809662157
758	10.293123800501538
759	10.777300514169232
760	11.886454585261225
761	11.906193052814341
762	13.412560113608682
763	10.829761577634295
764	12.422737715887793
765	13.078104462496972
766	9.86958996206522
767	11.966016515825565
768	12.688044332860349
769	12.098435768863142
770	13.241948194563433
771	12.590079354005866
772	12.56785147696829
773	11.83873616494328
774	12.388972655371097
775	11.526095691563873
776	11.94037131065852
777	13.988435151404701
778	13.112581502384273
779	11.823292835292616
780	11.4117618169569
781	13.102823474878361
782	12.430617179251081
783	12.103080025704307
784	13.03312292790603
785	10.341257662057789
786	12.296417968235732
787	11.68698330570381
788	12.070498230935568
789	12.710869567083387
790	12.380708131128744
791	13.314352139905427
792	12.13997511952109
793	11.802862070505912
794	13.185924240788962
795	11.498625469597755
796	11.160051981442269
797	10.215337864877977
798	12.992150464038975
799	11.804321633893307
800	11.272439157182816
801	14.401114452103881
802	10.741416222656724
803	12.54673478435628
804	13.021634725049017
805	11.606029642897193
806	12.399570965309977
807	12.67159544879687
808	11.343299194704741
809	11.781212002864446
810	12.66299480546904
811	11.548716678296152
812	12.24656335633093
813	12.802911522445466
814	12.711293327012648
815	11.932918390408824
816	11.046392543104178
817	10.358041182387387
818	12.995825541068122
819	12.85581102067538
820	12.540033723078002
821	12.61493508000613
822	13.86987074298035
823	11.271750459861424
824	12.875663350791791
825	12.973207866489563
826	11.357551631018092
827	10.996919058318445
828	11.054864829835983
829	12.408904375209797
830	11.536834297557583
831	11.626149476833895
832	13.374658042928345
833	12.773011893887693
834	12.231624621304217
835	12.849949654127057
836	11.388421814883865
837	12.405133213357269
838	12.894280688121217
839	14.211486170047595
840	11.911800399156553
841	10.716220603571
842	11.089806756014392
843	12.03294056860714
844	12.334645138844886
845	12.363175573559905
846	13.279464844174477
847	14.514599580422509
848	12.28377649365575
849	11.366833368350248
850	11.596636791214612
851	11.473962066242866
852	11.157077833116558
853	12.055989842010604
854	12.857562744885218
855	12.39103483587969
856	11.043913040576237
857	12.087727854455201
858	12.861050575670292
859	11.9649536056183
860	12.108148121284708
861	10.890088678064057
862	13.40960546463347
863	12.79283143217132
864	12.546127851474255
865	11.172629525021572
866	11.738984439078541
867	10.39104224365755
868	13.71182492519102
869	13.195026317461659
870	13.379771101685037
871	13.538526946535884
872	12.121591123353797
873	13.309462824674403
874	12.033252708686632
875	12.69994240598994
876	11.240543828705205
877	12.427021401386204
878	12.736912741970238
879	12.181832438911838
880	11.364868659671629
881	11.64620631548429
882	10.33560566411082
883	10.763874764971044
884	11.822761138294785
885	12.070237565141204
886	11.520744932575326
887	12.252850095820312
888	10.922578395569637
889	11.76437032366881
890	12.008228151481253
891	12.17048151062114
892	11.530027137914052
893	13.237428236519918
894	12.643488513643941
895	13.102080595901324
896	12.301963901913334
897	12.662834822513664
898	12.183310331752486
899	10.841392996866489
900	12.390881615337626
901	12.619687693715546
902	13.591355626046171
903	11.336627034549814
904	14.008715974564742
905	11.298875350914896
906	12.284515541290272
907	12.116660268138125
908	10.895809379634253
909	12.009228886008952
910	11.35231540618849
911	12.349296474438493
912	11.062298356351675
913	12.299536214016067
914	11.441684507143995
915	11.206694901250463
916	12.701675510390059
917	11.769419015812067
918	12.200356536009348
919	11.118673565555364
920	11.549605615108952
921	13.456491233366542
922	11.673266101090121
923	11.037251805352485
924	12.440308885645521
925	11.404410305593046
926	12.947880060823922
927	11.435116373115417
928	11.961954205296934
929	11.513765310170129
930	11.994601386809899
931	13.362760885678991
932	12.068732337192877
933	12.521044185719333
934	11.306081998548636
935	11.397596876694783
936	12.438792113624341
937	11.67585246815967
938	12.298185095532737
939	11.712876284221673
940	13.020361395538202
941	10.978230552077294
942	12.361379005996112
943	12.968518840289713
944	11.879940433039641
945	12.503705292540447
946	12.180577722092858
947	11.966600497415389
948	12.957747750976123
949	12.699941392854921
950	12.164069945336086
951	11.600476111909797
952	11.846590377618904
953	13.138195865965253
954	13.316041823173872
955	11.864545406624009
956	10.556375529073799
957	12.186191561529995
958	12.289919658585589
959	12.072910955371334
960	11.554741250952551
961	9.896876678257037
962	10.9739127317492
963	11.64321468785638
964	12.142945487091007
965	12.847287925770685
966	11.946359512224305
967	11.906246745294231
968	11.86598474631086
969	10.832208843887202
970	13.174816961476328
971	11.174733659095617
972	12.107718973862939
973	10.375776654686375
974	12.505025799633003
975	12.521998440879397
976	11.906214992045426
977	13.661948649025621
978	13.74154025237173
979	12.70354616327261
980	11.668309629545547
981	13.051206972596802
982	12.675118208804633
983	11.314527946347543
984	11.826096960962538
985	12.251836284619547
986	11.20683997318944
987	12.371172925661085
988	13.301988984301435
989	12.417542730727952
990	13.03274060766596
991	11.810173065785785
992	14.023101244749139
993	12.841139302419228
994	10.885577215707773
995	12.4576342912158
996	12.497050249071505
997	12.336703428595017
998	12.565441396265456
999	11.137395407364238
1000	11.84122670692412
1001	12.100403139863543
1002	12.441020883321762
1003	12.29643193281871
1004	11.825938820786542
1005	12.467012451881601
1006	10.786113490279684
1007	13.046234387842317
1008	11.966550775946907
1009	10.952744422126367
1010	11.933806016648305
1011	10.531943462629526
1012	12.304457659381168
1013	13.466528976593205
1014	10.23590069297643
1015	12.49247331157676
1016	12.490559254316254
1017	11.592269651686635
1018	12.327189254154089
1019	11.694766674680787
1020	11.448974728035475
1021	11.761526113047022
1022	13.342992823964561
1023	11.698399574866656
1024	11.762600295279602
1025	11.997750674127019
1026	12.753957418466193
1027	11.492612967504941
1028	12.890043892412601
1029	13.048123011637168
1030	11.891009297740917
1031	11.774131987253591
1032	11.518934097944292
1033	13.023798509551536
1034	10.403062006575055
1035	14.12674817966347
1036	12.893661065073683
1037	10.324997308935659
1038	12.812173147772198
1039	10.983441004605712
1040	11.39261663666604
1041	12.614106654908808
1042	12.81345622719964
1043	12.799467460122994
1044	11.915449464465896
1045	13.732594403161784
1046	12.096177879793185
1047	12.271400595729409
1048	11.477182291758558
1049	12.061284749250438
1050	11.4503241171506
1051	12.74600271286443
1052	12.8721684326366
1053	11.784157366016492
1054	11.393123147465909
1055	12.091945319557217
1056	13.015142398925187
1057	10.761575328703556
1058	12.538128951927646
1059	14.137616230048783
1060	13.18102471519766
1061	11.09525890101213
1062	11.947580496202809
1063	11.852067267638631
1064	11.926380763521108
1065	12.699757700708384
1066	11.615511064872234
1067	13.434959589842368
1068	11.23451287940455
1069	12.329794279969065
1070	12.751082655031322
1071	13.997031727404748
1072	13.134236774759557
1073	12.023061934060284
1074	12.632437085616402
1075	12.348572184030976
1076	11.104123191662236
1077	11.946226983540692
1078	12.56259602423083
1079	10.500246329258921
1080	13.413888557413593
1081	14.718123288078155
1082	11.809450397011824
1083	11.956198357565041
1084	13.191087955949255
1085	11.291124861971992
1086	14.50562474266626
1087	12.671620291609239
1088	13.65683322166248
1089	11.749717393540777
1090	13.755086822139743
1091	12.657736867444502
1092	11.588377138873076
1093	13.194648396400414
1094	11.483385417673906
1095	12.941236285310563
1096	10.761625736802817
1097	13.494304025026326
1098	11.848326674573833
1099	11.668257653844826
1100	11.7955675996332
1101	12.74059214923446
1102	12.262393875170828
1103	10.80414066762077
1104	12.614506901866248
1105	12.353737586134768
1106	10.809931983968484
1107	12.682033755665179
1108	12.602251135611109
1109	13.002102835638011
1110	11.555470479186624
1111	13.472369411358764
1112	11.902324387105182
1113	11.359904244608645
1114	12.054326805495657
1115	12.239248658763245
1116	12.079028868152818
1117	9.777949259748034
1118	13.068093124942314
1119	11.446971065432686
1120	12.31449169102901
1121	13.688386651429985
1122	12.657094689456883
1123	11.563965974038002
1124	12.386106476354014
1125	11.803162254812197
1126	12.31279153571952
1127	12.427598493008796
1128	12.377319720033224
1129	12.067696055397391
1130	11.828237145324238
1131	13.633680441054619
1132	11.30052418935917
1133	12.114433351560452
1134	11.466523032765835
1135	12.095253992573513
1136	12.928077327931533
1137	12.187220659359204
1138	12.019417233892124
1139	13.23566287040012
1140	11.888510886459025
1141	12.450768368163457
1142	11.093501051150573
1143	12.283811668154636
1144	10.263682519967135
1145	12.095054129949185
1146	11.876447722728534
1147	11.395600001902494
1148	12.674497492356403
1149	10.866867784177884
1150	10.879939892018834
1151	13.0139830178717
1152	12.116946744557936
1153	13.094628260196519
1154	12.322187740105653
1155	12.1281514156765
1156	12.033963906995874
1157	13.097479837352875
1158	14.623917023884133
1159	11.456678888815944
1160	11.986039397980287
1161	12.668392641888932
1162	10.295005257445155
1163	10.247938722587639
1164	13.422821455984376
1165	12.842485783030638
1166	13.682113461016508
1167	12.97258130064334
1168	12.686045279750894
1169	12.640906735905446
1170	11.787020547131155
1171	12.895909940756004
1172	11.573297247454455
1173	11.761097422150973
1174	12.317236985950903
1175	10.267412778455764
1176	10.909043823985163
1177	10.838141928054393
1178	11.334646469641788
1179	10.819497237187953
1180	11.738421912483561
1181	11.889370334742125
1182	14.305502861127025
1183	11.080015161423944
1184	13.306876536446476
1185	11.840247957171718
1186	10.848485953123916
1187	12.951520270847071
1188	13.066591074767834
1189	12.83887478679147
1190	12.713901149817199
1191	12.091220052995984
1192	10.43888620355477
1193	13.305782351400703
1194	10.617098770769578
1195	13.86899556990506
1196	10.945411052990139
1197	11.804710178938695
1198	12.45915281683793
1199	12.756370843216581
1200	11.889426992534517
1201	12.023396176367532
1202	12.838895291113294
1203	14.25503253724633
1204	11.701785305506903
1205	11.189103720225393
1206	11.944768042039042
1207	10.504838005009029
1208	12.936922344425692
1209	11.69258901727153
1210	12.909679674174123
1211	10.7154165741111
1212	12.287225476652385
1213	12.227795697267979
1214	13.179836906619709
1215	11.204626030608779
1216	12.30201753298001
1217	11.925066961833325
1218	12.839429427886865
1219	12.24282726662932
1220	11.757589704955794
1221	13.658486739330893
1222	11.145197209446147
1223	12.545999621028864
1224	12.94075791967603
1225	13.130548329679295
1226	14.196430366234077
1227	12.211763772461563
1228	13.10541527828512
1229	11.073840956123354
1230	12.377766452370755
1231	14.324498958705755
1232	13.022522404124695
1233	13.002050159644568
1234	11.588682381345684
1235	12.069449358045988
1236	11.108219372253094
1237	11.950537789269307
1238	12.016503643606686
1239	12.126361542070905
1240	10.820058321425071
1241	12.46691258020953
1242	11.54166104477078
1243	12.652862105797976
1244	10.616174537816551
1245	12.025420997238074
1246	11.326090913781497
1247	11.535222276905552
1248	11.036897931561375
1249	13.04230934890802
1250	11.9624575055416
1251	13.839480068169845
1252	11.785477591774372
1253	11.789302614006784
1254	13.03055181781439
1255	12.421922749263773
1256	12.77564975307323
1257	13.004970630267636
1258	11.399798213746786
1259	12.439271905508852
1260	11.721400793467183
1261	11.615450015789348
1262	11.037344230516325
1263	11.531024835795458
1264	10.951714677572319
1265	10.747815117419867
1266	12.661903454363346
1267	11.975880798911959
1268	13.584646506157393
1269	11.391198198204316
1270	12.227644526238482
1271	12.147625409641906
1272	12.497784033155767
1273	12.810923177531109
1274	11.942266105152667
1275	10.80575173498974
1276	11.630584749334957
1277	12.721622016729304
1278	12.487792455474846
1279	11.472927755223484
1280	11.739259636834808
1281	11.71561057385545
1282	13.441074944942468
1283	10.400492171319202
1284	12.760127003696796
1285	12.443305080174468
1286	11.981370957694143
1287	10.953763407838874
1288	12.961555055532328
1289	12.193315777685852
1290	12.260923499516634
1291	12.088478669180008
1292	11.122986048912363
1293	12.028158714511218
1294	11.148256766765067
1295	12.77214553769833
1296	12.639955635463897
1297	11.981440058792941
1298	12.039737239583499
1299	11.493039256776683
1300	10.867677678065375
1301	10.76324337575629
1302	13.505539554691708
1303	11.504853317401661
1304	12.764673523083772
1305	12.940099337397932
1306	11.536595504604824
1307	11.155812236655038
1308	12.192667620023713
1309	11.716791508787233
1310	12.429178917912118
1311	12.89229573347118
1312	12.873540974699427
1313	10.85441832523793
1314	12.989246806370673
1315	12.915888727021715
1316	12.382649875033405
1317	12.267864905573704
1318	12.69281735184874
1319	11.257015275613716
1320	12.382626202423126
1321	12.351686958491689
1322	10.901108364738961
1323	11.355799259988338
1324	12.116922653159127
1325	11.20729008410126
1326	12.278338549110819
1327	13.778240569134462
1328	13.620077751900276
1329	12.093380675712405
1330	12.719216779607814
1331	12.347634075990607
1332	12.335111066837271
1333	12.546269218723934
1334	13.469396551346613
1335	10.122509844517335
1336	12.210346584228853
1337	14.268688197282177
1338	12.76462190861154
1339	11.935577318728479
1340	13.327946364072462
1341	13.42527973071926
1342	12.788723917212337
1343	11.46005285184723
1344	13.037548596398638
1345	12.102657961874717
1346	10.62253423152363
1347	13.432251361819604
1348	13.382551041806279
1349	12.62776218262501
1350	12.473118192301346
1351	13.217019244649068
1352	11.126918296696832
1353	12.842599900858477
1354	12.984678096245402
1355	10.534375059631808
1356	12.385848438728136
1357	10.903924058505293
1358	11.975365352891718
1359	10.66196164731971
1360	12.296300971201466
1361	10.86118258689789
1362	12.008619011172819
1363	12.312664982552329
1364	11.055131827601262
1365	11.40977174242027
1366	11.904433911899105
1367	11.728572977160534
1368	12.631867531919852
1369	12.731983919684408
1370	12.330773913014967
1371	12.449249080485767
1372	11.16494160098955
1373	12.865513839624608
1374	11.514572861371562
1375	14.379903114489501
1376	12.690610132903592
1377	12.747330958368899
1378	14.083337573722625
1379	12.215134681631369
1380	10.93365052218549
1381	15.000073154298589
1382	11.005899258534468
1383	11.761631746675171
1384	11.746431667648721
1385	13.05648492759404
1386	12.248857561130231
1387	11.33564331323247
1388	12.194317379617132
1389	12.096367749059572
1390	13.23131611272471
1391	13.00062957699199
1392	11.83111000090139
1393	14.386493090381423
1394	11.921330028202473
1395	12.141667477929822
1396	11.778491325193533
1397	11.258145461391125
1398	12.369667821583183
1399	12.301929902457804
1400	11.91338020603871
1401	11.939658157623319
1402	13.300186453251323
1403	10.952111985973225
1404	10.926813496457827
1405	11.76941148871057
1406	11.398578999017795
1407	13.576197575321421
1408	10.904900906690662
1409	11.802627016341797
1410	12.097157349319835
1411	11.345193785095875
1412	12.005473813521402
1413	12.459067630176635
1414	13.345794224277293
1415	12.331700408188183
1416	13.741953639492083
1417	11.379911326055758
1418	11.764966357507122
1419	13.423831205029273
1420	12.799873724463396
1421	14.982186472806562
1422	12.338137547019869
1423	12.0161176470574
1424	13.886914297598802
1425	13.687622062081937
1426	11.0938310239331
1427	11.607038056547754
1428	10.51927513418788
1429	12.55737474913864
1430	12.885230453888653
1431	12.077474950679711
1432	10.483576068485325
1433	12.194124134160424
1434	12.460352663074017
1435	12.51403447940746
1436	11.932870264912102
1437	12.31823442899622
1438	11.833793817070099
1439	11.773277749210441
1440	12.482542064079704
1441	13.008340139683613
1442	13.082968394247521
1443	14.070367540773004
1444	13.319798937877641
1445	12.572066903056111
1446	11.521700568900156
1447	10.892018155117208
1448	13.147645262642376
1449	11.481809039841979
1450	11.367524966264941
1451	11.621067555327697
1452	11.235165038001945
1453	12.837188720392684
1454	12.026660302231365
1455	11.505380476592109
1456	11.475103150121868
1457	11.345225599700246
1458	11.756124115585791
1459	9.530545558866665
1460	13.225242526712025
1461	11.55343343952619
1462	10.850324472745083
1463	12.849823555990588
1464	12.413659469196572
1465	12.10804986778054
1466	12.814284810197673
1467	11.215299906364331
1468	11.59845021703846
1469	13.364468786508466
1470	11.842126756413982
1471	10.291199140017852
1472	11.299019992049715
1473	10.648878997482825
1474	12.621075256372846
1475	11.71374123118862
1476	11.877194884349592
1477	11.427126370930907
1478	10.731944817584008
1479	10.47137070761959
1480	13.716879050235729
1481	11.379082675339774
1482	12.002761139873959
1483	11.608446398371598
1484	13.351731372313694
1485	10.998456432031364
1486	11.748123101567128
1487	12.795906956828688
1488	11.468212525837036
1489	11.56763149015778
1490	11.918948136103738
1491	11.758305595450414
1492	12.952985658008537
1493	12.806904416835796
1494	11.589595135949951
1495	12.33562038343071
1496	12.599056680084624
1497	10.888896046749627
1498	10.441860779393464
1499	12.278630996156219
1500	12.614439095952548
1501	11.382613039080752
1502	12.759882241675559
1503	12.362968637364073
1504	11.947577863293528
1505	11.162362418465179
1506	10.523880313275315
1507	10.758533734143437
1508	13.336801697295442
1509	11.582373296115547
1510	14.134937947189124
1511	11.717877350932245
1512	12.660629468513653
1513	11.836475338452779
1514	12.20448024907992
1515	11.733833895418448
1516	14.973598979052621
1517	12.384676968886717
1518	11.51019642701269
1519	11.08906542060431
1520	11.349020987654242
1521	12.741038619906508
1522	11.069992182213658
1523	10.959196144594225
1524	11.645855613629378
1525	11.245317326886031
1526	13.799286418119804
1527	11.669279474928043
1528	13.512582510841362
1529	12.782044374913877
1530	12.698499032049714
1531	12.667364358349005
1532	14.117127127191052
1533	11.280212687505088
1534	13.077583229923178
1535	12.019946697788933
1536	12.21553357038647
1537	12.289384244654615
1538	10.460642631970007
1539	12.027911284231008
1540	12.998965312866494
1541	13.178372229923141
1542	11.781492497723471
1543	11.385941553877533
1544	11.58970760536613
1545	12.4564878135635
1546	11.76786807323258
1547	13.054205428731317
1548	12.350998553372587
1549	13.07901772526869
1550	11.041366495808367
1551	12.8329274911305
1552	11.297041929360214
1553	12.906942392314743
1554	10.429874020861462
1555	12.185677481233142
1556	12.211760437607559
1557	10.187831917256117
1558	11.349232084594075
1559	10.0262510139922
1560	12.866702516266907
1561	14.243673276580761
1562	11.293683335216095
1563	12.848178099443698
1564	13.406166059236662
1565	11.79735291261157
1566	12.005828269746747
1567	12.579323367815679
1568	13.396098826135344
1569	11.880790422839874
1570	13.550857285475907
1571	11.761083441490138
1572	13.613387310817357
1573	11.487390117793852
1574	11.322936759679578
1575	12.143103419847858
1576	12.035551876111034
1577	12.272633897494929
1578	11.768107422601638
1579	11.615059174971204
1580	12.826797047261303
1581	13.325851726181874
1582	14.115519124316052
1583	11.464052319101155
1584	11.803470152022783
1585	11.458977016751938
1586	13.072871881759387
1587	11.727497155657383
1588	10.01293557939223
1589	11.687679018161726
1590	13.536557222295198
1591	11.991434864639476
1592	13.717693722396646
1593	12.444240319253877
1594	12.921874543263888
1595	10.12657546021122
1596	10.791427213223264
1597	12.862762761098566
1598	13.15814705679248
1599	13.217143800852892
1600	11.801841813508934
1601	11.590575924469158
1602	12.75987353125432
1603	11.389412173302844
1604	12.142035661406615
1605	10.825832356605678
1606	12.086671847516023
1607	11.862031209088551
1608	12.155361964307245
1609	12.010061522561085
1610	13.701529077730985
1611	12.869517811015248
1612	13.127785007374108
1613	13.798593817400702
1614	12.550945261435118
1615	14.477468956494704
1616	10.643785794582218
1617	11.511543252869792
1618	11.448757649193901
1619	10.46275657650549
1620	11.54104574303104
1621	12.111094890886712
1622	12.075503665754306
1623	13.7471745343452
1624	12.36568900992279
1625	12.65902010933496
1626	13.559102498035987
1627	13.01990750139424
1628	11.505167499184608
1629	12.233822300281052
1630	12.412058895997083
1631	12.530572247157883
1632	11.721724624718156
1633	12.804999345835919
1634	10.8563541262527
1635	12.819389023214832
1636	12.047334521144096
1637	11.096442654307577
1638	12.041803166373736
1639	12.301824024470989
1640	14.61008789443544
1641	10.926418025948806
1642	12.123628169614822
1643	12.254484705844273
1644	11.218737326096743
1645	11.733041910182996
1646	13.447250445730363
1647	12.528458559242566
1648	12.903319518049729
1649	11.86481116143775
1650	11.663685580956992
1651	11.730027513753157
1652	11.984479093225673
1653	11.886372886905779
1654	12.147255222516833
1655	10.705935911001529
1656	11.188379673861588
1657	14.367901099662829
1658	11.912302565220143
1659	12.903787724078736
1660	11.390461381677037
1661	10.747316681289751
1662	11.629629193391237
1663	12.064533250240077
1664	11.254708156047855
1665	13.006068941877366
1666	11.873995539399662
1667	10.838749205383161
1668	10.76115707541943
1669	12.73709535317856
1670	11.628769844559429
1671	12.392551311803981
1672	11.998403677837578
1673	12.27450081008664
1674	11.962932449616492
1675	13.586519231252304
1676	12.617246150582409
1677	11.012602443367037
1678	11.785704830333337
1679	11.51804949295626
1680	12.872922557840745
1681	12.655178412869905
1682	11.43264014089342
1683	12.769399850619147
1684	12.144314871298977
1685	11.897212424661433
1686	12.111383666273799
1687	11.916258626194162
1688	12.284201602506286
1689	11.839729971562823
1690	13.327543182094814
1691	12.83217284056069
1692	11.206141154800372
1693	12.66304973625977
1694	13.051345741383336
1695	13.923749257474103
1696	12.04443808430985
1697	10.194731999582682
1698	11.723092282688329
1699	12.34011723074218
1700	13.431784367693277
1701	10.408901593686702
1702	11.83859239986244
1703	13.474831951008287
1704	12.680248554045749
1705	12.02454571998937
1706	11.666749261125611
1707	12.254242350954724
1708	12.107352596932158
1709	12.851119489948774
1710	12.679909441842819
1711	12.545940345496915
1712	11.935764348108528
1713	11.471655601426027
1714	12.141818296466955
1715	12.489525635283263
1716	11.605237736092281
1717	12.008387255016714
1718	13.392299548772696
1719	11.672230174545096
1720	11.856440302329483
1721	12.603205614571419
1722	12.625557254133746
1723	11.521981474426058
1724	10.978839014993152
1725	11.458908298925962
1726	13.423650073260069
1727	12.050492368017634
1728	12.18538907672822
1729	11.425009298271366
1730	11.79978759548006
1731	11.5623921745265
1732	12.87861715741123
1733	11.84580454895883
1734	13.14564908561038
1735	12.014748493065674
1736	12.021546280651819
1737	11.635518856210789
1738	11.763650508506023
1739	12.695639480448639
1740	10.415639595417305
1741	12.957375196902001
1742	10.207966513587161
1743	12.331512598005835
1744	12.516160003840923
1745	11.305501363574244
1746	12.156091727377119
1747	11.61500424638808
1748	11.947898763550997
1749	12.916905259538908
1750	12.299682537654277
1751	12.395201871936608
1752	12.831672556067739
1753	12.601907341603052
1754	10.425892725483411
1755	12.312541480067496
1756	11.487873740749613
1757	11.55502951941647
1758	13.249951357394457
1759	14.61373492721813
1760	12.00167175662668
1761	12.278068419502771
1762	12.531495777657256
1763	13.41962952582467
1764	11.538179444160225
1765	11.58014779441747
1766	11.76663418347016
1767	13.081124148434029
1768	11.590958182720225
1769	12.501768095232546
1770	12.053364221611991
1771	12.84746646868065
1772	11.742177719418923
1773	13.135346278821563
1774	12.21190872121249
1775	10.36132250320886
1776	10.901701842029782
1777	13.638092683464357
1778	11.390834041127864
1779	13.555202982900663
1780	11.113974971389066
1781	11.759096398084823
1782	9.770653609345716
1783	11.866043761071827
1784	13.092426354729536
1785	11.324593343015295
1786	10.99178424674028
1787	11.862394215201494
1788	11.923390802306434
1789	13.71344343202913
1790	12.009499759739265
1791	10.701939414609223
1792	12.325428029510658
1793	13.041766489065983
1794	13.192590377254723
1795	10.801718531587326
1796	12.005938447000267
1797	11.703479657465193
1798	11.90354430767836
1799	11.645221279180774
1800	11.706689570237089
1801	11.262104668761216
1802	14.820238067085544
1803	12.424135816283524
1804	11.712412215717551
1805	10.71335700941078
1806	9.834036428399164
1807	11.25298086521574
1808	12.585106144406144
1809	11.981195110800819
1810	14.305440914307145
1811	11.323599147117314
1812	11.818848749137638
1813	13.291995456773101
1814	13.407826095678113
1815	12.495154535923913
1816	12.8638875414063
1817	11.004262046625271
1818	11.914299548984589
1819	12.057144326811295
1820	10.913436870362299
1821	10.43399232266626
1822	11.571925460876498
1823	14.356325235900245
1824	13.707787382125389
1825	14.6036444526519
1826	11.627634415082866
1827	11.262360028604355
1828	14.335583527168064
1829	12.617355972295627
1830	11.982973112065034
1831	11.338147992311322
1832	11.373265772966468
1833	13.001931360246436
1834	10.844987601498831
1835	12.634752588751898
1836	10.972610835192931
1837	13.12859790045363
1838	11.331450827242364
1839	12.220121152552396
1840	13.16889105834222
1841	12.19197897456417
1842	11.98621752431583
1843	10.995056601714653
1844	11.68012391748057
1845	11.955435302084018
1846	11.723399898051866
1847	10.73835928915271
1848	11.506247962583215
1849	11.008834033098537
1850	10.20754118370612
1851	12.2790568715772
1852	12.865817619107354
1853	12.215889993086947
1854	12.599156668266424
1855	11.905046802193214
1856	11.65388927456095
1857	8.88781255230618
1858	10.709124413907857
1859	13.162589764212802
1860	11.69597885010602
1861	12.827762872318647
1862	12.725555062661634
1863	12.228367129705198
1864	12.584696420455455
1865	12.365414051278666
1866	13.17517521356543
1867	11.901891585215568
1868	12.828410478421198
1869	14.842931637806553
1870	11.255617773334961
1871	10.685103553515445
1872	11.150875984405337
1873	12.729648744543631
1874	12.802386705832118
1875	11.592171692279711
1876	11.476929938713848
1877	13.350945558016454
1878	10.893545177157243
1879	12.98878546103581
1880	11.640427117106608
1881	11.08731342446325
1882	12.996797935059295
1883	13.026907885709079
1884	12.666643681777973
1885	11.800440244923811
1886	11.652343440046977
1887	11.677683630474629
1888	11.036830216273666
1889	12.875245274445042
1890	11.667940866519613
1891	12.506396191233458
1892	12.992776377450513
1893	12.91155273086458
1894	12.004717605002224
1895	10.433110713179264
1896	11.180600884630202
1897	10.692606865465152
1898	13.56636162060507
1899	11.7707912229105
1900	10.869246217081256
1901	14.54371326233153
1902	13.400236229474944
1903	12.550164851088388
1904	12.107141286755601
1905	10.890143400820142
1906	11.663365212332627
1907	11.653119119296138
1908	12.168817853112705
1909	12.388817862980067
1910	12.366704944388143
1911	11.888018184122355
1912	10.900949152851743
1913	11.94276413552301
1914	12.776248426006463
1915	12.0113438226302
1916	12.217496883326575
1917	12.218515497350477
1918	11.138971940855738
1919	13.111466651345836
1920	12.168187421668941
1921	11.355382998559314
1922	13.336898903230853
1923	11.692464893082311
1924	10.851798209905004
1925	11.972410285164816
1926	14.092630678629503
1927	11.812998106522071
1928	10.712640235811705
1929	11.205160007595882
1930	12.492984786523845
1931	10.829890704723462
1932	11.282303918385878
1933	11.969993705218657
1934	12.148059132688848
1935	12.038122822577133
1936	11.24908257892821
1937	11.818277013177672
1938	12.803566887034792
1939	10.591874649709402
1940	11.61936413183024
1941	11.751226399018197
1942	10.854556186023451
1943	11.678305514265473
1944	11.903965864597854
1945	13.110216620038651
1946	11.589801962322477
1947	11.130712128913729
1948	12.392987164860482
1949	12.962398751347791
1950	11.25525840876015
1951	13.551422441576573
1952	11.123603616573813
1953	13.0323433995197
1954	11.181052805494982
1955	12.221645265928514
1956	12.121176749526057
1957	13.8779748017301
1958	11.906058964910558
1959	11.685664965575562
1960	11.974194866473166
1961	12.156631279404142
1962	10.335498514672508
1963	13.225091479311232
1964	12.479052935189639
1965	12.747781250028588
1966	11.229203768610024
1967	11.24764093523845
1968	11.862001054158265
1969	11.391734129351486
1970	10.430999185385494
1971	10.11934461028558
1972	10.88101834570989
1973	11.68278456601547
1974	14.067782790079946
1975	12.570065820762407
1976	11.076222958962285
1977	9.99306327548005
1978	10.070279895020649
1979	11.745253327690685
1980	12.066364456137473
1981	12.689169364373969
1982	10.90435543405297
1983	13.228951936675003
1984	12.748976433814581
1985	13.294075947918895
1986	12.061627558994052
1987	12.095245446835179
1988	12.94258997006303
1989	11.563996467384554
1990	13.592399348250844
1991	12.897025847601562
1992	11.796090758222183
1993	12.438466006058402
1994	12.092743302526122
1995	12.187087301835417
1996	10.937735419798022
1997	11.460128941573203
1998	11.127280563648258
1999	12.153571106519344
2000	12.57554032484768
2001	12.657345893526715
2002	11.501540548150214
2003	12.349601655630394
2004	12.416131831637662
