6	12.098507323710042
7	12.112321186587826
8	11.14422491880664
9	8.601341427404552
10	11.140247777445248
11	11.430905861136505
12	12.072127353024928
13	11.276826689756938
14	9.756003313470899
15	10.114220491975326
16	11.521956520914292
17	9.534596104082084
18	11.53024269292439
19	11.300070353489499
20	11.724530837968643
21	10.792688150159083
22	10.027193055124503
23	11.205627854509391
24	10.58099735691951
25	11.252919965214367
26	11.605874915084804
27	11.528624987695112
28	9.795097292270334
29	9.825130246147044
30	10.867308669737803
31	11.269275656560279
32	12.27538290758329
33	10.02618906428048
34	11.529742659046239
35	9.724814054364309
36	10.058544058962946
37	11.03583273528278
38	10.535878772993328
39	11.469246477076641
40	11.483313003481841
41	10.723190176031366
42	9.26113106263377
43	12.411867498603227
44	11.201203127272434
45	10.970544155601601
46	10.492168493250448
47	9.9969816723118
48	12.554276991167082
49	10.681806640887226
50	10.417350586727963
51	10.157294701419339
52	12.597468038016975
53	9.256549956012023
54	10.683190073013684
55	10.928046535308923
56	10.65776333078921
57	11.45801670405388
58	12.547385173654765
59	10.863086743299796
60	10.104126103284596
61	11.311456605153266
62	11.799620664539761
63	10.933667834638754
64	10.704812976800289
65	10.95759841836945
66	10.619432685106828
67	11.75377224459844
68	11.612344864023331
69	11.64559125530679
70	9.5034184958268
71	10.836895220906225
72	12.205068579824456
73	8.963976049956727
74	9.944019934153985
75	10.43379726469575
76	11.032200386634212
77	10.660989346830526
78	11.304923671153018
79	10.749425646844239
80	10.978333084917752
81	10.944326746982094
82	10.982088253965909
83	11.042846598904289
84	11.18372986261125
85	10.412346539716765
86	12.079713381679321
87	8.741381111316654
88	11.044982025708473
89	9.718170975744725
90	10.760853251572629
91	11.188170822651267
92	9.113509833758739
93	10.655056838389175
94	10.541291262160886
95	10.746390744724486
96	10.667799758228057
97	10.52954499552969
98	11.395950623972519
99	9.162373705901636
100	11.019776442806178
101	10.500763458897952
102	10.518620475625523
103	10.89595488094308
104	11.372940147609645
105	9.18577304616368
106	11.00455617475177
107	11.491794572555895
108	11.93069934766013
109	9.962040840936956
110	10.938169944261231
111	10.607132347074145
112	11.785472590346277
113	11.699513584217467
114	11.03871612053428
115	11.137170810379832
116	11.733135484236318
117	11.465256283327404
118	10.970257332486907
119	11.541113327648384
120	11.685746594938939
121	11.805034660480452
122	10.478602892689135
123	11.368658545633025
124	10.316821445395979
125	10.560279502660283
126	10.962481056851102
127	11.623864949859854
128	10.967710441291112
129	9.793309543712265
130	9.823838190064999
131	11.425805084462505
132	10.25673044918681
133	11.798279159334163
134	11.121816594732335
135	10.39135941393314
136	11.516977968562278
137	8.989458038560697
138	11.430018587028417
139	11.743937660425823
140	11.607439358964289
141	11.225589640907282
142	11.419140602016123
143	11.538121080510644
144	12.024524932891493
145	11.927377710624164
146	11.037055544290924
147	10.803495769236738
148	10.619994669178451
149	9.868484746573436
150	11.07508395204195
151	10.898987279729107
152	10.653301263410906
153	11.53137555449272
154	10.682503581532123
155	11.486237020503792
156	10.282186411288826
157	11.468763551698782
158	11.439388379037123
159	10.805506661231629
160	9.67319128797999
161	10.337661457509967
162	11.539436899673511
163	11.04624604605223
164	10.464364895302513
165	10.424066865768982
166	11.670407293328154
167	10.192441205063675
168	11.46472523126997
169	11.223209258487035
170	10.513849937094266
171	9.502543033355558
172	11.708255307704492
173	9.92941337582103
174	12.322431385495292
175	11.014079610328771
176	11.10192815725337
177	11.955356492058558
178	10.339781093972851
179	11.441828175713763
180	10.322534162946436
181	11.369110331533552
182	10.533519325145335
183	10.248014163146662
184	11.251837696509922
185	11.493610102095408
186	10.884793406361714
187	11.837821817928344
188	10.009350123756521
189	11.068147044882672
190	11.453483067536727
191	11.136278110223227
192	10.285034408249777
193	11.028704368225299
194	11.704211835467088
195	11.556800910145588
196	11.63579530664856
197	10.834339697209652
198	11.591747421273794
199	11.364322574014077
200	11.1281671068375
201	9.910117885033563
202	11.923043728265474
203	9.537389989376273
204	11.048049833225377
205	10.46419056252279
206	10.981529571865686
207	10.831661499326582
208	11.178574339835905
209	11.729112191797956
210	10.417051393477418
211	11.842418765561888
212	10.999111091379072
213	10.76361071660261
214	12.056295913682764
215	11.47996915666161
216	9.37068166654515
217	12.13902790749947
218	12.24855652424667
219	10.50248865556263
220	9.81666947760603
221	10.884621432113345
222	10.778962854091004
223	11.142677488598428
224	10.59068522353191
225	9.356582870576288
226	10.679047877245466
227	10.449531374370054
228	11.609274281859765
229	11.179754730885852
230	10.323191569543585
231	12.703557525971345
232	8.470903069262041
233	11.284211603902245
234	12.066117253835017
235	11.376310544589176
236	10.365485014519832
237	10.714281958226103
238	10.598263699799785
239	8.936161229118799
240	11.267696074848313
241	11.055932335688759
242	11.683876847151335
243	10.76181123808492
244	11.9760640086395
245	10.575363875814219
246	10.65695699850263
247	10.138756319039967
248	11.538923437309373
249	11.887887527184304
250	11.12239139753837
251	11.65277249988964
252	11.273725324101344
253	10.3267905421882
254	12.389542696834432
255	10.650658091407387
256	11.072795315480562
257	10.027492869508793
258	9.31065808899485
259	11.478753179190099
260	12.123655722540366
261	10.953073630480795
262	11.111938334353592
263	10.834902650717414
264	10.878301434986412
265	10.570636199237155
266	11.763549818782485
267	10.369576018045272
268	11.615875679465374
269	10.311445337079931
270	11.271164616102396
271	10.69035201953851
272	11.326794226605879
273	10.201074972792103
274	11.270796623335919
275	10.747851471258878
276	10.675747115378423
277	10.842895293780344
278	10.724135534713257
279	10.360164784096414
280	9.8718923153996
281	9.742775518627198
282	10.680911401722115
283	11.042462034810645
284	10.24311962672742
285	11.116508077890991
286	10.353768686450785
287	13.202806034048885
288	10.601909077182063
289	10.20000903990699
290	12.128026135860377
291	10.436842534790049
292	10.564519521607043
293	11.381313541937933
294	10.159175128630595
295	11.346095195050045
296	12.201012260826497
297	10.513975125723519
298	12.431639069542207
299	10.944586257890224
300	9.64543397994712
301	10.719448983582646
302	11.057745564576472
303	10.931341403921833
304	11.498042652135526
305	11.31916800533887
306	9.538801773107513
307	11.613478601156006
308	9.85502946640714
309	9.562453439033124
310	9.69243962499068
311	11.195776034491427
312	11.37260336409353
313	11.326573235359607
314	10.861806810903364
315	11.448700070719582
316	11.549070493156792
317	12.94188284750383
318	10.520195193186572
319	11.022106661086077
320	9.602671583108053
321	10.747388390849599
322	11.01186923816451
323	10.408043426990043
324	12.543817338838597
325	11.516527377122971
326	10.645362777990115
327	11.006216549103847
328	10.607833972256985
329	11.359935568845831
330	10.90569599838578
331	10.279275191724375
332	10.344287146971942
333	10.26943865794
334	11.524495705872631
335	10.71412704623826
336	11.514822971026296
337	10.43755335773191
338	11.431992691062078
339	9.625569560340308
340	11.144473590881733
341	12.079140321294402
342	11.49525280177269
343	10.788368867511101
344	10.708602257460006
345	10.662420348581774
346	10.277756637678358
347	10.031608511143899
348	11.026511186817661
349	11.133142198031216
350	11.662763096496315
351	11.925127234282021
352	11.153207322604288
353	11.780630857509095
354	11.139812205650378
355	9.848703434572089
356	12.253691301004054
357	9.9364327022518
358	11.794991575868119
359	10.474174250988494
360	10.9254065121926
361	9.94380345671649
362	9.273934306441806
363	10.767297492547629
364	11.367548177767377
365	10.983209259582825
366	11.837009616737664
367	11.88055143352677
368	10.467153325228718
369	10.77081112868269
370	11.665000554616833
371	11.218820224345531
372	11.828938819966144
373	10.852667875624029
374	10.634728715929668
375	11.076351636663292
376	11.334095018353864
377	10.504858334893651
378	10.397813499034383
379	9.678259628733782
380	11.482686342858392
381	11.48388542892754
382	10.931006813780124
383	10.077329704670278
384	11.389099270508504
385	11.710042891590856
386	9.695744538252283
387	9.05224467725493
388	11.772607670518337
389	11.233416258049935
390	11.257719338873867
391	12.003483677318846
392	11.054688471876338
393	11.98539753859527
394	9.133190235757501
395	10.650643248117376
396	10.441705847047718
397	11.034947474025943
398	10.713397009768522
399	12.347104158050989
400	9.550236621509539
401	10.79050825034447
402	10.734131554371512
403	10.143109973989716
404	10.958889936789332
405	11.674143706101837
406	10.048412601371124
407	10.969883669949052
408	10.6953920662094
409	10.465371077840725
410	11.800186189205851
411	10.442083569345414
412	10.3486405045165
413	10.142494298500365
414	10.744455170567127
415	10.233441318524731
416	11.187407791131273
417	11.663182060468118
418	9.077857095781258
419	9.963411314379513
420	10.827544083225074
421	10.497380286180414
422	10.655769326939481
423	11.095715601812117
424	11.085259739429457
425	11.791220380369024
426	10.550254891540842
427	10.729412333680438
428	10.7963117135223
429	11.398571223950345
430	10.807207214314634
431	10.679641724302877
432	10.050707457208773
433	9.80843453760841
434	11.960305837134161
435	11.961515291696626
436	11.221072107254322
437	11.746427323802509
438	12.040086235640443
439	9.288750169377309
440	12.272857473046752
441	10.781212643027539
442	10.752487096148478
443	11.59898820392089
444	10.037887193603154
445	12.06716831208677
446	10.475755278772692
447	11.826637380558532
448	10.690324997014832
449	12.207394451311778
450	10.891237845567371
451	12.394929833514874
452	10.378570939567167
453	10.113459712143674
454	10.442799204720487
455	10.165265245641972
456	10.330836702638772
457	12.097146591766634
458	11.94219189480762
459	10.930981759158506
460	11.06048949917293
461	10.651760775927688
462	11.831753540901921
463	11.216174523703401
464	9.877186317410734
465	11.392005047312704
466	10.569175408601135
467	10.928547928350106
468	10.7271431432385
469	11.009350343311961
470	10.346692571956705
471	10.476188174710842
472	10.844688048178796
473	11.754940046746924
474	11.217581533782376
475	11.18965952872294
476	9.831649533931769
477	12.005369460264465
478	11.736342503538093
479	11.55036504327436
480	10.323835358057403
481	9.829208236518834
482	10.404636524136395
483	11.447851325781084
484	12.298637911043139
485	10.555044260420496
486	10.502755689074878
487	10.241880866417073
488	9.690750958257317
489	10.784642995767191
490	11.57963027669272
491	10.716925096914691
492	11.508371376899161
493	11.586830905199013
494	11.794545784183045
495	10.637829642066405
496	10.798084992507938
497	11.881994727015039
498	11.798411023001083
499	10.071310628223
500	10.903641118632104
501	10.611510183647624
502	11.108127007329339
503	11.261301794227757
504	12.090663276632908
505	10.790091084805631
506	10.94130338212805
507	9.496505379429127
508	10.774258135337988
509	11.11414505984305
510	10.612915681467925
511	11.071340769722593
512	11.233728846743148
513	10.258070663062076
514	10.827252219135213
515	10.163784993016487
516	10.943115774041237
517	11.343839856275272
518	10.53786608801107
519	10.771630158813204
520	10.616730067206477
521	11.155544907693699
522	11.709995872327127
523	11.035643205824307
524	10.117657935838377
525	10.08283141422784
526	11.526694992286435
527	10.589674399848768
528	10.636518798596962
529	11.19933966900173
530	10.036200646695486
531	11.763202177834076
532	11.444137615207582
533	9.272929874806513
534	10.95930124006568
535	10.978043885590226
536	10.432310436858403
537	10.376758417794155
538	10.435013380451803
539	9.86104967819298
540	10.252045420223537
541	10.003610809844714
542	11.44095437609492
543	10.404969381779217
544	10.867959775452118
545	11.243608282052104
546	10.3651807381236
547	11.9399847574338
548	11.012066166060062
549	10.432292616266446
550	10.220737645307693
551	11.682403279513972
552	10.947791287670935
553	12.386094977887216
554	11.49901005222482
555	11.797106136532319
556	10.185229117998146
557	11.056708820037922
558	10.128026743909382
559	10.545144313496023
560	10.408096831558543
561	9.701198455684459
562	10.560638793592807
563	11.633984771249215
564	9.706069160123459
565	11.116975034301538
566	11.580829421693926
567	10.624012929997408
568	9.826708942898549
569	11.03395967277336
570	9.99164822757244
571	9.78226689971855
572	11.126234435758088
573	10.247702642192847
574	10.974457078107188
575	10.969231070569633
576	11.989673518543391
577	10.545165242700362
578	10.151642953472523
579	10.005454773474485
580	11.922859018195815
581	10.273646434021526
582	10.991068730783157
583	11.28718239050851
584	9.937784628852873
585	12.233209349054377
586	9.718877882970128
587	10.304156818401275
588	11.1585857346165
589	10.72633895328967
590	10.646605545722625
591	12.395342194763362
592	11.986843853218016
593	10.890709195902351
594	10.456787532411981
595	11.656817782617685
596	11.434875598878135
597	10.001974176766385
598	11.313918862608261
599	9.796898668781004
600	8.54274653718036
601	11.610598795243558
602	10.171173235063094
603	11.478632823254497
604	12.858110165034887
605	11.34770432386688
606	11.561200260678993
607	9.840227823500754
608	11.412361698254921
609	10.402046773392984
610	12.32483231686005
611	10.781863280564721
612	11.946777891979384
613	11.199441828679603
614	10.982028213373852
615	11.262254598938549
616	10.213291145648133
617	10.864129621062286
618	10.896375387371926
619	11.279700030813304
620	11.734816783052674
621	10.972277873128025
622	10.335970193970688
623	11.099858555281836
624	11.394789419148584
625	10.290262536621109
626	11.680450544881475
627	11.545789976114863
628	11.699397344499614
629	11.291855443672407
630	11.139998712405367
631	9.925383950092364
632	10.311412958151454
633	11.803783032759092
634	10.532887400602233
635	10.91297200634935
636	10.919034208815571
637	10.626275593752506
638	10.35761550170072
639	11.068871969779478
640	11.320365623435936
641	11.814663582791226
642	10.91045689059379
643	10.058684264170653
644	11.679277948178527
645	10.368878687917324
646	11.344711463982094
647	10.985927818457176
648	10.968115967237795
649	9.779991677242798
650	10.930890838068445
651	11.541878776293125
652	10.879832957202751
653	10.16465021699434
654	11.261960080138685
655	10.734525956703104
656	10.254472513152804
657	11.03295890897741
658	11.527898186058737
659	10.632194682410919
660	12.152430091726185
661	11.584615320782177
662	11.280442504797247
663	11.256075574073474
664	10.46505530027207
665	11.479481823960924
666	9.544052186313756
667	11.262990972793407
668	10.11797958379859
669	10.502267229451757
670	12.0716588813439
671	10.952825177849785
672	10.127860178388502
673	11.641633293330386
674	11.099967881808213
675	11.545651947096653
676	9.704346634114204
677	11.650535518207345
678	10.741126995088193
679	9.949325428993982
680	9.824389618885672
681	11.093663951958485
682	10.83579320486381
683	11.55944911550005
684	11.905795675587918
685	10.545676237970412
686	11.72495268711138
687	11.5037086490585
688	10.380407994163729
689	10.411426547408235
690	9.878473445607815
691	10.884138598050923
692	9.359042460805979
693	11.661757181731838
694	10.30821545097744
695	11.174468523395122
696	11.57120433103652
697	11.067578316218906
698	11.156792025190798
699	11.414533545220088
700	9.792459762885322
701	10.851460504707227
702	11.542723797749035
703	10.867366384506377
704	11.531022572413349
705	11.740394217257258
706	11.698763275464522
707	10.478841465991685
708	10.771672728322555
709	10.703074101097227
710	10.838402010690725
711	9.978717783698812
712	10.818699984437492
713	11.75116774169961
714	9.995971916866003
715	12.702705196043873
716	10.84086447091186
717	8.899701058657318
718	10.269671222462536
719	11.778181182427174
720	10.956991766173234
721	9.56969542903117
722	11.187405430586077
723	12.61489495016453
724	12.139576540583358
725	10.801682539010653
726	12.37537481500808
727	10.628486298925933
728	11.960896654783765
729	10.998418327376365
730	10.466531258937902
731	11.281524627422915
732	10.767065254062237
733	10.197499276696552
734	10.579159640567378
735	10.101554445232052
736	11.147253970227515
737	10.579012329475237
738	10.59887098056842
739	10.174049429433879
740	11.300095560816771
741	9.81789117033401
742	11.937982611992629
743	11.463354153141633
744	12.22650136525721
745	12.385017268332943
746	11.378942401937731
747	11.143884289423267
748	10.668864139890502
749	11.515386910585221
750	11.952783343275602
751	10.972347774935004
752	13.340122752953903
753	10.598023223271593
754	11.818001247848498
755	10.838671596416841
756	10.526349387398005
757	10.6056432307909
758	11.121044324536342
759	10.70480978305568
760	10.439329236209922
761	8.258658771008824
762	11.34566858342383
763	11.158628790006041
764	10.148956676928846
765	9.53616470510394
766	11.468607922329102
767	10.867335317226413
768	11.562719702262742
769	11.074980380525272
770	11.240124740061177
771	10.206526959054012
772	11.563558411957038
773	10.202622253777248
774	10.504266641248927
775	11.590958605662308
776	11.076245117108337
777	11.280026791039676
778	9.919196841029915
779	10.192006332550843
780	10.580371088273306
781	10.886049243127927
782	11.176022443234817
783	11.175286140224552
784	11.815682473811858
785	11.28487600490375
786	10.24161713159669
787	10.697338694194332
788	10.665783252683468
789	11.061057973115627
790	11.81388710125315
791	11.433284833925896
792	10.37401313767881
793	10.033971992610022
794	11.16861244355413
795	11.814148489106447
796	10.390057139192768
797	11.100091048283502
798	10.194037285257588
799	11.23573496383043
800	8.655649119657845
801	11.100419692534794
802	10.406870401704744
803	11.903785074097105
804	11.870633540209383
805	11.669437480946726
806	10.867179652524646
807	10.496073731551553
808	11.05738479907935
809	10.313591469753382
810	11.119781829386117
811	10.658968024235946
812	11.597567237842258
813	10.529684281177428
814	13.536949717185436
815	9.059549147566985
816	10.755164553371088
817	10.752944428566412
818	9.884839231179178
819	11.55839079206303
820	10.853750869415835
821	10.288772297176184
822	11.292747092438335
823	11.92287289544388
824	12.379339551457669
825	10.592611421337452
826	11.84325301621342
827	11.166538583894079
828	10.959905925484604
829	10.920081614695954
830	11.685050445202695
831	10.508241303102654
832	9.847612799279732
833	10.776661761450292
834	12.309485350519285
835	11.470745993592253
836	10.28069041789975
837	11.21978064204034
838	11.370324253874555
839	10.46533711412268
840	11.061903546633754
841	11.89557057786927
842	9.681883803545498
843	11.355581179660632
844	10.11017310079814
845	10.375727676947136
846	11.081742252229544
847	10.568400557751248
848	11.07764861867009
849	10.278437295323238
850	10.783880162808217
851	11.147920904109593
852	9.942407021014258
853	9.691353182696426
854	11.3049975810045
855	9.835327242973033
856	12.128609591696618
857	10.837983870817544
858	11.62480640761593
859	10.702322559190167
860	12.068862280007451
861	9.074203709915576
862	12.340857479937894
863	10.568975937926504
864	11.228314813126945
865	9.395757868399379
866	12.248891654343149
867	10.865145015659088
868	11.531838255128296
869	10.018461159466264
870	11.529958627863891
871	11.328403753271802
872	10.29873786075245
873	9.589467320180042
874	10.011989062402863
875	10.873618785047437
876	10.180510158268069
877	11.637203830450307
878	10.827776278244544
879	12.907242988126818
880	9.555146078020334
881	11.059008646132002
882	12.519082237936091
883	10.502257585369666
884	11.286502977033916
885	11.052092933089865
886	11.717683666547398
887	10.595949460470658
888	11.16078010876842
889	11.038731952375244
890	11.227803860931951
891	12.512839737293932
892	11.992667378857732
893	10.344951943550349
894	11.821837459752958
895	9.53300622282493
896	11.505978431439871
897	10.738885848400448
898	11.00469019358028
899	10.614899620416018
900	12.386454569747002
901	10.242217732339933
902	11.127055838575567
903	10.396652869691954
904	11.592949338976759
905	10.716526269298047
906	12.362535470446876
907	10.990782039910554
908	11.614529431478585
909	10.302864490696878
910	11.018949921592139
911	10.66372071147545
912	10.725192313170991
913	10.305559166506756
914	11.562926849549365
915	10.744337758594027
916	10.109499587926418
917	11.52844477758313
918	10.701522520279887
919	10.190605025184956
920	11.969108109426823
921	10.387653797126841
922	10.526619403548539
923	11.447139398034778
924	11.75211368966674
925	10.886895282226615
926	12.024149745083903
927	9.808169180161185
928	11.585013096209149
929	11.053189152586274
930	10.009629566774725
931	10.415470222484899
932	10.085582086965182
933	10.239904144503218
934	11.249002327719195
935	10.50033074192237
936	10.99646811604669
937	8.966926409242054
938	11.811680285001785
939	11.263589308478494
940	10.328047661073095
941	11.32298658294517
942	11.030405205621113
943	10.74139170933282
944	10.790088102273229
945	12.052516455273144
946	11.79775206195353
947	11.023809202767167
948	10.851906662778928
949	10.767209644382412
950	10.363848303225389
951	11.201294453884476
952	10.943683263044267
953	10.191237132925178
954	10.336238493146084
955	11.447181282158837
956	10.256236587662716
957	11.403120719350408
958	10.689481050125323
959	10.267972410363145
960	10.096383192045007
961	11.712544225138046
962	10.465254062113818
963	11.435794570178796
964	9.84488749750657
965	10.923924807377421
966	11.552046894409889
967	9.958564914242743
968	11.212631376511686
969	9.817255529534906
970	11.276408782986548
971	11.426525967270136
972	10.377604386868079
973	12.007644308901867
974	11.010203368405346
975	10.903325186956208
976	10.223596659260378
977	10.546201264788836
978	9.939524322787765
979	9.920487750616976
980	11.074129153862332
981	9.435270593688433
982	11.305846373889716
983	12.289369925216306
984	9.816473106552687
985	12.023972459182914
986	11.022973008770496
987	11.366644028484886
988	10.479067248820614
989	11.935279488910455
990	11.145374449535407
991	10.25247699825374
992	11.115208418043848
993	10.760228543004487
994	12.391738624032588
995	11.018559905758593
996	10.114300366505049
997	10.707416186031574
998	11.310381721696762
999	11.105155210481024
1000	12.104404916768853
1001	10.447218537810585
1002	10.310289093510102
1003	10.384119615122152
1004	10.467864743450138
1005	10.660083580775083
1006	11.210809186322377
1007	9.973739198920542
1008	10.78206243998058
1009	10.326681751133675
1010	11.98603945418028
1011	11.122416344103648
1012	10.933721044472703
1013	11.976304394809995
1014	11.346711250836961
1015	10.459215254709125
1016	11.312696898284598
1017	11.188740489320224
1018	11.589070789894322
1019	11.849245467296326
1020	11.484591371602276
1021	10.60747541692399
1022	11.135944535795392
1023	12.383907802343744
1024	10.721869277935184
1025	11.200726597795729
1026	10.808810299518518
1027	10.773975130862949
1028	11.12260985210305
1029	10.866965756235004
1030	10.57343856263637
1031	10.70716846062569
1032	11.549045307155655
1033	11.238061548750848
1034	10.421743075118865
1035	10.117112337525382
1036	11.240291657543782
1037	11.632909646542029
1038	10.623113359219133
1039	11.304354134568182
1040	11.942375751777686
1041	11.589517397342327
1042	12.16404996995416
1043	11.218926593612291
1044	10.143252042595277
1045	10.241636906441272
1046	11.608423486786705
1047	11.164561237812913
1048	10.65123041814373
1049	9.783509724949967
1050	10.649029215570126
1051	9.822908147005364
1052	11.120582895667962
1053	11.33380570888985
1054	11.534233327049556
1055	9.664694059585136
1056	11.17884813992229
1057	11.31378385789576
1058	12.576454073302626
1059	11.070867864579972
1060	10.134779518291067
1061	10.412765306063868
1062	10.705166370179015
1063	12.78575030033056
1064	10.962318923996552
1065	12.81156698734023
1066	9.971077108901904
1067	11.51486557673901
1068	10.553666606797682
1069	12.929944652895857
1070	10.638220002739365
1071	9.193329556308324
1072	10.954855123510146
1073	10.710451956286928
1074	9.269971631627737
1075	9.954895349425406
1076	12.328350017447711
1077	9.663800587846588
1078	11.806146743987483
1079	9.279810895113688
1080	11.646182415205551
1081	10.083349822820164
1082	9.22904137216595
1083	11.729658543561143
1084	10.742282206223363
1085	11.667601021057504
1086	10.870251053521885
1087	10.234192887167445
1088	12.464425789344995
1089	10.210289463568479
1090	10.552694672420621
1091	10.34443243825302
1092	11.36645284985328
1093	12.033109964810137
1094	9.846843533564567
1095	11.24185663171617
1096	10.152617321428842
1097	10.701809310476834
1098	11.286512038946627
1099	10.124544259854398
1100	10.922094100328206
1101	11.412499606402749
1102	11.283124392619357
1103	12.3608102879054
1104	10.588811761385566
1105	10.9352121165251
1106	11.353448116060463
1107	10.74054235785788
1108	11.810960817375433
1109	8.976331174250744
1110	11.214932884331434
1111	11.181242611686079
1112	12.430316776195067
1113	11.157840196583221
1114	11.647895902893397
1115	11.052484994181432
1116	10.480832854235688
1117	12.195195442545513
1118	10.281947505004847
1119	11.146972052981146
1120	11.271984446560964
1121	10.868155337811913
1122	11.745884872186613
1123	11.598808286024724
1124	11.614703001801132
1125	10.764882943706674
1126	10.615709749911371
1127	11.11696888518054
1128	11.213875519303736
1129	10.605638665133156
1130	11.55094286608293
1131	10.941858436291417
1132	9.242052965591727
1133	11.058858515483566
1134	11.080929635045187
1135	10.429375174469314
1136	10.700850518993102
1137	10.691976405191236
1138	10.950020908713775
1139	11.037925758518192
1140	10.093605619442666
1141	11.463134709883889
1142	11.040660206505256
1143	12.675296355355291
1144	11.616179247619584
1145	12.184971065460623
1146	12.504171613031067
1147	10.758848428671627
1148	11.559315257136607
1149	10.171567420861194
1150	10.505042801290983
1151	10.681049378612078
1152	11.22606335747662
1153	11.253204094086724
1154	10.16452562031663
1155	11.511589037559542
1156	11.06449104977306
1157	10.967571495596886
1158	11.193161470676737
1159	11.251267248520975
1160	12.164034854841686
1161	8.909362569544465
1162	11.39360315921595
1163	10.153851724928245
1164	8.844396796741057
1165	12.236406817006232
1166	10.382384082946796
1167	11.228030288404083
1168	9.89213298868413
1169	11.080780432285142
1170	9.890742309760148
1171	10.192550855949522
1172	11.359249647245171
1173	10.790550148030743
1174	11.179499894462264
1175	11.0078957786563
1176	10.875933417397189
1177	10.246591521785982
1178	10.708091396954842
1179	11.0371787612436
1180	11.297399488881638
1181	11.47624447544571
1182	11.904553398237718
1183	10.895107898554814
1184	9.82068089723018
1185	11.331755201537161
1186	12.7036234440282
1187	10.140387585006753
1188	11.183640261860564
1189	10.89125996226115
1190	10.76313491866924
1191	11.294255104369949
1192	8.186899479173508
1193	9.8847123373067
1194	12.13522610213711
1195	11.07385390277698
1196	11.208908163933083
1197	11.50031838365313
1198	10.144774765875027
1199	10.725913817528635
1200	11.776635942095059
1201	11.57351362620036
1202	12.059665555876224
1203	11.184983684599661
1204	10.042475112882864
1205	9.117238253044585
1206	11.620427851684074
1207	10.271557645923458
1208	10.70242159109097
1209	10.297900925590657
1210	12.04591082872777
1211	10.105822035131444
1212	11.696286283677356
1213	10.156009105339763
1214	9.951348069875332
1215	9.232452140746839
1216	11.838596843705032
1217	10.769030838858527
1218	9.899850991546092
1219	11.131015849821834
1220	10.428815013019715
1221	10.550117773437423
1222	10.067566871992312
1223	11.144789530733963
1224	11.714775504989614
1225	9.424233642099425
1226	10.217314238948747
1227	10.56943055963324
1228	11.575152661832844
1229	11.673044842485494
1230	10.284695226500238
1231	9.626919052384924
1232	10.802495972067117
1233	10.697398627458218
1234	11.13402359534188
1235	10.403896597303294
1236	11.860178325401648
1237	10.332019385535183
1238	11.613867868873568
1239	9.818687573126518
1240	10.489962957724929
1241	10.872859354041754
1242	10.630204215776175
1243	11.448191957366653
1244	11.475526215468088
1245	11.582460147430274
1246	10.778261231838545
1247	8.983994705298835
1248	10.357629108346721
1249	9.831835502803134
1250	10.776814457727596
1251	11.164723488010257
1252	12.180639970801874
1253	9.703040801083262
1254	10.448250307171191
1255	11.360607736549058
1256	11.585783661316084
1257	10.42908413930796
1258	11.780760740605183
1259	10.632061963477595
1260	10.981030800407753
1261	10.089634332285884
1262	10.713160640922272
1263	11.444144851528108
1264	10.49644793775356
1265	10.13477185057736
1266	11.596479621757236
1267	9.87265342255401
1268	10.861451566057642
1269	10.698616890294943
1270	10.051956955436617
1271	11.986969431225015
1272	10.799487709342502
1273	11.737989705379135
1274	11.241312381224708
1275	10.80386487149287
1276	11.988312005870975
1277	10.710776476516275
1278	10.903520660729555
1279	11.305909957145214
1280	11.636187964528627
1281	10.19092426155044
1282	10.802558780587729
1283	11.304922549864623
1284	10.205291856015618
1285	10.53807734060512
1286	10.212875615840472
1287	9.606415908468668
1288	11.525592810241506
1289	10.562249879920008
1290	11.613577133686547
1291	12.792417068246994
1292	10.350200252745196
1293	11.69716098277469
1294	10.666554922183845
1295	10.831797305182555
1296	10.602474680575542
1297	9.826456394421257
1298	10.600038377551787
1299	12.561656570337762
1300	10.6352982510666
1301	10.552814209232713
1302	11.43884088541381
1303	11.352307301018358
1304	10.841105984413298
1305	11.327030365097974
1306	11.250549818780273
1307	12.470675081420733
1308	11.320689734195339
1309	9.849454811830073
1310	10.561757416319418
1311	12.312047354561011
1312	10.917522429891793
1313	11.055034622577084
1314	10.903367487448122
1315	9.213560511812915
1316	12.31401454627856
1317	11.287538394374264
1318	9.682188740186394
1319	10.617763032457637
1320	10.319050418808782
1321	11.58742382913234
1322	9.521577016885491
1323	10.01673017651774
1324	11.257929579609618
1325	11.670060173692036
1326	10.971859219490499
1327	10.847709093997123
1328	9.253120080151252
1329	10.502680324929921
1330	11.20238837302136
1331	11.88987498324685
1332	10.422420473805127
1333	10.038703878604187
1334	10.32131585716515
1335	11.162850177567453
1336	11.316104751214725
1337	10.454453041017251
1338	11.198664522376257
1339	10.843850282562334
1340	12.34049867129579
1341	11.438461073847531
1342	11.122448920353275
1343	11.153521568479913
1344	10.87702253002296
1345	10.496958314795046
1346	10.0131341582819
1347	10.010432841014806
1348	12.122389298890067
1349	11.681171811400699
1350	10.767102071161693
1351	12.388694311449028
1352	10.544458784828228
1353	10.963559087113632
1354	10.770807780348695
1355	11.209737297729589
1356	11.331888569659705
1357	10.520779311177321
1358	10.346276075865159
1359	10.70978582781067
1360	11.036970128072426
1361	11.22913290721564
1362	12.193756060674787
1363	11.657641164081724
1364	10.820437672100525
1365	10.331638478889253
1366	11.979729668930586
1367	10.848794895871965
1368	12.067346064259478
1369	10.939195955262534
1370	11.095951076752195
1371	9.913917148639614
1372	9.704587998188122
1373	10.74111788184382
1374	10.444390875485508
1375	11.637196596067529
1376	10.128482266100484
1377	9.802338613041988
1378	11.60079814768134
1379	10.962313841836295
1380	9.376682985769584
1381	10.410644783130847
1382	10.163137335584738
1383	11.183836182152541
1384	9.558888376128618
1385	11.182869432053849
1386	10.00316990493744
1387	10.346563567687884
1388	12.238764784187078
1389	11.137987820602332
1390	9.951967908269834
1391	11.329403145585296
1392	10.145130494756337
1393	11.357594263348728
1394	11.269486776401754
1395	10.356885732574897
1396	9.147624794711275
1397	11.005374243769925
1398	10.907671182155608
1399	10.89135945470272
1400	11.769861134356523
1401	10.443067273480766
1402	11.516022104187869
1403	10.597203578893913
1404	10.837623755423058
1405	11.217480888998692
1406	11.244961357597882
1407	10.615717964331942
1408	11.18048676259109
1409	11.412535965532522
1410	10.904869276706854
1411	10.247893053221336
1412	9.370522699092463
1413	11.154209678324888
1414	10.776923602526175
1415	11.092134516724103
1416	10.248236714017336
1417	11.944856652151794
1418	11.95613201065862
1419	10.968337759850547
1420	11.030708450209746
1421	10.578233671412173
1422	11.026574062572763
1423	10.396655188062518
1424	11.383960940754042
1425	10.820866290122531
1426	10.592703283253828
1427	10.819157156058484
1428	11.202126415491334
1429	10.87213074825704
1430	11.923358972421847
1431	10.029999156969346
1432	10.828360918054015
1433	10.317736445656777
1434	10.082933434893171
1435	10.58433082239016
1436	10.598141644434072
1437	10.494893200673856
1438	11.639664569530604
1439	9.55638713574037
1440	11.325186647837981
1441	11.306663862341699
1442	11.596458918695465
1443	9.849241786840732
1444	11.039164359299466
1445	10.72667330369484
1446	11.517447705117037
1447	10.456697099567391
1448	11.336862588960988
1449	9.763160658283159
1450	9.532890760409238
1451	12.698560795346275
1452	11.162048253489452
1453	11.138026882106946
1454	9.4053637407426
1455	11.020110470443292
1456	12.032556130565354
1457	12.086093557840014
1458	11.977882691130905
1459	10.610134058534591
1460	10.068375849900278
1461	9.112929609179265
1462	10.659178345821177
1463	10.955416861583945
1464	12.114280050229457
1465	10.36165291408295
1466	10.799480922587422
1467	10.551945405290462
1468	12.657022669666299
1469	10.066907190315595
1470	10.556004732783299
1471	10.870304204476998
1472	12.108467272384779
1473	10.819333437135803
1474	10.791193060478609
1475	11.366489815915566
1476	10.861176952254027
1477	10.73740477505323
1478	11.155903194243471
1479	10.594437692284753
1480	10.34833605108155
1481	11.827971516019208
1482	11.329181383866818
1483	10.211508490927518
1484	10.077336218277196
1485	11.053804736456367
1486	10.700352515872401
1487	10.529372158128535
1488	10.842735862526565
1489	11.276732958194897
1490	13.125001792558274
1491	11.095589304119349
1492	11.641925518858459
1493	11.37261093471129
1494	10.584015976347585
1495	11.195185404536055
1496	10.751986219185083
1497	10.76563776699826
1498	10.511021831491963
1499	11.526905311125352
1500	10.893262229245156
1501	10.7882076554792
1502	10.399244235418106
1503	8.648766501297699
1504	10.654319392308887
1505	10.586534109660995
1506	12.268114733816075
1507	10.859980503057425
1508	10.074409745718269
1509	9.609410884111034
1510	11.587693690991728
1511	11.500525346313225
1512	11.001448559782844
1513	10.740773269310594
1514	10.875824893161695
1515	10.07045970306111
1516	10.793816154584462
1517	13.675862503743147
1518	12.467331384378925
1519	11.338603084787813
1520	9.70311306278107
1521	11.586609718720103
1522	10.374735201150179
1523	11.382993597508685
1524	9.102607604065586
1525	10.948419789536715
1526	11.714115498104581
1527	10.482800809958906
1528	10.026485054875197
1529	11.469281463631901
1530	11.689289626279255
1531	11.049228819301351
1532	10.353028394946401
1533	9.813184705396027
1534	9.972330376744097
1535	11.443617373952293
1536	10.2631197339191
1537	10.373046002240459
1538	9.435257220148044
1539	10.765265470538125
1540	11.964421595282081
1541	11.653753171054026
1542	11.208686852422543
1543	11.168780281628383
1544	10.590700459523676
1545	9.845132822466152
1546	9.870206430265116
1547	10.64706743777264
1548	10.133985804144718
1549	10.849719157218933
1550	11.140286450520055
1551	10.590572095821456
1552	12.055328856537946
1553	10.298958184717353
1554	10.910794922662898
1555	10.837115509722512
1556	10.501947335340082
1557	11.416051512248655
1558	10.49608627408418
1559	11.103755722367204
1560	10.798806663020514
1561	11.258936119767336
1562	10.287802940914844
1563	11.187929851112939
1564	11.975438942071051
1565	11.163692405735443
1566	10.39200560978159
1567	11.808396983802176
1568	10.944652069617357
1569	11.536919753877184
1570	10.073334900038917
1571	10.282738861492058
1572	10.925584862176038
1573	11.279465985127745
1574	12.028775556380861
1575	12.006489309547632
1576	11.07116375603713
1577	10.173334269763695
1578	10.49087874185643
1579	10.018272242881357
1580	11.045459662223168
1581	10.602136645659382
1582	12.3411306590725
1583	11.631433765058318
1584	10.639677751683243
1585	11.604172946015677
1586	9.324096632244196
1587	10.611418696304195
1588	11.663357196614685
1589	10.061335015175647
1590	9.859812829199486
1591	10.531100997889185
1592	9.714592763536805
1593	11.663182004122064
1594	12.00702853067778
1595	10.03474975434132
1596	11.853480147002266
1597	9.984434722862003
1598	13.192264100276155
1599	10.688020698670298
1600	11.034914193700388
1601	11.770132767994166
1602	11.352678734092287
1603	12.397435548296198
1604	12.337145761928696
1605	11.858313877195076
1606	8.353986145595886
1607	10.468920649121644
1608	11.106940628549637
1609	10.490005664643832
1610	10.53773090510824
1611	11.945353087428957
1612	10.46120692172801
1613	10.42973094185013
1614	10.369559047105723
1615	10.771033429428934
1616	10.694599922765047
1617	10.308707227762788
1618	9.369960868621193
1619	10.588778589419755
1620	10.643872191152518
1621	9.51348554465868
1622	10.784138163437316
1623	11.212578917834907
1624	10.213500674171373
1625	10.836701547411698
1626	10.522513652013409
1627	11.458935654235326
1628	10.91298136148136
1629	10.639550212803963
1630	11.369323411276198
1631	10.179341403921136
1632	10.406831885603928
1633	11.11341321260746
1634	11.235901285006209
1635	9.973469358606343
1636	8.946345897283978
1637	11.603809720816765
1638	10.314071059104224
1639	10.616763130743056
1640	12.369675640070941
1641	8.201505596830263
1642	10.919473049015615
1643	11.126450563780963
1644	9.905032332691295
1645	11.352262686479662
1646	10.008738776323298
1647	8.550765031867465
1648	10.800053144983394
1649	9.989036612556843
1650	10.518203995117263
1651	11.565893903234974
1652	12.378372436556674
1653	11.739274142738921
1654	10.855175025618841
1655	11.447995270546658
1656	11.29691501891648
1657	10.829395335504849
1658	10.458363199219738
1659	11.659218644774096
1660	10.881665131567777
1661	10.423273282596933
1662	9.909148904101245
1663	10.037897676927969
1664	10.468434197809547
1665	11.390693153503857
1666	11.115711172809824
1667	10.8781652099872
1668	11.641688451900457
1669	10.646306971106242
1670	10.241825716320793
1671	11.125897321047198
1672	11.242008173217377
1673	11.438015054192187
1674	10.36160246067232
1675	10.716856027690863
1676	11.30539453939069
1677	11.817775665153341
1678	10.767710402525134
1679	11.627244364288636
1680	10.042513044896246
1681	10.816551152833231
1682	11.058320370433329
1683	11.554384045717306
1684	9.586448640394439
1685	11.114315526051657
1686	12.127328494400222
1687	11.132503405663833
1688	10.17526567653245
1689	12.036814971063286
1690	12.067392643150765
1691	10.902741081164203
1692	11.518843722350608
1693	9.791675483174405
1694	11.01644125319755
1695	10.21726937024588
1696	9.392713766385272
1697	10.735576343992236
1698	11.99632259379141
1699	11.161857682259996
1700	11.08487450016158
1701	10.189456420550123
1702	10.590230248747199
1703	9.698124021246556
1704	11.522327954572393
1705	12.628361588201692
1706	10.47603458504115
1707	9.786327725616284
1708	10.581184247083831
1709	9.863332665561595
1710	11.805693714413792
1711	9.64682426397223
1712	10.413595363305202
1713	11.27079539692441
1714	10.630974533577819
1715	11.0440951125144
1716	11.634346921601447
1717	10.245201079044925
1718	10.276223481183447
1719	11.081714051193558
1720	13.165685582272872
1721	10.216526838997378
1722	10.481857142904774
1723	10.967183417000342
1724	10.5301718135781
1725	10.565977421025746
1726	10.579364729403496
1727	11.403822512078014
1728	11.107693013470943
1729	10.748489131049322
1730	11.780184204420209
1731	10.678651940700707
1732	11.070716893185907
1733	10.098979966076701
1734	11.165108265646268
1735	10.534678547623448
1736	11.070331570208072
1737	10.80685434184367
1738	10.371315765987797
1739	10.428959117346812
1740	10.139338785884902
1741	11.278475652979687
1742	11.465492660328746
1743	12.300279201057396
1744	11.854141139571935
1745	8.934784078989955
1746	10.300102207311538
1747	11.691328442233498
1748	12.074323070840093
1749	12.250970603590831
1750	10.553104633482343
1751	10.479234172670214
1752	11.847998787909747
1753	10.064289998140579
1754	9.93349038920475
1755	12.037160700017756
1756	12.355908711430436
1757	11.594245155877434
1758	11.840084849865748
1759	10.330937796183438
1760	11.532826679942541
1761	10.893222194205839
1762	9.316081222081774
1763	11.238436354117626
1764	10.557454216543066
1765	11.469557774966542
1766	11.22047593884576
1767	11.240116984054277
1768	10.115577437702774
1769	11.466259245054486
1770	11.063751170871953
1771	11.956807608197812
1772	10.657454517349356
1773	10.579428974483365
1774	11.370113467549539
1775	10.339548892883021
1776	10.521849291927841
1777	10.622113316387615
1778	11.182778171065298
1779	9.924949989134316
1780	11.417533658485729
1781	10.985141410264944
1782	10.009044719355492
1783	10.427027706832936
1784	11.330401290220356
1785	11.399831896191653
1786	9.933092357357964
1787	12.072029966595691
1788	10.750500052611553
1789	9.385854698852391
1790	11.496940968841823
1791	12.112048702474029
1792	10.251722408436931
1793	10.813036177924165
1794	12.276188997570426
1795	11.523246313665165
1796	10.974580049900277
1797	11.667944963194493
1798	10.017353100869029
1799	9.906377673737653
1800	10.085775972674178
1801	10.700072511932095
1802	11.853753066141948
1803	9.258981994023102
1804	12.033358401730657
1805	11.562613010895438
1806	10.592917823607827
1807	11.679999245205652
1808	11.623585553043522
1809	9.788785182662602
1810	11.59753332505934
1811	10.801253959864482
1812	11.60227722061798
1813	10.628737022267888
1814	11.159604838580037
1815	9.701346685693492
1816	10.453679193169451
1817	11.942601906144992
1818	10.156956657967639
1819	11.433276028139517
1820	10.257107812510286
1821	11.609543137922167
1822	11.309132922260511
1823	11.619942898655951
1824	12.275831300914287
1825	12.27034111282435
1826	10.228267662795261
1827	12.341607960384863
1828	9.863111511454917
1829	11.855873060130858
1830	11.006865952606313
1831	11.667896989912709
1832	10.179499637485216
1833	9.332650920000477
1834	10.470188641499957
1835	11.131106606570253
1836	10.188306673221584
1837	10.333008127864451
1838	11.520429747449883
1839	9.96257447896367
1840	11.24925859082335
1841	9.493163332650239
1842	9.86546784235377
1843	10.714966630825074
1844	11.2769174170935
1845	10.981698527642548
1846	10.887518307553943
1847	10.10110963516079
1848	10.405520360986703
1849	11.459723705062643
1850	10.58654349710931
1851	11.290458748966717
1852	10.903094712380236
1853	11.20554942189011
1854	10.130439590082759
1855	11.454185956291406
1856	10.09382536572057
1857	11.56775329667316
1858	10.580638664788093
1859	11.036877422380106
1860	10.755587268327362
1861	11.647645838383207
1862	10.74597138157961
1863	10.779216498898071
1864	10.057647963464996
1865	10.751242708304728
1866	10.27001912973757
1867	10.68156107408167
1868	11.14387155778968
1869	11.502678147571292
1870	11.541779096165879
1871	10.553383188184876
1872	9.52109911805548
1873	11.054104261164769
1874	9.43950656207744
1875	9.447534895492717
1876	11.200094467392518
1877	10.51427134049223
1878	10.784403134130924
1879	10.851549530380167
1880	11.951416275002423
1881	10.212555442357349
1882	10.518436495117237
1883	11.03491718901787
1884	10.301925316387624
1885	10.69415863455533
1886	12.477544159136919
1887	9.841467287466106
1888	8.796052998435401
1889	10.52635587830562
1890	10.181408453773221
1891	10.410222267480567
1892	10.808408401495862
1893	10.79435599606502
1894	10.821563433883712
1895	11.045509362732991
1896	10.743343996263942
1897	10.377845060811119
1898	10.683241175147705
1899	11.965244289953262
1900	12.114789088260743
1901	10.880700652271084
1902	12.210489704498302
1903	11.250648957002946
1904	10.212914235526696
1905	11.58557568576702
1906	11.201907442487386
1907	11.55727407597659
1908	9.915079332920804
1909	10.497223188785076
1910	12.667534054872851
1911	9.853300202401705
1912	11.415667212532005
1913	12.054823469603434
1914	12.044079378700667
1915	12.021636505340508
1916	11.974929697047216
1917	10.103192595525696
1918	10.365028610123533
1919	11.59003602506386
1920	10.93552122555868
1921	10.084998744834593
1922	11.402582789215053
1923	9.81035214587135
1924	10.982135749521182
1925	9.871004811606705
1926	11.264589316193732
1927	11.946894192479943
1928	10.407501742709428
1929	10.668733196044972
1930	12.244711623154581
1931	10.996925363386982
1932	11.406144376528554
1933	9.819596053333953
1934	10.709536707068377
1935	11.060469619179559
1936	10.526286320807412
1937	10.244832812694746
1938	10.752669993150784
1939	11.494876675424166
1940	9.195765028112671
1941	11.081044503282207
1942	10.795056372420566
1943	11.015336423226062
1944	10.679585217985071
1945	10.545698300653244
1946	11.309619205960189
1947	11.121413669171742
1948	11.396597314393148
1949	10.29591276133662
1950	10.659645792066103
1951	11.477320110061811
1952	11.62582886004303
1953	11.66254513268359
1954	10.547003436725326
1955	11.534092828170492
1956	11.263029067452104
1957	10.163062565851696
1958	10.734613747013276
1959	11.768256800863892
1960	10.208174155307784
1961	9.90852076591664
1962	11.154084028238431
1963	10.635972522762279
1964	9.930269375434673
1965	9.788849030569082
1966	10.484133686257026
1967	12.968294379460675
1968	10.572855878984555
1969	10.556673073872096
1970	10.614512776150368
1971	10.829094289520677
1972	11.328037777199643
1973	10.636872462533985
1974	11.555680489302368
1975	10.429419625047293
1976	10.665946767562566
1977	11.483823472135809
1978	9.856938854962783
1979	11.282135280467232
1980	10.761333329137415
1981	11.209444913238732
1982	9.926902644033543
1983	10.633302257359027
1984	12.386794976261445
1985	9.563417577519166
1986	11.922914075671303
1987	10.725811598102155
1988	10.022844943464733
1989	9.096304860582356
1990	11.987435104344291
1991	10.364043017853982
1992	11.772955052519036
1993	13.428017127549364
1994	10.66124851692468
1995	10.62262865836732
1996	9.890727864867076
1997	10.726545867419595
1998	9.995468196303895
1999	11.722993761975024
2000	10.232693770580903
2001	9.679599330556302
2002	11.594873814541323
2003	10.944118819385768
2004	11.546964766173623
