6	4.769604040508663
7	5.093764293144377
8	6.753700750985566
9	6.087947528397255
10	6.126584268280725
11	6.183434736111705
12	6.067659225898681
13	7.294206390567654
14	6.6840028203168345
15	5.249690303317872
16	5.993012649525351
17	4.855181585544094
18	5.150902643526055
19	6.246846953460114
20	6.93322884470775
21	6.034991423024621
22	6.266465659338921
23	6.757427077343346
24	6.825318193538139
25	6.762737897550512
26	5.92277464969887
27	6.0647547909467905
28	5.391878270809035
29	6.485450574179049
30	5.881587965163986
31	6.06621787224852
32	4.952452912241976
33	5.560573549895188
34	5.745182121770692
35	5.551776128443072
36	6.482902518010983
37	6.170425344593571
38	6.678507815731396
39	5.766883863796205
40	6.102502833784169
41	5.476735035445797
42	6.204038427006352
43	6.644500081205739
44	5.09555282574696
45	5.871751213300336
46	5.3337792882601205
47	6.652459706040255
48	5.536965367908124
49	5.85082204369274
50	6.746478683398745
51	6.5208968073217575
52	5.83829036792899
53	6.296269287452257
54	6.269774412109958
55	4.906526818661157
56	6.478993792764803
57	5.473143326570028
58	5.045810273134339
59	6.420237960838575
60	6.339833045218726
61	6.377785326824718
62	5.344101236029019
63	6.134315577069027
64	5.206648661703666
65	5.027787290524949
66	6.6528135369468755
67	6.521959893813657
68	6.587797060327341
69	5.735585296197149
70	7.244505754515227
71	5.099650261581701
72	6.659359843387361
73	6.2055898052320115
74	4.580696933616799
75	5.758377286237664
76	5.40212611332269
77	5.350652763309392
78	5.591974306474132
79	5.535507531664189
80	5.988187202297512
81	6.855728005959203
82	5.948403244843137
83	5.928194406115876
84	6.613408987706255
85	5.8837520645142325
86	6.547188132210067
87	7.181483177313306
88	5.831402740062913
89	6.126265805649455
90	6.2171743443236664
91	6.289622348747798
92	5.60644260780075
93	5.915002662458574
94	6.036274034083908
95	5.983254350365921
96	5.442779037920991
97	4.365589548129355
98	4.963971896275605
99	6.144860655934631
100	5.122004525424927
101	5.504402794333476
102	5.898045305049611
103	6.928464583675829
104	5.591323415189981
105	5.786345102283424
106	6.143612591154427
107	7.102694929629924
108	6.906240283078818
109	5.7616456141521875
110	5.436681446069054
111	6.3350737736420175
112	5.775823437083524
113	6.124466012422393
114	6.211343910207722
115	5.5290171639547525
116	5.980215309125487
117	5.168896742236463
118	4.762872908144345
119	6.269723987028276
120	6.172243745972602
121	6.146602880911208
122	6.281249878956476
123	6.202344834660521
124	6.112764028616385
125	6.053962127624255
126	5.409004148642998
127	6.1485299007587555
128	5.415611564659974
129	5.44839433717425
130	6.043180990724337
131	5.538476477947805
132	6.116956410564724
133	5.556510998802315
134	5.926508545049001
135	6.078419975281577
136	6.37836312095654
137	5.378481005505892
138	5.822409746271053
139	5.016365501018299
140	6.208735931004672
141	6.750122511504742
142	5.1500886394470315
143	5.534782414392976
144	5.350799308029569
145	7.055759014026585
146	6.598317890737235
147	7.059611737223652
148	5.255072286504271
149	5.566113385175898
150	5.237860181704083
151	6.201827119638557
152	6.185574298001094
153	5.473557129897096
154	4.408137786984818
155	5.9241579719807005
156	6.793559191943036
157	5.329599595438922
158	6.658725490390013
159	5.9970643628728695
160	6.410575949481778
161	5.790646887293925
162	5.836442403611727
163	6.199411756506888
164	6.210886408880469
165	6.372904024341842
166	6.95736949818308
167	5.823991474202894
168	5.627632019572261
169	5.206575674770176
170	5.440231339333542
171	5.904616105285923
172	4.920337820041258
173	5.256856387806527
174	5.644123238508373
175	6.789579282647464
176	7.274560434924206
177	7.0503985162678875
178	6.033038746621362
179	5.820045580078538
180	6.399406214168439
181	6.3256288899616
182	5.476875919303218
183	6.690512379886487
184	5.907713313459816
185	5.384769369289036
186	7.153707463023845
187	5.682958242177847
188	5.795479195994891
189	6.390534514697113
190	6.1362392642452805
191	5.515061120360365
192	5.589063155458214
193	6.300224410653755
194	6.933340269323837
195	6.490375001361826
196	6.833930888775892
197	5.402180041556712
198	6.705475589103674
199	5.778945702964847
200	6.322151950559298
201	5.277764276674134
202	6.514305804077166
203	5.434182421022561
204	5.771181905989943
205	5.443880634793978
206	6.375754321253528
207	6.94730950507316
208	5.895559067987051
209	6.518251276214142
210	5.290986869113112
211	5.188447008839123
212	5.779928651774535
213	5.967258344745708
214	6.511681325448013
215	5.275093752583988
216	6.543702753310855
217	6.053058582984834
218	5.164773460276927
219	6.5633441519388
220	5.349804434689715
221	6.971621233318729
222	5.1914689656643365
223	6.245461017336661
224	6.419082155306872
225	5.489347535321775
226	5.906998002844678
227	5.765208363669681
228	6.805565020591021
229	5.190948062324896
230	5.479975745414698
231	4.839221747490228
232	6.075324545543408
233	6.179022890311899
234	5.566166246923385
235	5.940061394347577
236	6.903764907684187
237	6.749360785591748
238	6.469653975253875
239	6.935629106019168
240	6.264186444912339
241	5.685375764402561
242	5.447455526881431
243	5.6744267278106415
244	5.456050556564151
245	6.315353728661581
246	6.220562310211487
247	5.455658545852639
248	6.6970468267321674
249	7.247873393242257
250	6.295786114022593
251	5.87991727932919
252	5.571208217730483
253	4.338237190543188
254	5.472571761631116
255	5.848290240783778
256	6.385594098361131
257	5.32377902694307
258	5.732635644671973
259	5.751082479594818
260	5.745037979762016
261	5.7162305916839005
262	7.024309123481584
263	6.250707941922883
264	5.351198011731454
265	6.116692765614117
266	5.230575475835293
267	5.211931455859615
268	6.250669686914128
269	6.145721565751176
270	5.854514792584814
271	4.852695057953242
272	6.164073448436933
273	5.538119719620392
274	6.688846740968681
275	5.257101409434755
276	5.444287233089563
277	5.57532325502358
278	5.894276512464365
279	5.777446956381027
280	6.8178358407143
281	6.524675036822113
282	5.25173808275819
283	6.626032245705054
284	5.706533216556029
285	5.8965146868082225
286	5.465827800973784
287	6.232969606388361
288	5.406485928620289
289	5.651668153583887
290	5.5299494688192175
291	4.189274452720343
292	5.233136616508654
293	7.360550258582225
294	5.4394905492445105
295	6.910068476956804
296	5.832663810070328
297	5.1637398511811625
298	6.591796028311364
299	5.388597480453817
300	5.715981121261138
301	4.993674365177867
302	5.266256602529902
303	7.037220644312911
304	6.997017977373616
305	6.33328214889237
306	5.10118450500678
307	5.245677598067449
308	5.387720860620029
309	6.230076965853146
310	5.350287725498977
311	5.584358613963963
312	6.071454320549189
313	6.891189177681763
314	5.645949743367964
315	6.878359862304617
316	6.297213961936695
317	5.67709353524493
318	4.8383092581986125
319	6.296512343280483
320	6.317452247429173
321	5.917482128524204
322	5.349555812409865
323	6.440474746469893
324	5.812946518152603
325	6.508333565815802
326	6.868027025392032
327	5.587302371221692
328	5.215217633948279
329	5.576033726783256
330	5.595574310597537
331	6.575891285887778
332	6.446904343977461
333	5.738573016403654
334	5.999446243111743
335	5.493587127423379
336	6.393359452385791
337	6.633765880614519
338	5.889067800753701
339	6.169990627438222
340	6.161516967196949
341	6.483766628287008
342	5.569382909491348
343	6.059780239491374
344	6.513159622184078
345	6.076971938173908
346	6.004022990760859
347	6.267638352898013
348	5.970659673131498
349	6.237011046542431
350	6.262837185351937
351	6.433949652912459
352	5.971328326713634
353	6.917072761446859
354	5.474984167859172
355	6.175178239336954
356	6.892117868410423
357	6.052127869974356
358	6.890198558662087
359	5.815143838225465
360	6.206978897176809
361	5.416783493508119
362	6.494413988344604
363	5.549586708399667
364	6.3526868680237385
365	6.210665427750375
366	7.194995158887468
367	5.513826051366498
368	6.047831669452134
369	6.169662707725074
370	5.466746467293706
371	5.769893835813855
372	4.922609292719837
373	6.720863130816724
374	6.442210654032048
375	7.018768883870776
376	5.360653576753706
377	6.979666354879124
378	6.288361989444335
379	5.84879448178285
380	6.2919500979640155
381	4.718265059459857
382	5.72616935246333
383	5.750550506580939
384	5.492065524498825
385	5.732557785762765
386	6.219116098296581
387	6.063652222658857
388	5.874039906180273
389	6.040799542782285
390	5.28996182743298
391	6.038368709656187
392	6.787576769762065
393	6.0246134057953515
394	7.35191712082936
395	5.994068809630398
396	6.0403341585437635
397	5.583179524595228
398	6.009329013072905
399	5.445002947002649
400	5.216343100784938
401	5.162787300357013
402	6.685686886515308
403	6.067066588202059
404	5.550108764380975
405	4.742661608898198
406	5.805945852687886
407	5.361969459703687
408	6.37839522244952
409	6.328702174971113
410	6.586927743415193
411	6.291538645173498
412	5.521288704398709
413	5.924491986074083
414	6.300231837758632
415	6.339870611250046
416	5.741419397355501
417	6.789569008607382
418	6.639889138253321
419	5.767845065925149
420	5.064230833718154
421	5.861371443690732
422	6.8760074889481375
423	7.253794788777466
424	6.5111735156994355
425	6.920312297424836
426	4.938003199575986
427	6.338684480099584
428	6.346803643424729
429	7.647059250307982
430	7.080893952599339
431	6.67092013778165
432	6.329486474189539
433	6.52406125752653
434	5.535868265168069
435	5.937057773386456
436	5.786706501570404
437	6.214145823028118
438	5.350043939489061
439	5.70386247013273
440	6.090715687393888
441	6.388124436979221
442	5.710076435226282
443	6.787606038167031
444	5.634973645554662
445	5.154234548349147
446	4.809593369302872
447	6.946436274634228
448	6.224434599353117
449	4.402070192723638
450	5.670257256209152
451	5.630301524710376
452	6.14469145648625
453	6.434548836315199
454	6.674970741976587
455	6.484581816454672
456	5.516223289133252
457	6.528346220722888
458	4.955614146357402
459	6.7080072386209695
460	5.575947858946165
461	6.256343608408665
462	5.960405911875164
463	6.519411100620077
464	5.668387972584338
465	6.088735109408542
466	5.734152688948337
467	6.416489183307521
468	6.1813234384729485
469	5.763079830037896
470	5.4970999574655215
471	5.475968278748915
472	5.073866544344734
473	5.921535745485536
474	6.122194034252417
475	6.367054041102529
476	6.395935920826742
477	5.105749658771939
478	5.170938736447299
479	6.235950368990113
480	5.466575166967232
481	5.289114614721344
482	5.951174951712822
483	5.751412787035224
484	6.166114313727872
485	5.7883347492239885
486	5.936542057837449
487	6.239769434589626
488	6.750917434343137
489	4.760660026682308
490	6.1141665184051295
491	6.3858481459181
492	6.5309879900801375
493	6.523973146447032
494	5.9357944752314
495	3.9536049922850602
496	5.537834111117543
497	6.053423632457755
498	6.7253351695035235
499	6.353904614043422
500	5.934587865956763
501	6.442785602493677
502	6.1704340626321805
503	5.711163182376401
504	5.419083010251845
505	5.963102656144959
506	5.151640411154778
507	5.701054317059259
508	5.317485344387091
509	7.067563150343004
510	5.996349069671447
511	6.289657197819906
512	5.488969996418084
513	5.237556602333475
514	6.039723852323897
515	6.560993032133584
516	5.420390232236103
517	6.5767530882014675
518	6.832183105081786
519	5.7542296637624055
520	6.919824471838934
521	6.440643188474216
522	5.743687046593076
523	6.314176482017501
524	6.7518324187840335
525	6.247026268087211
526	6.9696892430518
527	6.187469349518468
528	5.513930534107472
529	6.461047580912709
530	5.472731408825063
531	7.3279994155080725
532	6.706189381584409
533	4.770417738769373
534	5.706763613091122
535	6.55594007626959
536	5.17772098559524
537	6.246479513785082
538	5.902573837969227
539	5.816439799680982
540	6.183275867671579
541	6.324850593920841
542	6.004838713919744
543	6.063996527146435
544	4.289865286596718
545	6.295978231890331
546	5.803860720673886
547	6.620492025305672
548	6.136342015368148
549	6.526870904292446
550	6.925512203420685
551	6.0475170377874745
552	6.539967319838559
553	6.262894983608276
554	5.874306077989538
555	6.0069341415808974
556	6.507283902819397
557	5.816993284263075
558	5.451120325466036
559	6.251334124710411
560	5.032984127009544
561	6.201587282227473
562	5.765202655955883
563	6.9708314752039895
564	6.529554093265547
565	6.509650182621756
566	5.888238125917269
567	5.666462881228654
568	5.820949666905411
569	5.880101475852395
570	5.394395822120714
571	5.551417648459078
572	6.23545751463098
573	5.322756891536604
574	6.387147373076351
575	6.838765895106397
576	5.874275603768183
577	6.320545659688789
578	6.173546709499702
579	6.229203581911861
580	6.0331687649013475
581	6.406166327009428
582	5.589644902004776
583	5.779047387388899
584	5.217157066594809
585	5.837894062901361
586	6.431475724060355
587	6.526990907280041
588	6.445414369212813
589	5.162400559386394
590	6.24986747852437
591	5.539760137593155
592	7.002678927538606
593	6.495271555193925
594	6.804632471796746
595	6.80069142311501
596	4.764852366607596
597	6.440445853867069
598	5.772191680874675
599	5.56971363815067
600	5.996434401240549
601	5.629040995100513
602	5.570123110996792
603	4.947590856670021
604	5.664237072301583
605	6.427309569627554
606	4.991566635336278
607	6.826518865153048
608	5.767860068334267
609	5.737519350622149
610	5.439250312699005
611	5.388900927723928
612	6.392839940923015
613	5.822163629256899
614	6.523320445831184
615	7.25140773881382
616	5.064633794774029
617	4.603785580994251
618	6.172780644825521
619	6.405233624374627
620	5.846706828310354
621	4.97432348994189
622	6.308024989485386
623	5.548048848710356
624	5.935241512949385
625	5.755709706038675
626	7.155130285048822
627	6.15349713325056
628	6.713295070109544
629	6.101080556134028
630	5.303187787846232
631	5.880049594071655
632	4.971831291769853
633	6.912287871510236
634	5.9289685652724335
635	7.317744782252703
636	6.714448434988941
637	4.769384769727881
638	6.080889214897373
639	6.746671022265218
640	6.041934140907276
641	6.604013187664181
642	5.137436891405809
643	5.737725485385837
644	6.305019645779596
645	5.822775998204978
646	5.782718575386941
647	5.324390443826646
648	6.467307025075728
649	6.551359498528957
650	6.289643116300188
651	5.339698000102847
652	6.14932521942749
653	5.553673450641024
654	6.416754782157526
655	5.401216534734703
656	6.649558067197601
657	6.501164918474387
658	5.830878373434341
659	6.222039067768492
660	5.877144898310126
661	6.47087477975525
662	5.891383747907821
663	6.659282610615201
664	6.108333967472638
665	5.303725692188332
666	6.085295625100843
667	6.139221440828607
668	5.812232811879569
669	4.990881354790991
670	6.468310393179611
671	5.765432280075567
672	5.570362072542374
673	5.744957909573831
674	4.817487354831038
675	5.963972469815053
676	6.097484229679332
677	5.420390352551338
678	5.513375986386866
679	6.431123778806068
680	5.91874415397511
681	6.1896986071292
682	5.412427381911714
683	6.359929736149276
684	5.319827258715342
685	5.892891978559254
686	5.954814635112416
687	7.184649706258261
688	6.964927533430186
689	4.409007013451109
690	5.174652086575709
691	6.036225066583332
692	6.032667998224497
693	4.908495066085986
694	6.530013699483019
695	6.108882602569647
696	7.0645446603378765
697	6.619474902029781
698	5.609150291071273
699	5.276431215065531
700	6.953775473071304
701	5.8408371205917895
702	5.523239409090907
703	6.561678666470106
704	5.863661382610219
705	6.084988900848354
706	4.34846205558014
707	6.466860240954702
708	5.552879464380177
709	5.7256736437815965
710	5.141736946048458
711	5.184078764262315
712	6.382671349919057
713	5.298063829144336
714	6.164686948686722
715	5.823537303824976
716	5.291732030105777
717	5.613114738615141
718	7.208466463707104
719	5.632466174138244
720	5.590240695460869
721	5.961583206267096
722	6.264370764023624
723	5.444842187999582
724	6.112061649046014
725	7.2096078982638
726	6.094046420719543
727	6.02710943693916
728	6.395796278586473
729	5.599361330409357
730	5.694043191294186
731	6.177123014195522
732	5.505176325567606
733	5.966004931412282
734	6.363277762851794
735	5.280867491495363
736	5.590185819131633
737	5.959574161537603
738	6.916894148513674
739	5.97572820708956
740	6.589823048996428
741	5.484701015697994
742	5.863045427347778
743	6.040077223081206
744	7.38760248267729
745	5.940089853053602
746	6.497778866905719
747	6.219121579680807
748	6.725681941115087
749	5.726286767409571
750	6.951583556228263
751	5.093921168566387
752	5.830872315195545
753	6.724017152362503
754	5.259130688185838
755	6.272092680166037
756	6.103720520053424
757	6.485967300832272
758	6.625357470674014
759	6.424528869484978
760	5.503288791876222
761	5.74448932276573
762	6.389327489164619
763	6.124939712904355
764	4.901996442116797
765	6.816972550506202
766	5.785838482775337
767	5.52046038811095
768	5.65964885437972
769	5.294650009389789
770	5.316398252006842
771	4.917951920403478
772	6.1609799918772366
773	6.130084270826326
774	5.749379916421493
775	6.329238521214575
776	5.906094170175493
777	7.258106733636501
778	5.598218055175191
779	6.315035955165513
780	5.3837062310028285
781	6.199651626134503
782	6.264555222550241
783	6.7295156750944445
784	6.457972030218419
785	5.500420091524055
786	5.716288616249445
787	6.330492144368084
788	5.497391526737963
789	6.147616555617223
790	6.159838400279673
791	4.886728582496289
792	5.5896545526226085
793	6.472611420241225
794	6.34532240249596
795	6.7065182704012845
796	5.222706704130608
797	6.377637047942824
798	5.118542614601681
799	5.783469183439458
800	6.056564161311447
801	5.486443278835276
802	5.959304943311445
803	6.320778806048717
804	5.83188034626959
805	6.516861604526639
806	5.8638644274906255
807	7.187215833523078
808	5.5382447718511685
809	7.007878837720702
810	3.88760370311448
811	6.6031271121906245
812	6.057958148761342
813	6.090293890944767
814	5.044354119269616
815	5.438196254384128
816	5.8151045274031015
817	5.729582638188731
818	5.349107437725512
819	5.979598656546192
820	5.830166372366615
821	6.100736026002682
822	5.686559941282861
823	6.273685041582212
824	5.361936684682682
825	5.483190550185416
826	6.343457680176168
827	5.920462917867361
828	5.452723098977003
829	5.849419649108313
830	5.2731095383032445
831	5.761626188712068
832	5.455501277437151
833	5.294752767976994
834	6.974404755717842
835	5.294983628727668
836	4.223571570323354
837	6.074405925730908
838	5.122774679027498
839	6.126933996357756
840	6.0613246828641945
841	6.1182238574427386
842	5.545208449567629
843	6.589418180387242
844	6.474366146620014
845	5.616341477769311
846	5.734457173721037
847	6.161528149212245
848	5.597715892032284
849	5.751995091976521
850	6.083277578947933
851	5.792155782692134
852	6.54418916190106
853	5.641525347935385
854	5.068398617215765
855	6.101764829887543
856	6.385755803768656
857	6.199797950409077
858	6.492836892330909
859	6.199815210953327
860	5.4175120531775365
861	6.487771264570967
862	6.223206393016306
863	5.495622432629009
864	6.666354840268226
865	7.010969868424581
866	6.030297691551303
867	4.71346101505068
868	5.208702080417424
869	6.31939822797098
870	6.147505310069391
871	5.5777976449462585
872	6.0993887244078975
873	7.175585075468837
874	6.3044936767886
875	5.611861138793254
876	5.146046937868485
877	6.125140373163352
878	5.003575215831266
879	6.436110753469857
880	6.0586108152305576
881	6.2016535509978175
882	6.839885946368061
883	6.1563750680145475
884	6.078033955045005
885	4.927549360764845
886	6.005837375894771
887	6.816693079379958
888	7.190456400448907
889	7.05084419376882
890	5.7522171723000985
891	6.584373242266121
892	4.784697488131416
893	5.604390596668236
894	5.949302353641196
895	5.630871996987567
896	5.973805621709494
897	6.265184521648245
898	5.685856018690781
899	5.832624023925746
900	5.787276474494037
901	6.7252871294265555
902	5.801129498918865
903	5.075075347167016
904	6.907209349786474
905	6.5112260100711135
906	5.285764759226533
907	5.283667683931223
908	6.640238088638095
909	5.620362722638832
910	6.14912505818369
911	4.985414618401721
912	5.2025418930570595
913	6.481419538751998
914	5.51736694252502
915	5.394074682405011
916	6.708145221243338
917	5.628867389212246
918	6.320240060356445
919	5.573683481616899
920	5.260325741541402
921	5.175952738928609
922	5.387238025689537
923	4.611418237771085
924	6.13160387897158
925	5.917891099161352
926	5.4650409246857565
927	6.369191789294057
928	6.71997612865049
929	5.516872009388171
930	7.482221053048436
931	5.360231150006358
932	5.67146517090671
933	6.039334317147281
934	6.242731798369538
935	6.164315560269945
936	6.256908856388354
937	5.860978353584263
938	6.51529804363306
939	6.7212693408668125
940	5.88177109217213
941	5.692364022601396
942	6.764478399079027
943	5.923842375884608
944	6.140637684201162
945	6.3050864311362
946	5.744304453767836
947	6.272882920062069
948	5.137222927459516
949	5.889384660154714
950	5.596503216464771
951	5.992078090556897
952	5.519348152175856
953	6.5112885304261
954	5.915870843684146
955	5.886107143059018
956	6.122487030462556
957	6.368986757215073
958	7.077360973529586
959	4.796377655309625
960	6.155523125853506
961	5.454806242423894
962	5.718272940187792
963	6.415265283727786
964	6.02799886847303
965	6.929547139067346
966	6.0162361376431015
967	5.819036638683399
968	7.3275139277987185
969	5.745021314207406
970	6.609570516707698
971	6.156818121292061
972	5.374293592921458
973	6.830601300305242
974	5.375801369631663
975	6.404945271322504
976	5.389685662249104
977	5.879990149434889
978	7.141554417602795
979	6.497607781352209
980	5.214491286567257
981	6.075914144566607
982	5.873912787763402
983	5.445514645669998
984	5.522769560714633
985	6.546276922878479
986	7.252269568722113
987	5.6335397181857845
988	5.159531059209257
989	6.629741574415345
990	6.882227872950299
991	5.87597990630893
992	5.59219698917069
993	5.759243413815663
994	6.273281565290832
995	6.6610581996074565
996	5.8957036982084485
997	6.10311308320767
998	5.508126933000955
999	6.028324371014605
1000	6.229867613793391
1001	5.734003726069608
1002	5.4501295328792185
1003	6.9191575789799185
1004	6.464988113701111
1005	5.932727860435989
1006	6.16291544935666
1007	5.9863990478139995
1008	5.302329241623299
1009	6.878687906400522
1010	5.132637392938098
1011	5.316662962233682
1012	6.136469330755062
1013	6.6633347117874235
1014	6.261917330848519
1015	6.5003059682494495
1016	5.816733669032915
1017	5.889259637135115
1018	6.234374013800537
1019	5.830768210935233
1020	6.3323041944698035
1021	5.93682656461454
1022	5.395398035861684
1023	6.3883697298502
1024	6.0674730014725355
1025	5.548055034552817
1026	5.2303402400898955
1027	5.903819826883801
1028	5.8290057228567695
1029	5.347079446054219
1030	5.156160001783671
1031	5.635555770034746
1032	5.758259313256713
1033	6.505505385803585
1034	6.228332136510289
1035	6.252873181452742
1036	6.038774839258986
1037	6.434201216940502
1038	6.07948274024567
1039	5.481712398083451
1040	6.8050343383623
1041	6.796507846331224
1042	6.816284785792232
1043	5.082881751133957
1044	6.613347249834434
1045	5.602857398131164
1046	6.57007273375699
1047	6.597336003853178
1048	5.870547392340894
1049	7.018644212129256
1050	5.24654469560344
1051	5.903581172209233
1052	6.009779976818849
1053	5.8677136593614705
1054	6.59504998813472
1055	5.285813906816421
1056	6.336299372293676
1057	5.737620151317161
1058	6.038183077033609
1059	6.548689285623065
1060	6.562281655341697
1061	5.279397255710015
1062	6.3188752748968975
1063	5.628731848439202
1064	6.413504612880448
1065	6.8388920033661025
1066	5.5203465302363925
1067	6.499084061752497
1068	6.011916970981596
1069	6.159273174227565
1070	5.814835871824817
1071	4.998217412490501
1072	5.512109220087623
1073	4.488783578396708
1074	6.394487647106871
1075	5.450376541285853
1076	4.926761973636328
1077	4.630842153013995
1078	6.648076592085498
1079	5.658339544404298
1080	6.747444455783504
1081	6.594007646684379
1082	5.119114822824486
1083	6.520543371210806
1084	6.910464287923578
1085	6.2391859195626305
1086	5.823006685788277
1087	5.93056259584652
1088	7.0047193785353254
1089	6.889310358780979
1090	6.1507856955286115
1091	6.269049820723012
1092	6.156521665873816
1093	5.562478517182171
1094	5.884927450232984
1095	5.680734720325009
1096	6.380106249591336
1097	5.976231862602827
1098	7.129122366496761
1099	5.751699606853503
1100	6.8679742885675905
1101	6.065559862491985
1102	6.32694100669366
1103	6.079449272930139
1104	6.6542784479044546
1105	6.440993321274787
1106	6.471201751035668
1107	5.847801115899347
1108	6.971347777189554
1109	5.68012280418428
1110	5.377911578286844
1111	5.652838926374291
1112	6.599104632916688
1113	5.117290868723233
1114	6.059878381388262
1115	6.254967567578812
1116	6.826467641352792
1117	6.379270438702129
1118	5.815728086234641
1119	5.379043331098122
1120	5.923212913912721
1121	5.733024516522787
1122	5.628544601827377
1123	5.41889527568128
1124	5.81115657301797
1125	5.799334239051677
1126	5.194700460880995
1127	5.777708523450808
1128	5.752125122334941
1129	6.3422155996862175
1130	5.651377119414974
1131	6.169764629651413
1132	6.275800842220303
1133	6.022957058024725
1134	5.825675184158609
1135	5.36442131709191
1136	6.391120762729163
1137	5.681820440872495
1138	6.240627113465135
1139	6.314618163276464
1140	7.06189892316858
1141	5.893834924752203
1142	5.7208736526814326
1143	5.823045215714956
1144	6.696836142202041
1145	5.3663442816274864
1146	5.31415954793126
1147	6.1401441537745995
1148	5.901199176087088
1149	5.373357326735889
1150	5.416887174720284
1151	5.21090507102781
1152	5.734487033530604
1153	6.668853792428438
1154	6.104956067253456
1155	6.43169257051001
1156	7.3367683519803295
1157	5.070575090600988
1158	6.192500725466137
1159	6.086782804268989
1160	6.779774136408897
1161	5.581915485662529
1162	6.668828988747139
1163	6.747212024681546
1164	6.437884307757486
1165	6.334362455276557
1166	6.629312154339542
1167	5.549943711242771
1168	6.054502277500241
1169	6.438202852257139
1170	5.459844961597507
1171	5.559307231626008
1172	4.5901944268305135
1173	5.682951612427132
1174	5.387890248852609
1175	4.0829124776387795
1176	4.849435330313795
1177	6.042364837732166
1178	6.244789903207372
1179	5.625021111461907
1180	5.979841938312165
1181	5.242587685313386
1182	6.355517432864872
1183	6.338036663780388
1184	5.549703780757754
1185	6.713837125358016
1186	6.164778188721317
1187	6.324395591321473
1188	5.521770585958923
1189	5.868647312968581
1190	5.66497916887359
1191	4.972410584325969
1192	6.460113465149576
1193	5.879545602612198
1194	7.100115061427156
1195	5.782064662418431
1196	5.057190748113815
1197	6.262278121698182
1198	6.506280333993749
1199	4.875327901485817
1200	5.8134626543167265
1201	5.444222583819647
1202	5.651365979842376
1203	5.261132373681499
1204	6.33674374502955
1205	5.641558001479134
1206	6.341620521090755
1207	6.944927462852017
1208	5.1629040604177865
1209	5.021213730845678
1210	5.5959935549582385
1211	6.219202985044103
1212	6.110989855506512
1213	6.265367192306345
1214	5.558806699192659
1215	6.480643144567564
1216	6.800654954811627
1217	6.259835832237609
1218	6.132699348912057
1219	5.948702255940589
1220	6.290269016217359
1221	6.388639108872869
1222	6.627147276944015
1223	5.278439480406967
1224	6.268666242482141
1225	5.69587632345967
1226	5.983381161941604
1227	6.076478888746351
1228	5.760014325791659
1229	6.029975793605414
1230	6.047338367827858
1231	4.5677022627787665
1232	5.507408751041761
1233	6.032984461208495
1234	7.071633155535285
1235	5.737684945560371
1236	5.674914121696794
1237	6.630892118139725
1238	5.915233704563299
1239	5.506498200945013
1240	6.224654225448224
1241	5.846852688901973
1242	6.930568384526011
1243	5.2792741405125705
1244	5.2598075435496865
1245	5.2768246737452085
1246	5.644350638554897
1247	6.151438859564697
1248	5.696437148144469
1249	5.965959944114729
1250	6.251505083616146
1251	5.532777735047663
1252	6.6694985107957
1253	6.231585308931948
1254	6.052268431029426
1255	5.704927319611766
1256	7.237551094475203
1257	5.282096432885155
1258	6.702537008813427
1259	6.18218568126163
1260	5.536461809708271
1261	6.256495678540448
1262	6.380710730151761
1263	7.022352870798817
1264	6.4816762917002455
1265	6.057161682518199
1266	7.240747680224013
1267	5.27263874112572
1268	6.395028951306206
1269	5.745623712068967
1270	5.676705905666145
1271	7.072874750065453
1272	6.551820158793514
1273	4.966939105043909
1274	6.103458796963095
1275	6.641965257081513
1276	6.132833899813704
1277	5.92164445319213
1278	6.697685871142312
1279	5.986536059037058
1280	6.41635980468709
1281	6.518355425048087
1282	5.358589292203467
1283	6.397661180691793
1284	5.666346302648124
1285	5.327733419041204
1286	5.38411316042766
1287	5.678965691223984
1288	6.447425959945616
1289	6.317676638277119
1290	6.36161256050828
1291	6.198190188562301
1292	6.782434988447598
1293	6.009769815306824
1294	7.358115747149679
1295	5.558373947947985
1296	5.877745443809545
1297	5.7235595408827065
1298	6.464408697198248
1299	6.541007975116372
1300	6.540444039143622
1301	6.285839481002075
1302	5.6596675609950635
1303	5.933711556653524
1304	5.411298603484673
1305	6.949970122695399
1306	6.252599993536326
1307	6.604243156604935
1308	5.93215183311385
1309	6.432565070009635
1310	4.606424698453898
1311	5.016055306225705
1312	6.573614958720282
1313	6.227044017667967
1314	5.446261250871587
1315	6.316610832587772
1316	5.872343581260951
1317	5.609731353474436
1318	6.759677784430096
1319	6.20079582492407
1320	6.203850764521015
1321	5.980216192173292
1322	6.680960835669847
1323	5.542847146766937
1324	7.025500814700499
1325	5.5848179570088785
1326	6.0591634504414875
1327	5.038944096797529
1328	6.358402229819654
1329	6.217017317558394
1330	6.181952395952186
1331	5.837693077944485
1332	5.575549975394097
1333	6.0922175525114515
1334	5.681906469269759
1335	5.773881351325794
1336	6.456643687456005
1337	5.393386371347502
1338	6.631952922994969
1339	6.0965482466854155
1340	5.5027090392230695
1341	6.805644099071452
1342	6.583411579993977
1343	5.70139341650065
1344	6.148932353020771
1345	6.326393517330289
1346	5.770428620816754
1347	4.941334007609704
1348	4.958362426618924
1349	6.994594544852152
1350	5.496958974588277
1351	6.880436602397822
1352	6.28389695363764
1353	4.6583371627959425
1354	5.7837441391132485
1355	6.604223877754218
1356	5.248124665173236
1357	6.596332757146624
1358	7.335912144177461
1359	5.43868286232464
1360	6.388105345812316
1361	6.236269752805431
1362	6.996863631410869
1363	6.592614332508917
1364	6.056827026877492
1365	5.683592130010948
1366	6.01348252892716
1367	5.25019500273853
1368	5.657142541569623
1369	6.948027182956029
1370	6.83521532320107
1371	6.225045898836106
1372	5.902551030429701
1373	5.435815471869248
1374	5.900166743752462
1375	6.339497137681714
1376	6.5478137470116575
1377	5.855674824878124
1378	5.202922003435423
1379	6.658595906398994
1380	6.6511689752340315
1381	6.257425899226218
1382	5.334583542919496
1383	6.6687774342059605
1384	6.543308350422497
1385	6.158487472225291
1386	4.691191368222159
1387	5.7148339157204395
1388	6.486485195481994
1389	6.531183938647155
1390	5.648607848954963
1391	5.500175269669853
1392	6.021788829297293
1393	6.513559324812377
1394	5.554497538918727
1395	6.091600363581585
1396	6.3320174582595765
1397	5.669650743770901
1398	6.074689585230469
1399	5.76411752990033
1400	5.108503538684454
1401	5.436514583046494
1402	6.9009074750647414
1403	6.221853842914033
1404	6.022845097351819
1405	5.8715720512887595
1406	7.477509675033647
1407	6.30021812248213
1408	6.224068081621746
1409	6.464182452660882
1410	5.932995624460378
1411	5.581597939205285
1412	6.897035260424566
1413	5.4915478264984605
1414	6.773989216513222
1415	5.851691796278049
1416	5.497484817060952
1417	6.662773801381455
1418	6.384895418855982
1419	5.170960543997353
1420	6.250908515056256
1421	5.923453946429719
1422	6.343496759430439
1423	6.356772500140194
1424	6.9771254273267305
1425	6.454154087125789
1426	6.691318779734762
1427	6.855105093424209
1428	5.457818746584019
1429	6.7475624371921485
1430	5.459845630578154
1431	5.118750214892706
1432	5.5475025925975805
1433	6.525712524133269
1434	8.163946659098762
1435	5.050055492503036
1436	5.901679135373949
1437	5.831852844101377
1438	5.752132288699683
1439	6.971376548530922
1440	5.880133652215591
1441	6.641158385995637
1442	5.9935788421180884
1443	5.738334831176326
1444	5.984007214745507
1445	6.139428462625282
1446	5.49057293511354
1447	5.329451240424532
1448	5.450431883742567
1449	6.0005625999675924
1450	6.017366284662525
1451	5.365443156444994
1452	4.727129665402962
1453	5.788265491206268
1454	5.7505248939721945
1455	6.215719268812488
1456	6.116882188851013
1457	6.5404779762347145
1458	7.104910365820519
1459	5.967907832159351
1460	6.154102425596773
1461	5.273467122357236
1462	6.06555403576931
1463	6.748301743413322
1464	6.200318645844236
1465	5.871288895808076
1466	5.259903325455352
1467	6.866885392315453
1468	5.33242987979403
1469	7.4597768578367925
1470	6.322533544564906
1471	7.76655841145354
1472	6.26111239793331
1473	6.144931913927264
1474	5.5605079350948685
1475	6.374390745812672
1476	6.708481537015177
1477	6.5874169545800045
1478	7.163694443460554
1479	4.937440400330901
1480	6.291751501819817
1481	6.463158309106128
1482	5.910072988238729
1483	6.720980856616127
1484	5.193654577841141
1485	5.002521819771371
1486	6.434385405757519
1487	5.2703906624940124
1488	4.494046494874748
1489	5.911072830195297
1490	5.562733884634716
1491	6.7401356411282904
1492	5.662509310550781
1493	6.468354177553779
1494	6.2156748898892795
1495	6.292775228085435
1496	6.512142617335735
1497	6.520128106252135
1498	5.797917760536075
1499	6.09646109294235
1500	6.003557358237837
1501	4.706396425734662
1502	6.14531412787843
1503	6.315866309340068
1504	5.757425211413108
1505	6.387014025132413
1506	5.688586639514791
1507	5.80786755301524
1508	5.872600673007158
1509	5.351349749203239
1510	5.906119873333308
1511	5.618242948324066
1512	5.389751838278025
1513	6.086214457132408
1514	6.666193355717475
1515	5.692679912653855
1516	6.781907452410087
1517	5.530481788961749
1518	5.68327688543057
1519	6.459288927773014
1520	6.432622038276383
1521	6.587940515262917
1522	5.931595646824765
1523	4.927598242380622
1524	6.03100275033198
1525	5.914112271124716
1526	5.55292930529238
1527	5.309586751414463
1528	5.3104637550777225
1529	5.273836099655078
1530	6.272350101005834
1531	5.855918408875975
1532	5.929188347859308
1533	5.801961938360835
1534	7.053046728484333
1535	5.743090848205611
1536	6.099875451255314
1537	5.53764932625927
1538	6.147291110765019
1539	5.644621256962777
1540	6.063809186522849
1541	5.339394389354656
1542	5.697642150655156
1543	5.770774091419298
1544	5.614289223530795
1545	5.778919776474747
1546	6.7253924631513655
1547	6.17043006416255
1548	6.408519421537806
1549	6.917676260995601
1550	6.389832498560495
1551	6.7231209644694525
1552	5.610281516298918
1553	6.923380769910696
1554	5.847463971145613
1555	6.214242079760879
1556	6.004363714639719
1557	5.224767920337618
1558	5.16913237509487
1559	5.202574815164553
1560	5.905989020777104
1561	5.619005374788471
1562	5.914136387500912
1563	7.436804610742804
1564	5.323485102882842
1565	6.506522699793869
1566	5.554188989769583
1567	5.964445962284047
1568	5.2135227635804124
1569	5.320211629256267
1570	5.98700352265116
1571	5.86250308105214
1572	5.914329691114085
1573	6.170968855793874
1574	5.819613755110185
1575	5.511368438780594
1576	5.292964735252705
1577	5.876813199846884
1578	6.1994685449559865
1579	6.114513083572754
1580	6.160016175466201
1581	7.138304591463465
1582	5.7051837159475935
1583	4.872012430336326
1584	6.501075421149532
1585	6.50380282376326
1586	6.455730515542779
1587	5.511474220013177
1588	5.838162804190587
1589	5.915632807603106
1590	6.436527028192012
1591	4.700866371729514
1592	5.417187029617795
1593	6.318198342248797
1594	5.589943197297139
1595	6.204624009939532
1596	6.316781795001589
1597	6.5496114482618095
1598	6.1558523147284765
1599	6.6240955699378485
1600	5.141278564191327
1601	6.342890790221281
1602	4.55645117664244
1603	4.73011377153575
1604	5.554782502785591
1605	6.129446999798529
1606	6.015041625342117
1607	4.20819195998936
1608	6.561702417405022
1609	6.941256206391541
1610	5.276862334870246
1611	6.538603036105632
1612	5.99574281073133
1613	6.392068371265417
1614	5.867639723971176
1615	6.178517301850345
1616	6.089638445461169
1617	5.957685671189962
1618	5.880907985463957
1619	5.553649916717162
1620	6.0613336423703
1621	6.156418915501693
1622	4.573393726920975
1623	6.715031799695377
1624	5.47172433809222
1625	8.403505936449315
1626	6.831700475051013
1627	5.801343980416035
1628	6.03259251753722
1629	5.6817249028700525
1630	6.5161849689708715
1631	4.604951927098834
1632	6.220211074221879
1633	6.003411856029803
1634	6.576496814144775
1635	5.7151934979483485
1636	6.1977273455954025
1637	5.827209758450321
1638	6.696792529102553
1639	4.8583102039604755
1640	5.935150200445649
1641	6.630368612008169
1642	6.735986786251888
1643	5.912983121435778
1644	6.754268316901289
1645	6.1289709468294555
1646	6.650172308211525
1647	7.338555107015141
1648	5.980947353234836
1649	5.745565258940174
1650	6.409173873572231
1651	6.611561375214175
1652	6.164061621216865
1653	5.426961694012529
1654	6.881906218099175
1655	5.770452480934396
1656	5.785839405787798
1657	5.237018338254919
1658	6.599057243032862
1659	6.066347046789748
1660	5.1854205504597095
1661	5.890821221652196
1662	6.7415824076591955
1663	4.874987623246852
1664	6.863820830204834
1665	5.8996878991691535
1666	4.988211612228215
1667	6.28160383591118
1668	5.338002755116164
1669	6.044879758062081
1670	5.166645192512078
1671	4.546915222052485
1672	6.695314184167525
1673	6.282352837778273
1674	5.513478684397414
1675	5.476468912368916
1676	6.2012099860585295
1677	5.644448197619231
1678	5.862796015222557
1679	4.9522222077838425
1680	6.454551506616796
1681	6.449449853888447
1682	6.8562988570063474
1683	7.014781050029737
1684	5.334604382398538
1685	6.19230949925924
1686	5.339310572577895
1687	6.105787813240155
1688	6.137360335758421
1689	6.246346760408154
1690	4.772961493261391
1691	5.599032841259032
1692	6.4961843057290505
1693	5.994676335127137
1694	5.806350304759249
1695	6.420523325446993
1696	4.632461373559916
1697	6.308262490971874
1698	5.6025952824116265
1699	6.335837489241385
1700	6.777793638718625
1701	4.7410879827705985
1702	5.793559152186693
1703	6.675787608776077
1704	5.378259922507116
1705	6.089003308714989
1706	5.539014952272797
1707	6.200167204658299
1708	5.968680990710189
1709	5.823049843914553
1710	7.224765789624223
1711	6.282845725344184
1712	6.0168152060650755
1713	6.334095495613292
1714	7.438235768442974
1715	5.743275196546511
1716	6.593991240345141
1717	5.385940959095024
1718	4.897909644434029
1719	6.260884112822602
1720	5.580276727433859
1721	6.0709481705182595
1722	5.545844100238756
1723	5.240042886205225
1724	6.0477367141197815
1725	5.96892122590604
1726	4.789239583106246
1727	5.029609229579499
1728	6.024980347283417
1729	6.707773491152606
1730	5.766118472547863
1731	6.875897472929758
1732	6.475426720613281
1733	6.268675330416139
1734	5.856422419181197
1735	4.96189256031614
1736	6.213196086988319
1737	5.816893388536603
1738	7.332278661579559
1739	6.49325312574261
1740	7.173333928268403
1741	6.04831973793309
1742	5.595370166022331
1743	5.234719321296057
1744	5.919379895767913
1745	6.049498417556448
1746	4.700799460401353
1747	5.6646717282429595
1748	5.762250528144823
1749	5.799107943613005
1750	6.813066248005877
1751	6.525093620088661
1752	5.582439469901146
1753	5.327923406822736
1754	5.08635049648583
1755	5.401910771569237
1756	6.072311886000417
1757	5.756065257165271
1758	6.401556789204478
1759	5.722308617171452
1760	6.719026531227148
1761	6.229042641594316
1762	5.870041313022375
1763	5.860936691738008
1764	6.651151767000556
1765	6.252280484844485
1766	5.637314234909258
1767	5.953970907228068
1768	5.867441851908908
1769	6.029282147491661
1770	6.170703086385037
1771	5.7426093072164806
1772	6.085461424639577
1773	5.942679557017982
1774	5.8737458641769305
1775	6.528672171248631
1776	6.079235334141666
1777	5.928029495895047
1778	6.076680161130543
1779	5.6437118600355465
1780	5.429175926887963
1781	5.753627089107232
1782	5.38416147654477
1783	5.277159293796021
1784	5.835677501624795
1785	5.999648798043684
1786	6.900970711940317
1787	6.94623912879033
1788	5.166718695910337
1789	5.971493745080402
1790	6.7333486283291135
1791	5.731711688013747
1792	6.573916838876903
1793	6.853228805187557
1794	6.595643447799375
1795	6.670704054618803
1796	6.607590004576948
1797	6.896782310396832
1798	6.391669742474011
1799	6.237885447492933
1800	6.120143040661113
1801	5.190955444675637
1802	6.920305587382367
1803	5.628286104479402
1804	4.765826726088389
1805	5.404225780065947
1806	6.476157369722119
1807	6.246644820041883
1808	6.272465449697136
1809	5.593330045728463
1810	6.699272859246573
1811	5.669861201799529
1812	6.19774335763456
1813	5.582103440047879
1814	6.366087278095825
1815	5.6985349514557475
1816	6.482892812376744
1817	5.288901254939645
1818	6.513666675595397
1819	6.759880422163875
1820	5.992777582102765
1821	5.830446767512088
1822	5.360629447203662
1823	6.580495759563777
1824	5.755766068090452
1825	6.3182248246518835
1826	5.912718471168773
1827	5.892578144751799
1828	5.51873700307241
1829	6.033490024274215
1830	5.715602264467937
1831	6.8285089460356785
1832	6.224255799798162
1833	5.565736244299582
1834	5.537126406828907
1835	5.419141926181813
1836	5.370319850311649
1837	5.406850471262537
1838	6.119218480662399
1839	7.157972543966025
1840	5.407095746977979
1841	5.626695508296094
1842	5.287403552884435
1843	6.535612970978643
1844	6.412762932629595
1845	5.880802653521593
1846	7.360664750201977
1847	5.359288799748554
1848	5.371522835420015
1849	6.257433128446185
1850	5.069791451615112
1851	5.625869293041803
1852	5.642237763218873
1853	6.246834045180174
1854	6.684242634657914
1855	5.698668354772963
1856	6.191864996750448
1857	5.895400323926217
1858	6.714725728434346
1859	5.992885047472858
1860	6.984276817230832
1861	5.470513969961115
1862	5.99281698584673
1863	7.17069004748381
1864	6.180819441913627
1865	6.890610182166307
1866	6.090176500317951
1867	5.56880853151401
1868	5.903921187646558
1869	6.305267505447513
1870	4.855168759590015
1871	5.900118597639015
1872	6.416351603619247
1873	6.042055447060134
1874	5.403889742447063
1875	6.001546569440204
1876	5.2495185099110975
1877	5.6600864364383074
1878	4.184324912002517
1879	5.546756036685441
1880	5.839514974116658
1881	6.189794287828374
1882	6.1971111393417235
1883	5.570585247129202
1884	6.4112284326027815
1885	6.272666625294368
1886	6.676717239365514
1887	6.208979014674417
1888	5.651270022627432
1889	5.243445135913789
1890	5.801361740312793
1891	5.5461233565583825
1892	6.7164732431906655
1893	7.175924721823928
1894	6.415655529294163
1895	4.364648980817393
1896	5.826173721293274
1897	6.020761977317498
1898	5.936959672961772
1899	5.888024307826224
1900	6.573469443670807
1901	5.711852134608377
1902	6.3716542450621585
1903	6.568761994421948
1904	5.823178881963638
1905	6.350010316649621
1906	6.32927494614639
1907	6.388360010424199
1908	6.203441825206392
1909	6.623793334613687
1910	5.421766640435505
1911	5.943749195697499
1912	6.892936042776065
1913	6.285923575537036
1914	6.277002944172216
1915	5.593206440690362
1916	6.716394628701813
1917	6.500489245671289
1918	5.284362752533828
1919	6.34258052688286
1920	6.008094917494981
1921	5.995472645550035
1922	5.12802358135662
1923	7.076708299427992
1924	6.264918988764596
1925	6.954985516969687
1926	5.089237431064248
1927	6.558438680746972
1928	5.9321694499619
1929	4.882401262227047
1930	5.523851829792627
1931	6.0134261707523065
1932	5.452449145970777
1933	5.683737176787108
1934	6.877043036479418
1935	6.662210722824304
1936	5.7956482457547365
1937	5.976232446475132
1938	6.074111135961074
1939	6.216081338012979
1940	7.652246973906203
1941	6.142647130670957
1942	6.026705407881704
1943	4.245555643644184
1944	5.276404102815798
1945	6.24428752513874
1946	6.1931262669580365
1947	6.2966886143549345
1948	6.626434989698121
1949	5.768225475131268
1950	6.412139148863319
1951	5.888073798245751
1952	6.867994447791716
1953	6.4716261308058165
1954	5.288867532555014
1955	6.29173945267463
1956	7.355360464910821
1957	6.231730619844582
1958	6.6568200124535135
1959	6.218444599993527
1960	5.641206093668006
1961	6.2892904236158795
1962	7.126223547054299
1963	4.748374318063725
1964	6.062380914379341
1965	6.4313506577366395
1966	6.73554463192122
1967	5.930271232537435
1968	6.094997593466277
1969	5.774790729706486
1970	5.1246318125534644
1971	6.058025254817355
1972	5.969206770791465
1973	4.596014139046019
1974	6.14753497725178
1975	5.868343259440735
1976	7.186151809487982
1977	4.915394544506191
1978	6.252047417834401
1979	5.783505568298063
1980	5.517921051740731
1981	5.8823786005479
1982	6.000237456796205
1983	5.660851892219701
1984	7.121371297107544
1985	6.646639631060815
1986	5.625567153465989
1987	5.264699935250974
1988	5.982852060250782
1989	5.813809952491687
1990	5.750285579371848
1991	7.315667191851669
1992	6.067212828156901
1993	6.9733793519618406
1994	5.952759032677435
1995	6.210287186400965
1996	4.678617285021271
1997	5.181810971061863
1998	6.026685638411436
1999	6.004446875812762
2000	6.56572128025582
2001	5.945541107303662
2002	5.539738460399139
2003	6.380286299996078
2004	6.288828428310808
