6	7.8112689758224105
7	6.167574104101477
8	5.363411917825518
9	5.775468089039671
10	5.623058447128247
11	6.0340867569825365
12	6.4925322261047205
13	6.796528657426928
14	6.107899463260026
15	5.685712630491707
16	6.084867012145104
17	5.980114711261301
18	6.025386972992896
19	5.907812310687621
20	6.068878039228366
21	6.435051588863492
22	5.942123292039079
23	6.127789058811686
24	6.173910162739291
25	6.463685567839877
26	6.246850432862478
27	5.328778364199752
28	5.202202374710006
29	6.337008076237543
30	6.1045529658458015
31	6.502257417576402
32	6.310813022071822
33	6.447206665054442
34	6.796658092384557
35	6.487472963327101
36	6.0008541009419085
37	5.830972342422848
38	5.3319070020585535
39	4.919348366158374
40	7.2354360730325995
41	6.420642720880226
42	6.030752377747495
43	6.426468347667521
44	6.473421126379848
45	6.883281549809908
46	6.797426305308181
47	5.860011032531994
48	7.2512379165239205
49	5.601232962969404
50	5.704294356153114
51	6.728177803159269
52	5.043494656594703
53	5.879848603804021
54	5.216999910265561
55	6.112173457711668
56	5.438587429488637
57	5.978727171298405
58	6.367154602129813
59	6.1683102935474174
60	6.305028507296576
61	6.019615363592068
62	5.677385737311852
63	5.804161042793684
64	7.563473336047216
65	5.6519755698654555
66	5.68325417823362
67	5.052441944224197
68	6.818170710137145
69	5.988984895202686
70	6.049481031592719
71	7.16496355194904
72	6.043165950937566
73	5.902457869156496
74	6.492179267795739
75	6.474743996616453
76	4.914367773103852
77	6.560260610156267
78	4.855401621478343
79	5.699345933352743
80	6.632409651061959
81	5.579214487537337
82	6.3451537468013
83	5.503799265818721
84	5.736641958886702
85	5.370054802669243
86	5.612163250654096
87	5.86397292948375
88	7.197283200571547
89	6.711057157383766
90	6.310928236720883
91	6.747159090407015
92	5.499751148903481
93	6.430749755796084
94	5.9342011478598575
95	4.460811733147541
96	5.56647294741609
97	6.031884314597119
98	5.045700434712321
99	5.7935971457840285
100	5.526197983124196
101	5.371787253920047
102	6.918422773752424
103	6.347839013160814
104	5.444642674954958
105	6.783828140751818
106	5.935690015011157
107	6.476525304696026
108	7.523507423474297
109	6.004773148242608
110	5.912709432535512
111	6.7534561411852
112	5.745324907134913
113	6.011208102191328
114	6.381931679018804
115	5.134393548592925
116	6.830738018814008
117	5.56756068445975
118	5.389349499618402
119	4.537758825875174
120	4.92522709400163
121	6.075588126888154
122	5.3059667271500945
123	5.664323358787003
124	6.421381134736528
125	5.497556937940681
126	6.054634304215433
127	6.012433138603835
128	6.602787698282389
129	6.937379670377898
130	5.876442323558472
131	5.924183822212913
132	5.48759390696588
133	6.24084488352223
134	5.5624891939776715
135	6.292336812568204
136	5.365384207267198
137	6.226204605215462
138	4.795790304295224
139	5.5117412949242865
140	5.905078848289642
141	6.223434769170126
142	6.22588676272955
143	6.636617984107579
144	5.84509896945868
145	6.983190733339547
146	5.7679954651236285
147	5.801681080236449
148	6.234933608387239
149	6.1302904501926
150	4.824030968900529
151	5.962911547274258
152	6.3726377638952165
153	5.386533227478377
154	5.982206356150398
155	5.642606110101042
156	6.4369205697684695
157	6.212379130952758
158	6.19778431324133
159	4.9231355127719185
160	6.040233482648956
161	5.523663357747345
162	5.748367378867611
163	6.561283054621361
164	5.565515580259671
165	5.812957382632885
166	5.698864840251325
167	7.1768597093469
168	6.130341307150529
169	6.0923878238525635
170	5.087802316241371
171	5.273610467426399
172	6.355504509880497
173	5.469779996684255
174	5.807827773169767
175	4.6143029908719475
176	5.964089334280288
177	5.993455341728986
178	6.423659283612021
179	6.126877769784726
180	6.232001470860615
181	6.769158962878421
182	5.993814298044702
183	5.932164479697616
184	5.702124025734116
185	5.678921742289579
186	6.213577135052522
187	6.959785684675201
188	6.243362492668633
189	5.226019117473958
190	5.040846878467467
191	5.577373223353384
192	5.23938235328718
193	6.107556408890862
194	5.0908476100251265
195	5.548184306797339
196	5.799080491099933
197	7.124892106949119
198	7.3440249295278095
199	5.796123162734148
200	6.31648769888731
201	5.953151871269008
202	6.5571443064237585
203	6.050859630629421
204	5.888522910569736
205	5.966211187615825
206	5.495383323816593
207	5.57018416382319
208	6.758553692870919
209	5.961589150080302
210	5.494677787318324
211	6.859875366814474
212	5.854175777795026
213	5.443218622029897
214	5.927933136863565
215	6.5385357464588845
216	6.394264947160587
217	6.104805419589476
218	7.2094242775561534
219	5.413968085873639
220	6.933831551795482
221	6.074249487995985
222	5.709087403512306
223	5.6715923194827225
224	5.863272577596945
225	5.584016314931267
226	6.175511365858256
227	5.565766865212936
228	6.795688526472077
229	6.626228039280977
230	5.6437480673991125
231	5.990635881721391
232	4.862332974892342
233	4.657392335462242
234	5.8905256802926305
235	6.263499469767558
236	6.018047234305413
237	5.507552591458495
238	6.969079378418558
239	6.009177047243018
240	5.281747602426913
241	5.724821439224761
242	6.378903315645473
243	6.339477107722778
244	5.822867264623346
245	6.269165885012274
246	5.694453590209984
247	5.48847071144497
248	6.523176036987154
249	6.564310272106713
250	5.155404285812336
251	5.36311900880634
252	5.4846070453781826
253	6.000350231511022
254	6.592534756638391
255	5.917203516340426
256	6.479289475051337
257	7.134698486515498
258	6.864961458565879
259	6.316852602842118
260	6.111011726452629
261	5.8344817577562935
262	5.315416033645464
263	4.984635431726929
264	6.675173054261408
265	5.932536361825469
266	6.5009088380288125
267	6.09002977423162
268	5.770372358662395
269	6.719155596920506
270	5.950656329894749
271	6.258600451429374
272	6.526711486325699
273	5.454779306627725
274	4.908631353748206
275	5.338113548538079
276	5.520960278343409
277	6.55521623336509
278	6.219410943102468
279	4.561891852710687
280	6.563147407294309
281	5.32501755097127
282	5.3573891611158615
283	6.164083547744667
284	6.981316636554159
285	5.532140824678936
286	6.319429738343309
287	5.979626959453648
288	4.948790442602088
289	5.271786832573707
290	6.132980632005018
291	5.886021305283066
292	5.938311615828535
293	4.999235172334011
294	5.6600774155837525
295	6.4371008997055466
296	6.21777710046714
297	5.9103111742806504
298	5.293768597392565
299	4.930130339346804
300	5.863913090021815
301	5.833818846312352
302	6.712172210079152
303	6.201238896886353
304	5.697141955247692
305	6.628074955850025
306	5.478684189280362
307	6.2316439145471945
308	5.96299149471568
309	5.374761782690336
310	5.700814613574443
311	5.790668971354737
312	5.337211168433229
313	4.730636519344094
314	5.6673269575840095
315	6.278209832226149
316	6.082788811842028
317	5.32953371088793
318	5.865019221194363
319	5.662251709444293
320	7.197899395915508
321	5.776954287762271
322	5.093485817708522
323	5.1014248236873145
324	6.581847637245664
325	6.593872587732039
326	6.090166424428823
327	5.630845579563659
328	5.7271217863453785
329	5.270149400399532
330	5.535522703430615
331	5.986135714937876
332	5.305270127161159
333	6.363031225758331
334	6.373132869234541
335	6.784104099073447
336	6.499607384867785
337	6.307443899889477
338	5.374584975074335
339	4.906894344995779
340	6.317647018891294
341	6.505073783013763
342	5.509810041738092
343	6.073904766875785
344	5.918078234853843
345	6.6792533467795385
346	6.005624567525013
347	6.355872364815283
348	5.865542838927165
349	5.230496533542118
350	5.401333109270867
351	6.3818677146008
352	5.1057866838706945
353	6.97667022930691
354	6.539297262412826
355	5.965333873412769
356	6.300040451574694
357	5.675182747237462
358	6.2424597863852975
359	6.216620757358863
360	6.233167940177596
361	6.298206722568721
362	6.39126251063135
363	6.148708540696783
364	5.714693596139114
365	6.121624836753056
366	5.939765807574926
367	6.822436454401423
368	5.817451286963188
369	5.696263646704611
370	6.167505411888124
371	7.257788614739548
372	5.719056348291064
373	6.066741166141583
374	5.809987952610148
375	6.347181727262472
376	6.386994867083289
377	6.021069696010703
378	7.203200211697549
379	5.495853719061099
380	7.427299339291898
381	5.620380361945233
382	6.0307390477350316
383	5.3183565482507795
384	6.46823317050495
385	5.8001513380149845
386	6.4214497066332115
387	7.094771132597816
388	6.193617891390617
389	5.8273038883654715
390	5.659292412812963
391	6.575789701694663
392	5.886864056008483
393	4.854545812722982
394	6.402920407138784
395	6.184830610060278
396	7.197000825894065
397	5.138324370816311
398	6.558709504805544
399	5.944338050811591
400	6.183151529569072
401	6.445937428492471
402	5.057303671044667
403	5.698287726365379
404	5.925970017808679
405	5.501843112058123
406	5.4906723858717745
407	6.34353021984316
408	5.650684874458238
409	5.920922551984684
410	6.111202062570858
411	5.378985864309324
412	5.820766354547924
413	5.784610101408114
414	6.5300911571450895
415	7.328772760068421
416	6.407479551457246
417	6.11913323301213
418	6.061789798190478
419	5.1777543146391
420	5.848704751790917
421	5.243132082191296
422	5.003185383053885
423	6.790885860785945
424	5.561433446278291
425	6.403467154533481
426	4.696620796865318
427	4.593865695972151
428	5.945220916679578
429	5.609730168694274
430	5.849934637311768
431	6.369114304912121
432	6.784433453184503
433	6.372341636590136
434	5.725731533005644
435	5.716845366099194
436	6.644967571006749
437	5.678394711164471
438	6.3689223810193925
439	6.901078268079329
440	7.023976522516353
441	5.494338506861823
442	4.863533586378409
443	6.426933467127604
444	7.092970473015157
445	6.830875662870919
446	7.206511375311363
447	5.034868822699839
448	6.4625170760749215
449	5.680503123126174
450	7.376481185783632
451	7.558214389020577
452	7.102248055846541
453	6.177108824358914
454	6.060793217890292
455	5.786989545954963
456	6.0408389592776075
457	5.3292972687119615
458	5.893589347070083
459	5.699242382622712
460	5.779377246044793
461	6.021543015772925
462	5.250064587721782
463	5.998854933520003
464	7.22507570175405
465	6.139909733426369
466	5.060432217636844
467	4.996447031339255
468	6.63913777141958
469	6.3336983049715245
470	5.1191498768339105
471	5.320922655796166
472	5.915219705702232
473	6.657406488489609
474	6.672886209223298
475	6.517589243020796
476	6.665493398577729
477	5.448624871321954
478	5.940033911484144
479	5.451735695952569
480	6.615944792167284
481	6.074555261709195
482	5.602281003073412
483	6.644648848540965
484	6.0309004324700926
485	6.346511949233347
486	5.69387766231935
487	6.354900222379781
488	5.574861559903101
489	6.0182713789273174
490	6.654026615368203
491	6.2941066514024335
492	5.022510101857026
493	5.0906657952436944
494	5.87759390554558
495	4.745442581052582
496	6.75797906310002
497	6.168822590181662
498	6.170567595301691
499	4.761668878826312
500	5.920323192586445
501	5.781068079567048
502	6.035625589237531
503	5.643483856587274
504	5.277259657371112
505	5.378314372915257
506	6.539479744853452
507	5.9105065415142635
508	5.972733570868581
509	6.476792737330085
510	5.213010094373852
511	5.723280094925333
512	6.301577203041895
513	6.410780665061723
514	6.826882577236657
515	6.030813365736755
516	5.949482457515495
517	4.8913302418883315
518	5.697666026584338
519	5.842715068740527
520	6.711728202447335
521	6.4308224136968
522	5.998480490606238
523	6.008591746967189
524	5.5909322610629415
525	5.710125192791263
526	6.590259252210325
527	5.700554438321361
528	5.494717085509802
529	5.456598392277956
530	5.303081914129586
531	6.6727536623144434
532	7.036922913248418
533	6.114531872529452
534	5.454717821349429
535	5.450234971173234
536	5.721219460492851
537	6.382086591461715
538	5.686147150216681
539	7.003855817905708
540	6.523847048324321
541	5.740785991911599
542	6.699786085300148
543	6.234909908235722
544	5.2968657466366755
545	7.5255219346727245
546	5.9204503910247395
547	6.353706128383055
548	6.549074343781775
549	5.542868270236068
550	6.111731429204896
551	5.505110620555934
552	7.476149145079455
553	5.545657729790546
554	5.20946373666679
555	6.128883670133195
556	6.038605846942338
557	5.526961690235812
558	6.737052306139958
559	6.335007245322534
560	5.709905027375749
561	6.3104597924823835
562	6.267032161899676
563	5.556447097324833
564	5.984044169138472
565	5.267585466570302
566	6.754832810804753
567	5.387913775407166
568	6.63542153108574
569	6.717244266575252
570	6.009612336817857
571	7.066368428917987
572	6.596607091176945
573	5.904746440544841
574	6.98727254536269
575	5.1959650235064325
576	6.738802062343219
577	6.492437906646436
578	6.1739897180771175
579	5.190304651162781
580	5.806747789975876
581	5.630825995336166
582	6.475489011256617
583	5.785622260406734
584	6.072169139077887
585	6.969073101776935
586	6.249392188714063
587	6.42138068992312
588	5.908012385984573
589	5.2545042560862685
590	6.067986183674433
591	5.309063415515565
592	4.659279667845112
593	6.553040304432877
594	5.54595655859157
595	5.882550056627951
596	6.982218773524358
597	5.8205140701071025
598	6.936152315760652
599	6.113371925016579
600	5.648837998138333
601	5.835164131009951
602	6.116554494958836
603	6.870354096505749
604	5.564620023107399
605	5.790074155491311
606	4.972099599092164
607	6.424795847044152
608	6.824130257766228
609	6.24883084470639
610	6.826262128911912
611	5.998845179531297
612	5.836921993862443
613	5.644014439506766
614	6.354051321709099
615	6.302040604775323
616	7.409221847027463
617	6.508304436896218
618	5.654154120496026
619	5.819753385880696
620	5.828527765198877
621	5.737386638281168
622	5.582500421968732
623	6.327633018863188
624	5.525230277785643
625	5.301990354200825
626	5.588311022720658
627	6.209041065906852
628	4.98793603987778
629	7.216493769304916
630	5.912189280726195
631	6.083452500136143
632	5.49439157730168
633	5.368960611932182
634	6.223086031016594
635	6.3080096600218285
636	6.833467349766151
637	6.19005907413489
638	5.35338999407961
639	4.479325707250974
640	6.380018524091651
641	6.275106443463032
642	5.91371083070731
643	5.662257468634236
644	6.014666855227775
645	5.005925671538692
646	6.358743735405509
647	7.308115648584337
648	6.087350153465472
649	6.6279622259462485
650	5.777651727912598
651	5.514301861694548
652	5.634352389229179
653	7.1619772965981
654	6.8248620024691755
655	5.355633507242601
656	6.726363121409361
657	6.763531942063799
658	5.9301464044401655
659	5.023233839543536
660	7.027178448336643
661	5.8369202659698205
662	6.686225767218275
663	6.056028170523169
664	5.485631962206257
665	5.741488684179226
666	5.876582210481336
667	6.42911920331132
668	4.829174472666953
669	5.899139836491288
670	6.920364506028515
671	6.4754066001465125
672	6.448030798278492
673	5.99307143903007
674	5.248738557466173
675	5.974035784872249
676	6.210817652796819
677	5.175098110012533
678	6.300484288595423
679	6.139720543835973
680	6.8630056369750365
681	6.024422757766055
682	6.352404681075963
683	6.704093744845262
684	6.103030132972796
685	6.029320258435539
686	5.390463606454432
687	6.092034966751401
688	5.725371213797997
689	6.236688183637203
690	4.934672136567921
691	6.732063839032587
692	5.744477485223407
693	5.028508209453624
694	6.021874394925992
695	4.9447193318465725
696	5.785061441630165
697	6.394566936243791
698	5.736778339059092
699	5.096815977356163
700	6.885528214323461
701	5.948178573405709
702	6.515792929694899
703	5.271551476686727
704	6.339497664286154
705	5.54911154836771
706	4.780299842394677
707	6.017948566000996
708	6.833791004022627
709	6.7965422124964086
710	4.933852334714333
711	4.44404846386935
712	5.875869599679761
713	6.215844911750702
714	5.82817592441764
715	5.040636982743828
716	6.620232181408937
717	7.438139841814215
718	6.410978861703859
719	6.127655616827885
720	5.16588261165254
721	6.478815985135734
722	6.004477248765002
723	5.93658655784176
724	6.253245328812716
725	6.114355447089397
726	5.633535788579913
727	4.673344514922549
728	6.044173464877531
729	5.5084161011868025
730	6.214372210628353
731	5.138043694250706
732	5.697168531502891
733	6.624107999793653
734	5.218585937725341
735	6.211832752966854
736	5.9568981561654555
737	5.611903218541556
738	5.014519882528111
739	6.737610348045564
740	5.545875644334592
741	5.630357019755098
742	6.407688453419771
743	6.014415398155789
744	5.71745990355205
745	6.453206987956677
746	6.901785205106717
747	5.550128925654392
748	7.204187102540726
749	5.369220416760072
750	5.340976446233553
751	5.85653795934846
752	6.927154360448993
753	5.709920956003479
754	5.80062778573052
755	6.05957608741215
756	5.242404135372324
757	6.054603176158188
758	6.3632396402778495
759	6.6742983558118185
760	5.825560276910406
761	6.493168860999868
762	6.379287711398017
763	5.906440177282396
764	6.252450800401026
765	6.0325555589829145
766	5.7922297950620605
767	6.339214554739495
768	6.156842638882587
769	5.809942001898197
770	7.418751298139493
771	4.691429622261785
772	6.749310115835844
773	5.777913042738174
774	5.851663041732363
775	5.8374904094108695
776	5.765775060446079
777	6.210489337475827
778	6.566650682832308
779	6.30535006220828
780	6.559084530759026
781	6.123677692540117
782	5.2365321619436145
783	6.618491704849293
784	6.644913331091327
785	5.010981902153054
786	6.15672317327251
787	6.617223221668003
788	5.540049736196285
789	5.511426285057778
790	5.592073448472477
791	5.158955428333554
792	4.7588400460832245
793	6.059171817796912
794	6.496816926980736
795	7.1176053902076095
796	5.363155189896299
797	6.0235343699841275
798	6.882759690059927
799	5.485342656344141
800	6.360292301144606
801	5.61118906384091
802	5.743474857135001
803	5.786417100796825
804	6.822048208180248
805	5.944746835324137
806	6.058814186408806
807	5.849796587316087
808	6.204489682160784
809	5.5765270953362975
810	6.811371243843395
811	5.704601973086467
812	5.369414425245486
813	5.6584595311221415
814	6.524493921068771
815	5.764558634975748
816	6.653349470871035
817	5.019183506665286
818	6.284850013726908
819	5.500865861960587
820	6.0266493444588765
821	5.836865647285442
822	5.879542065788493
823	5.934703213056888
824	5.9345624262780845
825	6.337436240495426
826	5.996465202644079
827	5.654453643763095
828	6.0733491782896
829	7.098900818002774
830	5.975116337577457
831	6.551684753186154
832	4.819863008755034
833	6.619604217299881
834	6.437703728675842
835	5.675757600425708
836	5.598663960457391
837	5.649991697440522
838	5.4905375642410945
839	6.034663062085331
840	5.407594416926648
841	6.263210206614424
842	5.647400062167435
843	5.690273320623513
844	6.297611661687067
845	5.601745626835812
846	5.304509699456738
847	5.586389679042623
848	6.2442027329561824
849	5.23726520256605
850	6.126074408591237
851	5.4883827207601055
852	5.679639604329635
853	6.104577469901415
854	6.460368894653706
855	5.159276483935537
856	4.312565402039105
857	6.08449072948726
858	6.2544159919489175
859	5.319778472848349
860	6.5226467489944
861	5.686479592437694
862	5.049581294885445
863	6.353422181001709
864	6.565416045971991
865	5.780795742291957
866	5.939920568761106
867	6.248080686650197
868	5.671713582257955
869	4.824390962719917
870	6.519396191753913
871	5.634270044329407
872	6.166021452885336
873	6.125070096039132
874	7.210903307825599
875	4.727936406676047
876	5.169327961564388
877	6.542063275182348
878	6.284840671607526
879	6.200797327176628
880	6.03632034434122
881	6.412143757150165
882	5.6222776504582725
883	5.9824519783648995
884	5.94251985445347
885	6.870098488301404
886	7.48593739552598
887	6.169276716551864
888	4.578673201815916
889	5.627043787018573
890	5.978797050641367
891	6.187050471642232
892	5.313984022766817
893	6.507770237387158
894	7.357678553455377
895	6.426132610810566
896	5.677971011346897
897	5.4481246351765895
898	5.786712269638277
899	4.69568440077516
900	6.7702675682155355
901	6.304621429490527
902	6.670153999443004
903	6.218679678589317
904	6.184300297371617
905	5.947336709969677
906	5.318869430047926
907	5.660891131332998
908	6.49736583889171
909	6.579249115822756
910	7.307686136139597
911	6.576383231270094
912	5.267190990440819
913	6.1889271320043395
914	5.181513014989084
915	5.623642638161847
916	5.794508517281535
917	5.388645725188932
918	5.876652257926762
919	6.152654630476609
920	6.22303532136456
921	5.80153993409127
922	5.785110131046774
923	6.417312177940316
924	5.96200534138423
925	5.445807433963637
926	6.827047541589798
927	6.234664567774444
928	5.09907044578259
929	6.242715184716507
930	6.143432984782738
931	5.841532391953041
932	5.79595948372796
933	5.436511359068625
934	5.695927915071869
935	5.228451906097082
936	6.397624321531987
937	7.35515608745239
938	5.9516912846931165
939	6.04526771744207
940	5.3341054717457155
941	5.137044693054631
942	5.249477601031374
943	4.600333512396901
944	6.341043961821318
945	5.581540459770864
946	5.989443192846375
947	5.638285663939314
948	6.8613523403368895
949	5.7183674784360585
950	6.492026534583419
951	6.192729195007123
952	5.961107136895104
953	6.109115256664441
954	6.328707061362608
955	6.3579028297071565
956	6.068694545877709
957	6.268382610117745
958	5.426927935651124
959	7.972434547720477
960	5.9743447294749785
961	6.189175606747582
962	6.205509978705474
963	6.775190978473984
964	6.138835624912947
965	6.344195216925493
966	6.235064656274127
967	5.394126886659632
968	5.973761598104611
969	6.431558825621323
970	5.540913155194945
971	5.753889623356214
972	5.921339038152447
973	5.487461958621862
974	5.059639868400991
975	6.286880068713799
976	6.269205418289639
977	5.810814698289115
978	6.467054707973148
979	6.73458309675334
980	5.47105789994627
981	5.833740709384943
982	5.275113451846308
983	5.637092448450858
984	5.670704657799268
985	6.3554694133495255
986	7.0032843502558535
987	6.063067150115967
988	5.252535055812377
989	7.360974263479213
990	5.829947657883167
991	6.1873079415992835
992	6.628449778182484
993	5.621189669526454
994	6.2018359574555815
995	6.5761325415728304
996	6.498514560302003
997	4.9203616690977166
998	6.16368521766066
999	6.210905090721401
1000	7.17946039211086
1001	5.848321700865334
1002	6.572906853011809
1003	5.755049819937475
1004	5.497698117682011
1005	5.508490593652823
1006	6.568564835389185
1007	6.052841078427931
1008	6.487983143547196
1009	5.567484808065707
1010	5.655596428051164
1011	7.1133245114599255
1012	5.244629884359893
1013	7.022735533143749
1014	5.5375199842722695
1015	5.869776350261721
1016	6.14973743437664
1017	6.197926556769137
1018	6.748612147232052
1019	5.466961997498888
1020	5.898719307700438
1021	5.917254754043508
1022	5.64975468137501
1023	5.65722603338805
1024	7.012305088341236
1025	6.201888032820231
1026	6.245187967032608
1027	6.323805644450029
1028	5.50410061518196
1029	5.652294189344199
1030	6.069875141207983
1031	5.0961940813770825
1032	5.592376454756595
1033	6.493118914816042
1034	6.543467408924092
1035	6.192195607062396
1036	6.566304557950934
1037	6.509191859131014
1038	5.649430044829065
1039	6.282391767281717
1040	4.4894870083886556
1041	6.095688319760874
1042	5.9321411299169995
1043	4.4322428128733815
1044	6.092522724835283
1045	6.175439049235138
1046	6.530321715909442
1047	5.1679515601506205
1048	5.733160489286227
1049	5.695625401094496
1050	6.091071426713218
1051	5.3611750510893765
1052	5.61685155526114
1053	5.795799197027615
1054	5.977442642729286
1055	5.9003715190726025
1056	6.487472877811848
1057	6.749948196643446
1058	6.49136927222833
1059	5.411901875699793
1060	6.909058619930875
1061	5.848537761881016
1062	6.680458597580178
1063	5.698856924727027
1064	6.744754833627182
1065	6.368705384477618
1066	6.300168659604553
1067	6.126645780718801
1068	6.716668787815919
1069	6.363307249790523
1070	5.993709540870484
1071	7.304376786367761
1072	5.6199899040138686
1073	6.640143848955631
1074	4.337630033429543
1075	6.378449223033385
1076	7.288525431999005
1077	5.222256774952014
1078	6.307979079324688
1079	6.380994434952736
1080	5.923608145120347
1081	6.240945120759231
1082	5.746730192645918
1083	5.990509693716796
1084	5.757517768356663
1085	7.117935819654829
1086	6.149823037220631
1087	5.824468552619995
1088	6.201429250968309
1089	6.08684651691389
1090	5.795581574354751
1091	6.202258110534222
1092	5.253020017691281
1093	5.633648137883123
1094	4.462431055910808
1095	6.389679969476891
1096	5.376199606899172
1097	4.458114436299254
1098	4.429873359389603
1099	6.583052090328673
1100	6.081054549759508
1101	6.367221911282589
1102	6.744833916138091
1103	5.431653282561995
1104	6.678651489804245
1105	6.685777236448808
1106	5.893206448872544
1107	6.039884104894009
1108	5.959649709011761
1109	7.105105286902365
1110	6.4803201978641525
1111	6.066278533573495
1112	6.318132065064101
1113	6.373152274161666
1114	5.527730133244768
1115	4.741098682755061
1116	6.25195801663358
1117	6.3531505096926475
1118	6.517260101901728
1119	6.370050186834608
1120	5.630292922171066
1121	6.980601790263073
1122	6.152829074102488
1123	6.2797175349202
1124	5.8960436588552385
1125	6.319157597306185
1126	7.2556130080594725
1127	5.629929081071168
1128	6.753625636321625
1129	5.7713118216391495
1130	6.9668697363347745
1131	5.670609841959689
1132	5.523926547612064
1133	5.9889071646390395
1134	6.775638911742717
1135	5.105550599527002
1136	5.869783997817042
1137	6.523216894109889
1138	7.139330308863216
1139	6.244071906025056
1140	6.016036180227443
1141	5.333699422663388
1142	5.840908624223192
1143	6.49163032870274
1144	5.423403397285646
1145	5.895595138081936
1146	5.677609870115041
1147	5.157222132351308
1148	4.54578451229082
1149	6.157982492280242
1150	6.486124578355388
1151	5.718336334859487
1152	5.927876389632002
1153	5.849347668874543
1154	5.806474023774542
1155	6.5859522027118755
1156	5.055892774127035
1157	5.817849281061765
1158	6.917631704108014
1159	4.658261919006084
1160	6.106220440789392
1161	7.304388474632541
1162	6.351624254237062
1163	5.923335532752659
1164	6.070757439689866
1165	5.788939192882166
1166	6.33355163614562
1167	6.164986026398505
1168	5.239558658758669
1169	5.710005720776583
1170	6.22656664007809
1171	5.1995063740566065
1172	5.506470939808491
1173	5.418652630090946
1174	6.235942536456235
1175	6.2533179230004965
1176	6.23340174698216
1177	6.194748533898965
1178	7.326434200251242
1179	5.132103982014367
1180	6.091687379668778
1181	5.893561304362568
1182	6.929350322403479
1183	5.69432319220089
1184	6.51106302043129
1185	6.442208897555247
1186	7.023694653296843
1187	6.387433015168286
1188	6.320076491315073
1189	5.230372265049179
1190	6.685222278999087
1191	6.0581545608334375
1192	4.300630064277599
1193	5.752356626577676
1194	4.652567551792821
1195	5.788870998899694
1196	5.249655623059801
1197	4.099200028704945
1198	5.9958501931849035
1199	6.103487373011089
1200	6.244373880747634
1201	5.378095789940562
1202	5.889951141213532
1203	5.373697978125334
1204	6.54636675651699
1205	6.126028407588601
1206	6.304395383065143
1207	6.271191368510093
1208	6.185524037024006
1209	6.355949617834995
1210	5.162921291350483
1211	5.5747983228764495
1212	5.9887384033542785
1213	5.318777896824383
1214	6.793596659808165
1215	6.284776077023707
1216	6.438163282211732
1217	5.061703667375504
1218	5.647804966118808
1219	6.245230847795028
1220	5.648660127863126
1221	5.654198087907086
1222	5.4664462119884165
1223	5.429372536545423
1224	5.549881500433772
1225	6.082896922398358
1226	5.495269937984024
1227	6.4073424341933185
1228	5.9690395174237585
1229	6.346346034258925
1230	5.102389554716258
1231	5.378365749218077
1232	5.950225347021062
1233	6.334351299068658
1234	5.20095555541209
1235	6.152472272631712
1236	6.383200443375649
1237	6.54395196164426
1238	6.346409453639622
1239	5.865436731701872
1240	5.992257486204228
1241	6.4918445584383635
1242	6.509580203700655
1243	6.3801713814586405
1244	5.341359457548242
1245	6.5253526357163745
1246	6.221796043716105
1247	5.386089256529332
1248	6.102049182290616
1249	5.683490834155236
1250	6.156705287295733
1251	6.128397817172421
1252	4.403710115290083
1253	5.925571792481106
1254	6.033661382604175
1255	7.142394227000247
1256	5.298864703346044
1257	5.582084502026971
1258	6.722946476490636
1259	5.918997382004322
1260	5.6300184072655
1261	6.137079394526844
1262	5.286832795855368
1263	6.807639804693233
1264	5.051341216640409
1265	5.361965457993475
1266	5.469716479023918
1267	5.197883755518382
1268	6.8393434133380655
1269	5.893774650195458
1270	6.454412243131978
1271	6.176112322588725
1272	5.77054984937422
1273	5.411363784944819
1274	6.222446884429083
1275	6.759812339164672
1276	6.024220434007778
1277	6.946820535507329
1278	5.164079275891709
1279	6.462687032219644
1280	5.875608962844126
1281	5.9417717418788625
1282	5.299779983259918
1283	6.638250440042466
1284	5.852435948560014
1285	6.930200601944567
1286	6.290259768638911
1287	7.562034296772807
1288	5.153027985963727
1289	6.0950493074667
1290	5.535673422663397
1291	6.340237278491259
1292	6.338573568913021
1293	5.248188664384473
1294	4.764787072071894
1295	6.3810661104992805
1296	7.0862722066425095
1297	5.392783853334064
1298	5.7163823307664305
1299	6.621355721610598
1300	5.979873134056106
1301	6.74848271588174
1302	6.687100744724055
1303	5.55095970079078
1304	6.245060959054778
1305	5.835880938720388
1306	5.365511810601068
1307	5.308955572859849
1308	5.483132268281897
1309	6.238017993872442
1310	5.934497247875223
1311	6.928920712244387
1312	6.0939318697433915
1313	5.9781912578883665
1314	7.0973691338319975
1315	5.88977214349212
1316	7.443209388414803
1317	5.525542312387929
1318	6.100336301596447
1319	6.0809417237372445
1320	5.757741397890427
1321	6.3353654595204825
1322	6.3802849772961485
1323	6.917924142537893
1324	5.827664560647682
1325	5.763117804657668
1326	5.1012106117217195
1327	7.074549953213564
1328	5.667130509870024
1329	6.945778034480386
1330	5.602235172763872
1331	6.621754806397283
1332	4.921332483369042
1333	4.478450834786949
1334	6.914163549275448
1335	6.433558807450546
1336	5.300092823788403
1337	5.801308516714791
1338	6.724755803045507
1339	5.228989051760767
1340	6.535138130777826
1341	6.11675113060681
1342	6.15992009808013
1343	6.646938749526341
1344	5.989949137230429
1345	6.682321215784177
1346	6.158150622886124
1347	5.486189727956015
1348	5.794805094346647
1349	6.278233281522989
1350	5.613767650580548
1351	5.901468668676292
1352	6.065486042294651
1353	5.486591901234351
1354	6.367225417338957
1355	5.5716041769774165
1356	6.0596148033277135
1357	5.640033532409808
1358	6.599034404315587
1359	6.301447568810545
1360	4.386070211951544
1361	7.129034137301561
1362	6.052241321946322
1363	6.077670921812144
1364	6.072911833285264
1365	6.207946277111769
1366	5.97492496891036
1367	6.114294431136491
1368	4.338499198917782
1369	5.770396756819647
1370	6.986868669791147
1371	5.947324233204126
1372	6.893700749469211
1373	5.881634050953346
1374	4.462347208024849
1375	5.394130909371944
1376	6.561463488914471
1377	5.930237591443262
1378	6.770479203187719
1379	6.7325648873995405
1380	5.82721776352264
1381	6.24430908890441
1382	6.407348812413623
1383	7.596027873061678
1384	5.400143385505847
1385	5.640377711970359
1386	7.111319966400818
1387	6.092234408874488
1388	4.520557042550839
1389	6.376045318332035
1390	7.179273472500166
1391	7.11617931493939
1392	6.319959413223842
1393	5.374409805575851
1394	5.4423154587857425
1395	6.021371600621094
1396	5.960475586121902
1397	6.7801402042553365
1398	5.87841502961237
1399	5.1167917136033925
1400	6.62987639849307
1401	5.506569632561877
1402	6.956756549353789
1403	5.786637717786316
1404	6.40054698920964
1405	6.738681511130251
1406	6.759165407919611
1407	5.671893606372177
1408	3.9919912356583933
1409	5.516917229949117
1410	6.236033831968119
1411	6.124171210757385
1412	6.051100420094478
1413	5.688236456292753
1414	5.483646435574407
1415	6.197628737094679
1416	6.075270688720048
1417	5.97310941701902
1418	5.9658003569270175
1419	5.433055124187376
1420	6.1819347184553575
1421	5.211260771935081
1422	5.554042268294974
1423	5.683492180009905
1424	6.59456283202356
1425	6.999352510040626
1426	6.10706427101312
1427	5.933932088420261
1428	6.838994395272392
1429	5.649052126672662
1430	6.615033833067476
1431	6.662534232758584
1432	5.542592532467097
1433	5.707114174360565
1434	6.24880526966744
1435	5.535887425748764
1436	7.392696931123889
1437	5.360285494476557
1438	6.059464827063493
1439	7.056133097658555
1440	6.179107294592541
1441	5.1179494795527445
1442	5.886154354255843
1443	6.735602881517261
1444	6.530868040286005
1445	6.502992611711046
1446	6.554605576245544
1447	6.682851797008577
1448	6.924065209372202
1449	5.1411500902613625
1450	6.324908008374872
1451	5.717365262574395
1452	4.995797882688099
1453	5.440156412103938
1454	6.394640626756613
1455	7.886171400340067
1456	5.246824123896658
1457	5.476151487451386
1458	6.031655211197703
1459	5.900188540686266
1460	6.671836132625247
1461	6.271902001424071
1462	6.907453878408497
1463	5.813944698392879
1464	5.369485568590462
1465	6.145534413221123
1466	6.360766129945183
1467	5.595283808759025
1468	4.883680789972589
1469	6.19607464626121
1470	5.396074379319684
1471	6.271136357895254
1472	5.343756673676479
1473	5.1649875856154335
1474	5.455289655098958
1475	5.30588164840204
1476	6.077209605136886
1477	5.857870165129295
1478	6.837291175235683
1479	6.298450022978984
1480	7.0078891805314925
1481	6.011487425503287
1482	5.997257305561409
1483	5.256387641672821
1484	6.151532027359691
1485	7.063805842228855
1486	6.055761071100064
1487	5.054940633230014
1488	6.09503709249908
1489	6.154596558056289
1490	6.318725839113107
1491	6.667517206621899
1492	7.36918783734587
1493	6.314000964469205
1494	6.062155145096282
1495	5.978217437925438
1496	5.704005875424
1497	6.285075714190801
1498	6.210535734649747
1499	7.280705976388639
1500	5.056671590204739
1501	6.047219977976056
1502	6.068378045554989
1503	6.281212457012208
1504	6.648004244409363
1505	5.214643287472427
1506	5.496446110640785
1507	6.173190232901834
1508	5.874228839056256
1509	4.225061010860372
1510	5.9771544561393695
1511	6.182364862982248
1512	6.100536762168631
1513	5.753159856494597
1514	6.63955098795261
1515	6.832508320566611
1516	6.364174023724627
1517	6.4565150399908555
1518	6.4400153433800575
1519	6.098412924807053
1520	5.992700626780452
1521	5.054365137791527
1522	5.826298211710916
1523	6.332865666520472
1524	5.953207867574834
1525	5.885301177773406
1526	6.952692595991091
1527	4.471435459295753
1528	5.9321800968710985
1529	6.082896030034292
1530	5.638865094988004
1531	5.066188575302173
1532	6.255727981394156
1533	5.5448166325865
1534	5.96808353954527
1535	6.099471671914216
1536	5.825922394076501
1537	6.849528080470359
1538	5.3986480457560075
1539	6.43984964720081
1540	5.785734549793415
1541	6.005420698768234
1542	6.74037892514995
1543	6.14539227255487
1544	5.444428940711077
1545	5.650595906035353
1546	5.900982674745404
1547	5.394187031653321
1548	5.827013375744822
1549	5.103144701288936
1550	5.179102663210976
1551	5.427936985374203
1552	6.655469384465722
1553	5.533035424983372
1554	5.5093638501737425
1555	6.1536590736676855
1556	5.912621534032816
1557	6.018240008149296
1558	6.476533662009222
1559	5.414246346820922
1560	6.534289396325634
1561	6.034351600649054
1562	5.487132495734841
1563	5.25989999361884
1564	5.198195811914047
1565	5.657565445535713
1566	6.391636880728501
1567	5.588309227471025
1568	6.561539802604409
1569	6.34521380920584
1570	6.749449790277354
1571	6.846510660474781
1572	6.5210747288449875
1573	6.658230471901003
1574	5.659660766512388
1575	6.55800070197214
1576	5.655740752059501
1577	5.69831011143675
1578	5.959977343781954
1579	5.224438922486804
1580	5.638774509095431
1581	5.390488915007423
1582	4.998885479414215
1583	6.067535962194911
1584	6.697283953738709
1585	6.455812542385462
1586	6.62999478565656
1587	5.885177964370491
1588	5.302283778864269
1589	6.321497532573995
1590	4.644418585125268
1591	5.635278925472112
1592	5.806693781089659
1593	6.458857598518953
1594	6.1590291188719375
1595	6.180721316341078
1596	5.421462033332015
1597	6.045794936323849
1598	5.418331934933496
1599	5.2851661293265915
1600	6.807053836231152
1601	5.568301965296269
1602	6.890626466393264
1603	7.385256939322541
1604	5.62686584840828
1605	4.570623383275233
1606	6.199977037299854
1607	5.944384681397221
1608	6.0603233628170265
1609	5.761686349844398
1610	6.217289105534465
1611	6.6535646363627166
1612	5.397908475874416
1613	5.127134675293097
1614	5.763751641856895
1615	6.0352926681466075
1616	5.254951243046671
1617	6.84594350394226
1618	6.56084422308349
1619	6.820201460372967
1620	6.246728802594589
1621	5.505490751691266
1622	5.686128436754059
1623	6.048991742747603
1624	4.935600079392316
1625	4.784738042042591
1626	5.918643402469837
1627	6.230039104873625
1628	4.782326855415401
1629	5.2505520741536245
1630	6.815914012287976
1631	6.2837381684027305
1632	5.754663111902225
1633	6.523661870944003
1634	6.116496527474373
1635	6.295099735905586
1636	5.467168341978409
1637	6.6955935890520255
1638	5.4356901474573
1639	6.496198595142535
1640	5.595800880608814
1641	5.613070831915441
1642	6.409451283160597
1643	5.671290892657513
1644	4.886618148641322
1645	5.997140018735081
1646	7.586406824008251
1647	6.999118888107616
1648	6.193864077474151
1649	5.821502484828233
1650	5.160586033773143
1651	6.149804167546487
1652	5.0127886545780145
1653	6.229671340992874
1654	6.080052318851813
1655	6.138799628229155
1656	6.087171660736203
1657	6.391500753766325
1658	6.026414719312602
1659	5.040927093070759
1660	6.327236771682062
1661	7.346413895634837
1662	6.371391635793434
1663	5.6248174085631035
1664	6.723828685266199
1665	5.935496927194226
1666	6.601853700410131
1667	7.6460453880912
1668	6.1309217011915855
1669	5.788809811493622
1670	6.262315766500251
1671	6.534636289688448
1672	5.842273732940494
1673	6.4469537954844
1674	5.96344910107553
1675	5.786747942480293
1676	5.44939455887652
1677	5.772974123531538
1678	6.011785728020848
1679	6.805364571704084
1680	4.874994521277646
1681	5.8265363141545095
1682	5.467642532368363
1683	7.110524361669693
1684	5.248476126696914
1685	5.690372363344899
1686	6.64706076151395
1687	4.649249526037073
1688	5.969479134236463
1689	5.628106536454565
1690	4.845095302996924
1691	5.9111536056152545
1692	5.402745535719748
1693	5.148218272409092
1694	6.5486041877954975
1695	6.084560908972183
1696	6.4078574297107895
1697	4.741762352623762
1698	6.627837362222966
1699	5.741935377744085
1700	5.985055096981038
1701	5.087538044831793
1702	5.861101887528396
1703	6.729449468534714
1704	7.378732074776457
1705	6.042813289483699
1706	5.902238563844003
1707	6.5444835823879615
1708	5.568770474762589
1709	5.6672837402438745
1710	6.287631951596426
1711	4.7964801805307316
1712	5.807051935145864
1713	6.856436211464461
1714	5.593298629985656
1715	5.576235017561841
1716	6.2140504423795
1717	4.512480081567033
1718	6.182568945980165
1719	5.7948938879675955
1720	6.316452499755003
1721	6.922237934686406
1722	5.460779469795525
1723	5.10410427086107
1724	6.352199644238378
1725	6.684679145235957
1726	5.775365482107736
1727	6.356185372867104
1728	5.3958476947251865
1729	6.292614083718508
1730	6.1535874568568225
1731	6.550887834910742
1732	5.959938902723869
1733	6.902428710833192
1734	5.186978364246897
1735	6.9514830871005815
1736	6.290672917374953
1737	6.631376685661962
1738	4.9336751747344225
1739	5.39663605824379
1740	6.253586166212335
1741	5.837636735766074
1742	5.753013617675752
1743	5.742235079585739
1744	5.151692579482467
1745	5.867386326001471
1746	5.950163335671
1747	4.656468658170117
1748	5.6279704042589636
1749	6.592264675651677
1750	6.9026605426075145
1751	5.493598199671223
1752	6.539443174736031
1753	6.072290231810947
1754	6.866458649430424
1755	5.372970266997194
1756	5.736172775294812
1757	6.242004193860339
1758	5.943690659580752
1759	6.997529334095479
1760	6.340169844235509
1761	6.5007884655044315
1762	5.9465653610765
1763	5.324755886117654
1764	6.2513872563861135
1765	5.871828828573875
1766	5.024160554411968
1767	5.86985591582954
1768	5.304223628522342
1769	6.2231736896249155
1770	5.428890400880482
1771	7.475235200896859
1772	5.569003999690879
1773	5.875261367248047
1774	5.1069372383042655
1775	5.3151428383055395
1776	5.672963609574768
1777	5.698107601557341
1778	6.6068665555660395
1779	6.426364588609431
1780	5.667957705670103
1781	6.8137592666095035
1782	6.327445893881044
1783	5.997749111202376
1784	5.460848487378961
1785	6.439333725449008
1786	6.991959994629724
1787	6.078276402584743
1788	5.682102941116318
1789	5.00271239629688
1790	6.169025223935023
1791	6.88698662282899
1792	5.426730401348323
1793	5.961090129284587
1794	6.06664198958121
1795	5.835188663797453
1796	5.965046317661823
1797	6.216997871707592
1798	6.184919061701231
1799	6.133661708986277
1800	5.643061835560258
1801	5.332029017561581
1802	6.224851814471185
1803	5.3382120905947446
1804	5.320234849162045
1805	5.366129463072866
1806	5.698840293553932
1807	5.942405087094253
1808	6.868232433704416
1809	6.343502426215519
1810	5.300870592983085
1811	5.975620439282947
1812	6.399352532112971
1813	6.010429967452135
1814	6.673773775410448
1815	6.6358782396598075
1816	7.188205094836456
1817	7.0415075991059775
1818	5.947438226039098
1819	6.4438862426792305
1820	6.140447127956173
1821	5.785730880871415
1822	5.296096540754661
1823	6.354205447008256
1824	5.90360320987141
1825	4.939570852932681
1826	5.200372059334768
1827	6.342397163901478
1828	6.939603275398871
1829	5.455522226260251
1830	5.381158130592667
1831	6.353182632984869
1832	5.94276309489838
1833	6.219704439408988
1834	6.290883394001328
1835	6.479026100244718
1836	5.604980872055791
1837	6.071959231625837
1838	5.787045381342371
1839	6.604711545001784
1840	7.111621810757141
1841	6.628531202049502
1842	5.985541127322774
1843	5.532614088027428
1844	6.20128314282685
1845	5.759909947390521
1846	6.098770311276894
1847	5.900831430360837
1848	6.259887282378399
1849	5.64782031030821
1850	5.546975707084957
1851	5.849415923382535
1852	6.803651948852348
1853	5.675941200447543
1854	6.223763619880908
1855	5.050875093510303
1856	5.5602354933958384
1857	5.76700568457388
1858	5.500402577433681
1859	6.145075013036451
1860	7.714781599848167
1861	5.120744363041869
1862	6.44551887428679
1863	5.223366123411561
1864	7.194348920654091
1865	7.167830422624117
1866	5.932497918435062
1867	6.663394919999589
1868	5.989433313623585
1869	4.946704094930153
1870	6.251769292203244
1871	5.5867462834317445
1872	5.497102765198797
1873	5.540325813979331
1874	5.098476824802621
1875	6.722611306720258
1876	6.682228506930794
1877	5.575526626398122
1878	6.12542379877737
1879	6.215945628111843
1880	6.593161682675903
1881	5.772213098083046
1882	7.346725539630279
1883	5.752031112438999
1884	5.576269021764996
1885	7.146575072139967
1886	6.371919725611362
1887	6.769093237074021
1888	6.435499491298105
1889	5.199539257828146
1890	4.9084159597352315
1891	7.079595373710617
1892	5.633682122781734
1893	6.247992412109549
1894	5.199244132433087
1895	6.388282518894614
1896	6.183093898231164
1897	5.17996862096908
1898	5.140809230642238
1899	5.8516466221254735
1900	5.059218343496988
1901	6.2868127088922146
1902	6.120077918892583
1903	5.761308495741105
1904	5.6788331238397705
1905	5.6334060639756816
1906	5.988612768589519
1907	6.440895478205325
1908	6.257877869702255
1909	5.70898304425313
1910	5.376366945183171
1911	5.549815576509847
1912	5.643367180656198
1913	6.668848618561321
1914	7.3285394731210545
1915	5.517056720680557
1916	4.723516909395466
1917	5.692304951359371
1918	6.181227690109086
1919	5.6851527976978105
1920	6.2850219901052435
1921	5.912425772155014
1922	6.197094346457363
1923	6.209310510642051
1924	6.246986085607205
1925	6.304177210227443
1926	6.277567611597479
1927	6.270885597241835
1928	6.425601445400389
1929	6.275081875035539
1930	6.563431346079927
1931	5.653723460428107
1932	5.06373195040838
1933	6.459596146503463
1934	6.355584607374939
1935	6.2368352967737755
1936	6.175709106694822
1937	5.913002716089111
1938	6.863933319915776
1939	5.948049065462935
1940	5.234880866605397
1941	6.683053484704578
1942	5.252294397285289
1943	5.7798056914781535
1944	6.34388699511894
1945	6.2949796627799515
1946	6.969486060426182
1947	6.266856903122971
1948	5.994320511776844
1949	5.817839139024727
1950	5.712363878901427
1951	4.771669999281269
1952	5.664203119610816
1953	5.405590950170465
1954	5.813569212111179
1955	6.922977446012998
1956	7.006067853159038
1957	5.714710632804781
1958	6.1987007086774195
1959	6.337197431959212
1960	6.2496579765031735
1961	6.816317973436699
1962	5.879586435679812
1963	7.016464726906269
1964	4.405436999182432
1965	5.633140228688717
1966	5.832330624538008
1967	6.656127470729285
1968	6.345566293658604
1969	6.023381870986971
1970	6.1354866088950075
1971	5.7337369639122775
1972	6.684075930854306
1973	5.912110394048796
1974	6.4158841646130895
1975	6.336925629391184
1976	5.887565329658652
1977	6.390026157044551
1978	6.895436597485095
1979	6.160244643912409
1980	6.584158215174367
1981	6.0626108002363015
1982	5.485453876535125
1983	6.337118173483759
1984	7.399273982591694
1985	4.745657856602015
1986	6.941037070992238
1987	6.400659460727184
1988	6.385366356388356
1989	6.426627829331362
1990	5.413862834978652
1991	5.519258535655144
1992	6.14888581797196
1993	6.6190209339321076
1994	4.6119982796107335
1995	5.826138291582465
1996	5.74306444588971
1997	6.626856404041653
1998	5.774221917888748
1999	6.3579736310402275
2000	6.353739555552602
2001	5.7212452378173895
2002	5.788836141869139
2003	6.080194383198395
2004	5.8506182403264875
