6	30.2804756845133
7	21.401288417519513
8	24.146017182778415
9	21.967234545413152
10	24.080665183527262
11	35.33078008101746
12	22.249517971143206
13	23.31125204890255
14	24.00372279929952
15	26.983615508787416
16	34.50703142256611
17	24.101673305797362
18	24.670853492216
19	38.67708087997926
20	25.397199412877175
21	26.342011845738643
22	22.009870204643345
23	23.27702682874266
24	25.49243072363141
25	25.91882093202941
26	26.03464489231959
27	23.793320702084433
28	26.954074750154636
29	23.606331529195195
30	23.29353144287692
31	19.42813557737806
32	24.510763723447013
33	25.25916832447132
34	26.98685670378813
35	25.48034493010103
36	42.726326621476176
37	28.01371589538556
38	24.266989803287476
39	25.486934231245495
40	22.477714910111658
41	21.883856992578306
42	22.803697386784236
43	29.22626677018382
44	23.01300080972262
45	29.69280369325635
46	22.316082183198493
47	35.868978324912824
48	18.50792402484781
49	26.360481128214595
50	24.037602412858785
51	26.235716567563447
52	22.13237939187214
53	23.12390310657048
54	36.58720561104731
55	26.178061976352776
56	21.00868691383036
57	24.23303582967109
58	22.740330573119852
59	29.723469779145457
60	24.481542259075745
61	24.283951578316422
62	24.97442647310124
63	22.272908582939262
64	31.787112861535547
65	22.97642617676488
66	21.92001447063103
67	24.77497198400694
68	41.33482646735982
69	21.52745704966034
70	26.14186814284798
71	26.940769326079636
72	32.4995651790929
73	27.58497233242655
74	24.242313171796965
75	37.00029191273632
76	23.568283816960776
77	21.21750518067746
78	20.90195846542498
79	30.03263191240585
80	21.392640159877896
81	20.37518158333005
82	24.56874506108105
83	21.9962435917322
84	26.906381877353073
85	25.56807935140805
86	21.7363153394496
87	25.433871272244048
88	26.456750346983817
89	29.107413673068574
90	21.494901813315046
91	23.516638115212025
92	23.416547754403435
93	27.121738050111897
94	33.87406260368698
95	26.672299788256318
96	19.599346212976844
97	23.064976264978295
98	26.094605845853724
99	22.980301183446457
100	36.131989299455235
101	23.666801991579465
102	22.92161669044766
103	21.619836337815894
104	23.81328002966235
105	24.466637712203372
106	22.085660422165528
107	22.17056630555534
108	24.428076541325165
109	23.09644827942938
110	30.883289430651555
111	26.60240330503164
112	24.62105144352083
113	26.110968743138674
114	24.756135506999087
115	34.311981446932855
116	26.996172090750097
117	23.71357604645081
118	24.438134752110894
119	36.18135499831849
120	23.48519611267443
121	21.537074236334572
122	23.13776310131219
123	22.750284153101436
124	25.7621253572163
125	23.184569322130194
126	19.08609774885138
127	22.073390469376385
128	24.354740124974732
129	29.22983556863639
130	24.38371823670941
131	25.055728799831705
132	21.335264695810178
133	22.29438012874541
134	24.132852519532264
135	28.318133523442494
136	29.227157794989793
137	27.370209582332624
138	24.295679331992197
139	21.408423972190302
140	23.817715250549686
141	28.715509173335818
142	21.65486396717803
143	15.558314549843393
144	27.673667731158922
145	21.696427456852533
146	22.306686645330874
147	22.30654333383592
148	24.28346973980891
149	22.584669587938244
150	27.46999976237557
151	33.6018881561021
152	25.309750075651518
153	19.710732088207465
154	25.27835919352656
155	43.06453060370461
156	31.25089212924022
157	21.166596225398113
158	23.779824017955846
159	22.649880243395344
160	23.752594810593184
161	24.100930146703266
162	23.223544788433063
163	46.32931598595599
164	22.18986038091138
165	26.284397620005592
166	29.19147916468054
167	21.405161192643824
168	26.05651352566878
169	23.967568248325342
170	24.690332086640698
171	23.625156428418308
172	21.126111446843424
173	24.346323865250522
174	23.15750201106918
175	33.92762160875851
176	25.816759549520885
177	21.600253153464767
178	25.947456867685105
179	20.56339828051365
180	23.854225954698563
181	33.494839478421575
182	23.664328193762262
183	33.01130468201866
184	38.96459446809925
185	19.007934034985738
186	28.449108951518337
187	28.33079778493079
188	22.75955636369763
189	25.061456176831356
190	25.265699342837586
191	20.11023491081193
192	17.712652180913864
193	22.799053255199226
194	25.057769517090623
195	24.425342926840234
196	24.483092586120275
197	26.235528196343996
198	23.58552445720223
199	25.85162246880558
200	25.226421421115393
201	21.42986315856131
202	25.66286586624383
203	24.041783573239254
204	24.26324774570704
205	23.204436572333645
206	24.86140868645014
207	26.78971597662082
208	24.54511249473461
209	25.195730012944058
210	31.782901188010268
211	21.995890046145778
212	24.085057591877558
213	24.43448985326564
214	21.58339701729041
215	20.33435436101675
216	23.721026671167753
217	21.55736384358827
218	24.935601708856044
219	26.06138937839262
220	32.63297963890803
221	25.414296267049032
222	24.202803520420016
223	25.99932306441754
224	19.26945411165294
225	22.73256665214904
226	26.108390808333034
227	24.820819302126296
228	24.502073698733994
229	23.413849294663404
230	25.125473913957393
231	24.891193253416237
232	24.66709818438394
233	24.384348607210768
234	24.969256211921675
235	23.440352878535563
236	29.963340528682767
237	22.86856865411696
238	23.28733435549199
239	31.54758018918171
240	18.112667968539753
241	26.611116754847256
242	22.330765520171227
243	24.595056020536823
244	23.434243810509507
245	22.521184239510422
246	22.239716698000784
247	25.367630027344568
248	27.48852087735465
249	26.983553098667752
250	24.461587313103976
251	22.437062281934974
252	24.519751442085315
253	26.786887040032372
254	23.92278546737772
255	32.453357983517236
256	23.58827384509774
257	24.746524932364295
258	20.914697049033265
259	20.75452565825226
260	26.40030956458633
261	24.640346101925548
262	22.283083235566544
263	24.58636182733346
264	29.848092931950653
265	25.066978049584097
266	41.27150854305298
267	28.469925110924297
268	27.909845584299276
269	23.494449222895526
270	24.073812091925646
271	26.802226835435242
272	21.101717635067676
273	25.47761012553487
274	24.567783846886055
275	22.219428757235043
276	22.615588691318408
277	23.08303437580762
278	26.53650041233991
279	22.478212554666698
280	22.346404452649363
281	26.130253873514388
282	14.037792802081094
283	22.816845561442015
284	33.392273988469505
285	22.867069778577523
286	26.626404020010714
287	26.0877693431871
288	27.312905973039353
289	26.883824083657817
290	23.097169014627728
291	22.9153740049061
292	19.247582881133553
293	25.85712681401768
294	25.972994218544184
295	24.406748434210474
296	35.21333710058025
297	21.60444053320214
298	26.55451236699309
299	26.287822869216722
300	30.35658156973989
301	25.358473218508287
302	20.992249799241627
303	22.700529740480032
304	30.38550769243394
305	22.854309428818173
306	26.778811936561638
307	22.510532154131944
308	24.738225813181447
309	21.227779249780635
310	28.054757382039487
311	27.339953228962155
312	22.054036230528833
313	23.858715567561287
314	24.105956577439617
315	26.44788098482968
316	24.511664789284794
317	22.352851643039546
318	25.14269669990393
319	22.02484308699146
320	24.503434876272465
321	18.46132191713225
322	23.993583569052863
323	27.846222839476646
324	19.060828680101324
325	24.09484788922391
326	26.443047272238054
327	24.373648627847135
328	26.272542736433714
329	33.19792682798011
330	26.44995083523949
331	25.52380865185916
332	22.490678183988994
333	22.866066207372963
334	24.350689577182408
335	21.633660805367832
336	23.29970785353785
337	27.135649324702513
338	30.496096014761225
339	26.460565688200866
340	22.594997080124575
341	23.677935837557268
342	21.192148994336513
343	22.242601644452176
344	23.731895799840604
345	23.47549446781964
346	37.36553199780368
347	17.918896787317113
348	25.961889202042325
349	32.10402416533013
350	24.787075986305815
351	22.784115417849865
352	23.268033835478764
353	24.7735038720332
354	25.41705394895597
355	22.716528063199373
356	24.794932019157624
357	28.536970042188262
358	23.9314470020307
359	24.98427851227345
360	24.530450105467107
361	21.70864259624079
362	26.585210273079362
363	22.56918621454959
364	28.322716900846675
365	24.256501005425832
366	35.04004157117801
367	26.644101746777693
368	22.827403081070287
369	21.947586986646666
370	22.706635411111282
371	34.11084024355035
372	26.00673353052291
373	27.424867383918006
374	28.25900713455797
375	22.58786247653783
376	18.48471252209308
377	28.63600840356932
378	25.328838181176184
379	23.763225865911913
380	25.78969568040229
381	24.9247113298887
382	24.32417228998205
383	22.952289126039023
384	24.598306925744325
385	20.266730397677236
386	31.57594778330339
387	33.09435823536708
388	25.77177623521691
389	22.525397100449144
390	26.923423011988486
391	24.54912010903525
392	23.7132320954051
393	25.948223025261758
394	26.673325089820782
395	26.58982184439362
396	26.950069557840035
397	47.42300487059693
398	21.45876732235891
399	19.014342759750434
400	24.6859948423991
401	31.180601150070533
402	22.15397011976061
403	19.9710244801814
404	27.417838132181902
405	23.532443253568346
406	21.00532869029636
407	26.24842075950217
408	24.379760303468768
409	22.744017386607016
410	25.303824545119127
411	28.488249213916134
412	38.309984624914314
413	25.060101257524778
414	20.037721398817553
415	24.011600589363233
416	25.737874746873604
417	28.35449710420541
418	21.819141501053412
419	27.16952664918991
420	26.982086156108803
421	25.254813417594534
422	25.399615899102372
423	24.487538721458062
424	19.916703954263074
425	28.44425463214609
426	23.660600912009528
427	25.020581867508618
428	22.83906819026331
429	22.487199534608923
430	23.749629392107455
431	25.15572346771415
432	23.292114837918906
433	21.968193882983563
434	25.24146903128876
435	23.94468316416222
436	23.956911371363436
437	26.132954840709704
438	24.20398660250823
439	25.330777428432167
440	20.988619032204234
441	27.86062349984968
442	24.668971553702917
443	27.65091895811815
444	37.9995614475354
445	17.924492530958055
446	22.943738864493135
447	20.831462739302363
448	28.02246174158408
449	24.9647587148427
450	17.817733978853727
451	24.083296516821857
452	26.182954547850528
453	27.174839085027365
454	23.942466428270563
455	40.587599931712816
456	25.11078483472811
457	24.488437915201064
458	24.162281156404212
459	25.561242342697117
460	31.71147455310674
461	22.043795663176912
462	23.733593485673698
463	19.629631336825597
464	23.75229243602056
465	23.808606875521406
466	22.429998371171884
467	24.34171538842168
468	22.118364604026073
469	20.957886047852647
470	26.772019655970944
471	21.726816384691883
472	26.57112117921675
473	20.540823932356684
474	28.687427069792257
475	25.667322131699468
476	26.80352259131788
477	24.845566123176425
478	22.208153171222968
479	27.171305183779562
480	20.148173176653117
481	24.57675772791343
482	27.525872956002114
483	22.753152642582013
484	25.457094086045743
485	26.547969111506454
486	36.429246179517484
487	28.39867632861546
488	19.805571152515878
489	24.102181820589394
490	25.563324900855882
491	24.257314952493044
492	23.495426407764704
493	23.25745479517755
494	33.104178380261395
495	41.64686495543949
496	44.547211588657646
497	26.264599419476873
498	24.336287536736858
499	23.64767262986724
500	23.05098471961874
501	27.75895635841649
502	25.59577004664207
503	26.67995450252265
504	24.68750828134629
505	25.431301161551435
506	29.988942426483845
507	22.214439499810506
508	25.214999585980095
509	24.67332691227414
510	25.65458300008218
511	25.258284862976996
512	26.21951053483737
513	32.01135850741103
514	26.99583162605591
515	23.621973297208136
516	14.513762885503555
517	31.142624909788804
518	24.34414164835715
519	22.016403030403307
520	21.742503555428005
521	26.45473020508965
522	24.771482104323997
523	30.819988596048017
524	26.990937468641537
525	33.5093517029026
526	21.428556228630107
527	23.98058764201042
528	25.118056462002144
529	23.49617830529528
530	27.909779179435066
531	24.503592920244262
532	23.261380899676674
533	35.89202302828153
534	21.360221518658882
535	24.13109301474202
536	24.328066230601646
537	22.098780961626357
538	35.03059515733729
539	34.81299428555817
540	22.37758431902073
541	19.95881638283682
542	19.494529665166855
543	21.945285639327953
544	24.86836616413839
545	23.984041137084088
546	25.036346571671135
547	24.50328254043008
548	45.14328718077673
549	23.552692950416848
550	24.39694413657372
551	29.755211328685057
552	38.733154305122916
553	24.124180654760117
554	28.234851991494285
555	33.79269890954343
556	29.59680554051814
557	24.884696588810975
558	23.27195962245207
559	24.354668507070336
560	23.422849018421704
561	23.90140791940364
562	26.4282011798583
563	22.625220037698018
564	27.90795015479559
565	29.742961949299275
566	25.392911608204013
567	22.266154843950712
568	24.238751934768633
569	25.305548807301527
570	28.63798955481252
571	21.020784443657874
572	22.107851371115462
573	29.82839263760252
574	22.76226428524718
575	24.245947082027893
576	22.13216494627678
577	25.146740990821854
578	21.380707415130498
579	26.57217224787651
580	25.123123719613265
581	37.1382561614085
582	22.286330944478202
583	24.493079881713612
584	24.016923855901002
585	26.29565661532331
586	39.03013581211724
587	25.44013295670533
588	23.771113889384296
589	20.38800980651667
590	23.63850355170457
591	27.86147325698508
592	27.936306901224484
593	24.189203882518523
594	22.122107972717167
595	24.05490055264321
596	23.943324012156587
597	34.57047395017035
598	30.455140007721717
599	26.160097464173305
600	18.60762849443592
601	21.310752056447846
602	33.242796383589294
603	25.519631996678346
604	25.822448874313615
605	24.319184090636167
606	22.45093256901277
607	23.235671272674807
608	25.361473968437704
609	22.01925900951982
610	23.525737775442852
611	23.801396015979424
612	24.467405659379438
613	27.97123984990251
614	33.10141967865971
615	27.48137232083847
616	23.795079233209183
617	25.755417048251207
618	26.45023565892125
619	24.265725614064085
620	22.345458466357634
621	25.98434544223189
622	23.05158184518106
623	26.340962145887694
624	30.036189371017112
625	23.166021214636274
626	28.651920168618567
627	23.44187432524403
628	31.347405152904102
629	22.10219088855689
630	21.73582453910947
631	38.89573018136845
632	21.361826832774348
633	22.949008156507208
634	25.65466839101058
635	27.060405337984456
636	25.480935705071182
637	22.73303834250146
638	27.830752979808185
639	33.06075006886656
640	43.76583211337371
641	24.84523413287908
642	25.21070259492527
643	24.73171496429679
644	26.943144709957448
645	20.795864762666994
646	23.279899112683843
647	23.932675031584562
648	23.36769584726532
649	21.104613253658282
650	24.21852543565775
651	26.344060747282004
652	35.082938804039244
653	32.05375338641655
654	29.004723547802616
655	22.208986084986865
656	23.175888063015908
657	19.900231514345588
658	25.99195038973944
659	22.121797513383825
660	34.363424752710856
661	27.636725691054938
662	42.3321451857425
663	40.7199154857808
664	33.18240422199768
665	24.06019788651934
666	50.087580793779345
667	25.7341107542821
668	19.97187150446931
669	25.84422700219931
670	23.30527503009736
671	22.151988828748774
672	23.17791258613723
673	22.878388726433645
674	22.370458758234573
675	21.46633435617233
676	24.930372772613705
677	20.75325233571072
678	25.169189474482977
679	19.690275389267388
680	22.772256603971353
681	18.40589982924247
682	29.92168391327141
683	28.502777776967076
684	25.10242924115169
685	25.711373391876588
686	34.06824594357788
687	27.634780797160996
688	21.59873692857653
689	25.536006958714925
690	26.476584444074213
691	27.22850566978216
692	19.437657947854238
693	27.05945268563451
694	24.22840844586586
695	23.231704659409587
696	23.803269555099316
697	23.95912745739167
698	26.216808100664792
699	24.50231218458132
700	22.451361317487063
701	30.702179590158316
702	25.184411567155152
703	42.781828328299994
704	24.143176235466036
705	21.14546129762177
706	25.914740632719823
707	24.296271576819457
708	27.594575664079006
709	28.0876072258428
710	24.637704082039328
711	22.471838715430028
712	26.086997147491605
713	20.03384879433309
714	22.771843199067426
715	35.10296599787539
716	40.20818555005826
717	27.47264534217975
718	22.120771986805945
719	35.14920838019596
720	25.630690598003774
721	24.334910028626613
722	22.713660425058467
723	19.944576209805824
724	25.752697663521758
725	24.288934614809644
726	23.215897385397568
727	24.759614179370146
728	21.775158197953715
729	32.850757509336
730	30.107926597971616
731	23.37699959486869
732	21.528656745001328
733	36.690999132504324
734	21.701436111408984
735	30.148906921246983
736	27.536504092224902
737	22.49154589908135
738	26.26407393852837
739	25.657755627849838
740	23.273862169643024
741	21.846299404982368
742	22.769270745445976
743	27.246709735686647
744	30.624750819206238
745	23.243196913092614
746	22.310443637592748
747	23.011059225110436
748	24.87353714473732
749	25.240331637088698
750	22.604621485070236
751	46.97386175599604
752	22.829150845242598
753	24.42465954860298
754	22.910013624965107
755	23.475803347158266
756	24.22152824993521
757	26.35227069303593
758	22.770878407719458
759	24.59097599203539
760	23.70197942201281
761	23.206899457959224
762	27.893893451007653
763	21.787510392118993
764	19.838073925788194
765	27.329087622675903
766	23.169872595358306
767	27.41277164522001
768	26.578993146140935
769	34.02585482854741
770	26.149354700324434
771	24.96087647306879
772	25.213709704323264
773	23.810576495447304
774	24.221573413880655
775	16.017044650515096
776	29.68459468861827
777	24.85107642510124
778	38.67544456144435
779	24.924078465626376
780	21.890085376937545
781	25.654871683069864
782	31.688297129203054
783	46.15301654550894
784	19.992132292933423
785	23.715779091886645
786	24.80174007633155
787	22.923580859547084
788	29.451349446677636
789	21.23721704436965
790	23.72622297255154
791	24.74878347567537
792	24.561703826398013
793	28.347873098528062
794	35.218571767394835
795	23.149107990449025
796	24.423342018765396
797	23.77216914498592
798	29.854557309255746
799	25.212575960353206
800	24.736507743483354
801	25.82545741345268
802	22.43302978446801
803	23.255382156448572
804	24.88073059487779
805	23.614052057075604
806	25.02500559376311
807	20.42148126139156
808	20.567656089610796
809	29.315627663974265
810	20.10992894116968
811	25.774950483295385
812	52.23841761409654
813	40.68227587947015
814	27.01852702597409
815	22.27529540744893
816	27.699048172094553
817	24.12800369722916
818	27.298578252284997
819	25.22976805209596
820	14.008587428275495
821	28.886514712851657
822	23.678426112474025
823	21.36513701622058
824	26.710206613270838
825	24.162775616355002
826	27.145948776642808
827	19.866563079025507
828	23.887369679985568
829	17.903696794335115
830	24.49070808677108
831	23.814927994278452
832	24.293311644088877
833	21.701255294200763
834	23.779315271060337
835	26.820125142029067
836	23.766818954165803
837	19.805112734723767
838	20.90146281669569
839	22.977565208664476
840	31.113729825662805
841	23.114624137024105
842	42.031597058628726
843	26.270539230654727
844	22.3116789837801
845	22.898460039352976
846	24.58790830260247
847	27.514490178375926
848	24.58851665207239
849	23.044230121930013
850	20.31939432270359
851	25.642386922247947
852	23.891251766309683
853	22.32160704638041
854	21.74766251093138
855	29.713263628740968
856	22.198475877473236
857	26.314784971766237
858	24.95093623737339
859	20.96546653658647
860	22.957026678106278
861	36.62848163619786
862	23.321121410443954
863	20.943220124760753
864	21.15341929329469
865	23.409685621826572
866	26.83214396725465
867	24.839765372643367
868	24.403836505678285
869	21.694127750675502
870	25.40338757747486
871	27.66173641034402
872	20.999005870861485
873	25.339809683320347
874	24.945937581469906
875	25.232128788629268
876	25.686862744816995
877	21.412531805105594
878	24.94067522217873
879	24.7414545050342
880	23.638190424284772
881	24.956645235884935
882	22.876349139732937
883	22.929970696576707
884	30.388712433909532
885	23.68714549150181
886	22.37327449023409
887	20.2709053014556
888	24.280071428933173
889	19.489389332694312
890	29.566653790495668
891	24.7632231016138
892	24.99437212852252
893	24.2963126302597
894	22.129818865022514
895	26.057139058601447
896	26.38532593972666
897	22.865033954374855
898	24.802739665615565
899	25.028792745264415
900	23.350450845172162
901	22.3322691471094
902	21.176970204229164
903	26.228692751743278
904	26.025142094658364
905	22.27529121953994
906	21.95402742125034
907	20.48331744069761
908	26.943270560384686
909	33.706587348460744
910	25.115290502086282
911	24.801718529265717
912	24.39041080443729
913	25.14226723091234
914	21.50078058803815
915	25.278467419287818
916	22.847700295691837
917	26.58660908963398
918	23.289624222346486
919	22.312510646539213
920	25.204431238334386
921	22.436840477575814
922	22.80778371617956
923	21.950287958025
924	26.10646531189732
925	25.892902874571718
926	25.226151831145845
927	28.603522777302906
928	23.782662292536305
929	30.938980261543474
930	25.42447270525703
931	19.220773299081483
932	35.44301960965018
933	23.577164982567393
934	26.636941039066233
935	25.094862771192883
936	22.89226479631327
937	25.03522956728953
938	22.542243055153595
939	24.029330837808242
940	27.397795832868812
941	22.709636032145323
942	40.922377202024855
943	22.96764372490298
944	24.502767208781883
945	24.342699868064372
946	12.415360287625596
947	24.95321139842412
948	27.081606754211762
949	33.64475187280914
950	23.396501818632565
951	28.621769850881538
952	25.064631812267024
953	23.616915215404223
954	29.694135669888567
955	23.4941991297829
956	25.198127442791318
957	21.118742694657264
958	20.06307743211872
959	27.144638148661365
960	21.16355898124386
961	26.589271886037704
962	17.499238051031718
963	26.0140709237754
964	26.746510004870636
965	22.424171105831682
966	25.267545927208925
967	27.39009875225136
968	30.591822390009888
969	23.520148893145468
970	24.934201948727214
971	21.700565684780095
972	22.865697036419014
973	25.869648035799152
974	23.90190081735652
975	21.6597411807245
976	23.49938677755417
977	23.09049417257696
978	26.434296879874037
979	20.583348345485202
980	24.978818750432268
981	23.774209125488554
982	25.037945586901685
983	43.77611854825435
984	23.763176335105182
985	26.727457641194842
986	26.02895584001122
987	27.290601582955325
988	23.833084176892882
989	20.65992952240815
990	22.432441784401888
991	26.11533455009734
992	22.339825786330533
993	25.276487009767962
994	22.073147652570626
995	28.450249880714992
996	24.790245123430534
997	22.115727914005724
998	21.641854898528837
999	22.278137777372976
1000	23.377495960590544
1001	29.51839127362182
1002	24.525538866973445
1003	28.851434770142376
1004	26.003338233929167
1005	20.769088019924183
1006	25.891105252933922
1007	25.95338671832679
1008	29.0068565043526
1009	21.8922272738356
1010	21.649466470432333
1011	25.415395036649024
1012	24.200306708859998
1013	23.908910884650318
1014	28.369459168849897
1015	24.625385399706644
1016	23.85251142463132
1017	38.59396395764212
1018	23.63145756810607
1019	24.855107932880344
1020	23.413011035234938
1021	23.1723028376
1022	26.321336158991766
1023	22.29691826478164
1024	26.511062216856832
1025	27.359598988313135
1026	37.30900719172447
1027	30.520996059472672
1028	24.751237044322643
1029	22.04287588192096
1030	22.81548382560279
1031	24.351183765306203
1032	23.79049940462883
1033	24.03730536625511
1034	24.59149720979555
1035	21.743601078122005
1036	25.000345965960296
1037	24.763057643086054
1038	23.391387397840543
1039	23.111243672436103
1040	22.407395971339177
1041	20.705611256177466
1042	27.126552487865986
1043	21.053740346850827
1044	23.800566327134323
1045	25.345602208995693
1046	23.623667289988827
1047	25.269105843277647
1048	23.839759458826997
1049	26.50405725895751
1050	22.48619271911702
1051	25.54503854020467
1052	25.244993116701
1053	24.124559333043482
1054	20.93262832926419
1055	24.16426643811852
1056	29.285698426160096
1057	24.309340944375705
1058	17.40385127648937
1059	22.823698065512982
1060	22.209091510999396
1061	24.251433649571357
1062	22.855001557607796
1063	25.812191382417097
1064	30.94948627389269
1065	24.79445258360123
1066	45.80870388693888
1067	35.744502862318036
1068	25.41379682126332
1069	31.569475016742945
1070	24.449671550552747
1071	24.24837795478042
1072	17.639700247447138
1073	24.896226349365538
1074	27.330270474471785
1075	22.26889873952652
1076	26.661373479463975
1077	45.20299800250972
1078	24.334351848037738
1079	31.383524828951742
1080	27.369235808601868
1081	21.76346399792032
1082	24.27138704566383
1083	22.000458276932335
1084	22.669212914638678
1085	20.722870861282573
1086	39.42539608250792
1087	25.30543432364577
1088	25.38839879066916
1089	21.782447836569045
1090	21.22205132083584
1091	21.426126573200445
1092	22.734706930983723
1093	27.94289189942802
1094	23.508268480137403
1095	22.702936075878274
1096	20.872022146006856
1097	21.757079352402346
1098	24.329015208412084
1099	24.157505373510116
1100	24.118216479730403
1101	23.26251101368107
1102	26.03539419757668
1103	24.59422848084476
1104	24.65075374864973
1105	22.75263303700136
1106	19.61374194274146
1107	23.35406088030554
1108	23.12305909446125
1109	23.23278269185512
1110	27.218618116303777
1111	22.82157567990565
1112	24.95498252226289
1113	20.15056427448562
1114	23.727583412140564
1115	24.089089585324892
1116	25.760749753484887
1117	21.68647025353363
1118	21.756947958607377
1119	19.152043688335052
1120	26.79959447512478
1121	26.086275963250873
1122	26.761712771137244
1123	32.24249513590273
1124	21.188524198324885
1125	24.061714038574454
1126	22.632201102144275
1127	23.05695623736291
1128	24.939048877639927
1129	25.686322766238415
1130	26.336515093564522
1131	24.777883400197606
1132	24.111566588726838
1133	22.962204665520403
1134	21.76928890910931
1135	23.075041138401932
1136	27.937494652541982
1137	22.770710280675086
1138	25.21681161845407
1139	23.61745553543636
1140	23.505984099681953
1141	23.882703252023227
1142	23.358719589000746
1143	22.525187499445916
1144	22.80734678304583
1145	25.700307375372653
1146	24.037977182716666
1147	21.09037758429518
1148	23.439083443802044
1149	19.849187939830397
1150	27.17286964605834
1151	27.01293306529888
1152	25.713824004621994
1153	29.435812243080633
1154	22.18390644975938
1155	30.92791866368992
1156	25.70450649461321
1157	20.89497191589684
1158	30.581650439844246
1159	23.806529742556158
1160	24.291661779368468
1161	22.850990582879245
1162	21.203988402949236
1163	20.72687093741171
1164	22.93780565962171
1165	35.95667560998044
1166	25.951722299450708
1167	24.181945223883286
1168	23.932102743734013
1169	23.68132037784933
1170	25.559254065057726
1171	21.533248566638896
1172	24.103008865975426
1173	22.908363371921972
1174	22.629757461406903
1175	24.848410920795647
1176	25.89656022809761
1177	25.575842327005617
1178	21.11223601529403
1179	31.495732154208234
1180	22.290122814620844
1181	19.06642830669926
1182	22.011482628722053
1183	28.400499593397623
1184	27.748320999367362
1185	20.46663763789136
1186	22.71229647686474
1187	26.215379516093254
1188	24.32713794120971
1189	28.29211045381286
1190	26.017977956665813
1191	28.699278616791425
1192	33.740269724014695
1193	27.2680270029477
1194	24.21271776017099
1195	28.079463095849796
1196	29.0257164066291
1197	23.162027917688626
1198	26.452326938821034
1199	19.535703814623236
1200	33.021924980485565
1201	24.142814321357008
1202	20.368902188132864
1203	23.729566113315396
1204	23.206954115900377
1205	28.904382474003107
1206	25.904799563228956
1207	38.32127864870999
1208	19.577057902406867
1209	23.168777522751004
1210	26.105895100287437
1211	22.37591828814654
1212	26.317967214670336
1213	28.44461933600858
1214	24.434824196036242
1215	26.517644387650723
1216	25.515112344178316
1217	20.980516016595516
1218	25.954827945685395
1219	22.546778947686647
1220	22.138274952022055
1221	21.10781587037075
1222	23.368299172250264
1223	25.019945729070653
1224	22.415130239969585
1225	24.40430151988217
1226	24.339196175290642
1227	24.200296999064133
1228	25.76529296599538
1229	22.919158645255674
1230	25.13299910742457
1231	23.097208097418946
1232	23.367916422360036
1233	23.257488399584325
1234	25.006112627203272
1235	24.58890011239176
1236	31.676001069386302
1237	25.256496047830986
1238	29.927579413181313
1239	36.805702465539795
1240	22.72537762154067
1241	25.005935426030884
1242	22.041637340537036
1243	26.394210988132297
1244	27.729196633735267
1245	17.457687318100835
1246	27.647912091609225
1247	21.946766625768138
1248	21.085137195124844
1249	27.00684948061378
1250	29.800450204367554
1251	25.756894116619343
1252	23.531233738353155
1253	20.04334248759804
1254	31.221214547656736
1255	21.670861385421762
1256	24.62034726387029
1257	24.49390206914168
1258	26.560601746447055
1259	22.36762278270649
1260	35.00075705696344
1261	23.52095212180712
1262	23.62026224991037
1263	20.609834709113784
1264	26.544189090807258
1265	27.092394595381382
1266	31.80119139242727
1267	27.38614086719707
1268	26.37889076493985
1269	22.407281384545755
1270	22.305675765122388
1271	25.6370534679694
1272	23.13337555804732
1273	25.1149962953253
1274	34.658257094894495
1275	38.29945100194809
1276	16.381857726358785
1277	26.770719342938005
1278	20.8916513355119
1279	22.100658736751267
1280	20.053173216052855
1281	23.260997562065313
1282	26.544140396571226
1283	27.940359975276515
1284	22.625053801989328
1285	24.170280354949647
1286	22.98913999143714
1287	28.843379235909836
1288	22.987046699260826
1289	20.637214109679366
1290	24.142923628734746
1291	24.405339332291316
1292	23.373302426478965
1293	20.146902462656453
1294	30.491740815903672
1295	25.046518497117685
1296	29.212827113018125
1297	20.504210086923557
1298	24.858339690231894
1299	18.361748368878448
1300	22.90579466602522
1301	24.734227905567902
1302	25.041067256984483
1303	69.61021044685754
1304	24.850043930228555
1305	30.742337633235337
1306	23.52266633779101
1307	23.872171288115844
1308	32.457864068135784
1309	19.34629187836813
1310	22.765334905205027
1311	20.92934693590046
1312	22.40669214947998
1313	22.4524390372275
1314	27.415114771607225
1315	33.063258481857154
1316	23.82941578985087
1317	25.318799687221784
1318	29.147980635506766
1319	36.8604719453019
1320	25.01229090118315
1321	24.253908394142197
1322	24.48813956197043
1323	24.021050819555175
1324	22.76571393002371
1325	22.265816860345957
1326	33.10945428721607
1327	23.38312370907415
1328	26.225358511724043
1329	23.40495176001065
1330	32.42951146420329
1331	27.24153826966993
1332	22.853593007690506
1333	29.417009109134007
1334	27.785848156115865
1335	21.813889655459832
1336	18.67857897971158
1337	20.114743602248016
1338	21.264353159564333
1339	22.870700934314105
1340	27.947391053366086
1341	27.42869457271306
1342	22.246006789085683
1343	47.43098778793492
1344	23.949971217743368
1345	23.886894462555418
1346	22.972466850217103
1347	24.58578905573678
1348	24.108721729957235
1349	24.308775604120456
1350	27.038730052978043
1351	33.869020395844494
1352	26.32605271233614
1353	26.70446364262635
1354	26.018952400476394
1355	36.20145338457419
1356	48.736117833154275
1357	21.288524788286118
1358	23.566364515823025
1359	23.44351488498642
1360	26.73521320165458
1361	24.616328696947214
1362	17.886100464113902
1363	30.72580028195341
1364	25.862900370798855
1365	23.22007732705946
1366	30.14838484025983
1367	15.69283257484702
1368	26.187254660159066
1369	24.110707005951554
1370	24.887202144811873
1371	31.510780623842017
1372	17.48996632226876
1373	24.498269790935996
1374	26.81820158455425
1375	21.68283089686156
1376	22.830319494391752
1377	22.845077657281053
1378	27.770035835223098
1379	27.99168379512628
1380	25.20199968966279
1381	20.77737224353365
1382	21.728300421638416
1383	35.230481191196645
1384	22.157035893881147
1385	23.567671923268147
1386	26.406367595189742
1387	24.788133756877752
1388	23.302298050299285
1389	22.07026255830424
1390	23.476587996655145
1391	23.82775788939108
1392	21.426063279887714
1393	20.859404690128905
1394	25.881365385862015
1395	22.105951410260364
1396	25.78676312016772
1397	27.251844308569083
1398	24.53581328808087
1399	23.773375148166693
1400	25.64484587867059
1401	32.985629165354354
1402	26.909263413082364
1403	22.30277747296768
1404	25.756091842130044
1405	30.11279755128271
1406	23.825483470490582
1407	27.62279506138875
1408	22.87578721073496
1409	21.91628026981838
1410	32.15823168992386
1411	19.910268216428282
1412	28.433204275731885
1413	28.89259701135623
1414	25.433902671612636
1415	22.36807785206207
1416	21.875863517170952
1417	16.801847453062823
1418	29.35221865182617
1419	25.831780007536395
1420	20.212590582932815
1421	22.17627965529391
1422	35.952501249954366
1423	24.13113732707008
1424	24.425479306648562
1425	26.612494246438146
1426	28.89003537739627
1427	24.914918249722106
1428	14.742515263038085
1429	25.312131988549872
1430	23.470564878368407
1431	31.901791040576065
1432	28.045850023098325
1433	24.597995312311685
1434	25.20206933742694
1435	23.276630519889295
1436	22.503261241033165
1437	28.293431291987734
1438	21.595766539710123
1439	24.86600516166951
1440	26.55638844694244
1441	23.988400606073952
1442	24.67319720213269
1443	24.016034201569962
1444	26.414023866131902
1445	22.432585475101536
1446	24.86382281451304
1447	28.507285643485375
1448	23.464597507890122
1449	27.16967918157886
1450	22.020762783956666
1451	24.59923635204379
1452	23.984584623420115
1453	25.372087534475142
1454	23.737221626679233
1455	21.817618876553254
1456	23.975631126681485
1457	26.25969608089722
1458	27.856971415174193
1459	23.577460214105255
1460	23.586271552201968
1461	23.425899119180766
1462	25.283787441714836
1463	23.433710562525427
1464	25.387189828309005
1465	43.36315852551831
1466	24.673536619082984
1467	24.458298764452408
1468	32.121687970825626
1469	24.268113123080692
1470	22.747383693655422
1471	26.5668593768901
1472	24.927141284079784
1473	21.654015707805424
1474	24.538939198769338
1475	23.28200524564958
1476	21.369008986391577
1477	25.63378721907968
1478	26.974741188629995
1479	22.926079644187396
1480	26.456678365760613
1481	27.25581470070093
1482	21.910217658421026
1483	23.764318330891673
1484	24.427231355721595
1485	23.05948280708873
1486	23.832418717551047
1487	21.72724180711345
1488	27.939540057717704
1489	24.86756743896796
1490	22.593645079567857
1491	19.38703979117701
1492	26.363748486326912
1493	23.789339704240962
1494	23.38320973438714
1495	34.96245629539408
1496	22.415641718985725
1497	24.856314683015363
1498	26.076108887480256
1499	23.946527277356303
1500	22.649252860866444
1501	32.50690328871082
1502	33.01318755597906
1503	22.75541481264218
1504	22.458119162573798
1505	25.1843759030381
1506	25.84315558866743
1507	24.97670632322653
1508	23.097195560855138
1509	24.856140756461006
1510	21.765198120732
1511	25.51780756973977
1512	20.81254888711818
1513	24.12568808297339
1514	24.796763258482
1515	24.45398003532661
1516	22.127887438972746
1517	24.675319457550515
1518	24.777486228297768
1519	35.15849088554901
1520	31.79048995404643
1521	23.471433232615237
1522	28.855570756165044
1523	25.069323694243884
1524	43.83857192568275
1525	20.8522078308084
1526	23.487555692049984
1527	26.78449250982852
1528	23.145083508221433
1529	30.34706807757247
1530	21.061549860518426
1531	18.671382618104808
1532	41.798286467272895
1533	30.742356004158147
1534	22.89504882271723
1535	24.70364131728616
1536	25.03594160544453
1537	23.359248980378926
1538	29.95459506839671
1539	27.808701755104785
1540	22.265665425867773
1541	24.76706943927647
1542	27.039887161651727
1543	23.324179000810545
1544	28.649537493029463
1545	25.58628731388994
1546	14.872626359655092
1547	37.645820936936296
1548	31.11573629224187
1549	23.66476762849981
1550	25.24991216021337
1551	23.474945456078597
1552	21.612510478685774
1553	23.923580862272235
1554	23.20160336978463
1555	20.152731729994734
1556	30.07425527569995
1557	25.450967939519106
1558	25.13867128394698
1559	28.96857819145647
1560	25.68860446026741
1561	24.188097981665674
1562	32.67340368635049
1563	22.152675791146557
1564	23.523663337908218
1565	25.149122448700844
1566	25.153458506579163
1567	27.2888309162925
1568	22.23146006637758
1569	27.712291864862483
1570	25.218850562905427
1571	25.013207370205784
1572	25.21302394938742
1573	24.63331851463957
1574	21.302268958160216
1575	23.604875478570467
1576	25.91197352509552
1577	27.09490159002974
1578	20.636225573404445
1579	30.125533901156903
1580	30.146527355260492
1581	41.545931877375864
1582	22.774448636029515
1583	25.273148096687358
1584	25.734295078631963
1585	21.454184692486056
1586	24.138415696500253
1587	28.058860429408377
1588	18.216355227119433
1589	23.42311378686689
1590	23.860459100755786
1591	19.225484450506045
1592	28.011490010268364
1593	21.553386885728244
1594	25.790409382243187
1595	23.075091378201314
1596	27.247821867054803
1597	29.246494010241594
1598	23.03122595197924
1599	23.32305789292501
1600	21.80555496981422
1601	23.085014132094447
1602	27.161053777273214
1603	32.89560272290669
1604	21.619224028776067
1605	26.919386955574044
1606	22.793536016846904
1607	33.38504230019203
1608	31.42315259057445
1609	24.432067529228515
1610	20.908365923825286
1611	23.53994966150032
1612	24.5576938264785
1613	28.42131445628488
1614	19.337508401151613
1615	23.450934391822667
1616	24.460989761425655
1617	20.493175491448586
1618	23.589516061529093
1619	26.08288478697509
1620	26.480319884193065
1621	24.726236800528756
1622	24.97700488179662
1623	30.375794730870417
1624	24.137123450530062
1625	24.61127842770517
1626	19.398750732380474
1627	23.1870358160208
1628	23.695917680161074
1629	21.66229440197043
1630	23.346575908698252
1631	26.75228411702229
1632	21.337177458414807
1633	23.348365512439354
1634	21.659966859478466
1635	22.916512381343637
1636	22.71202222165803
1637	16.85377561581179
1638	25.99478192507061
1639	22.406609073622597
1640	30.289354889494124
1641	20.50514528401405
1642	22.235781849395217
1643	22.14970166639351
1644	23.218710769268295
1645	24.204722781179033
1646	26.269145231066688
1647	50.61633810928363
1648	24.635130624789255
1649	21.814967409198573
1650	21.895316179822583
1651	25.463212636026302
1652	24.131799934411955
1653	38.83656238034988
1654	37.13683841745636
1655	24.771268240800865
1656	24.688329298698687
1657	27.297763740435798
1658	25.63272395319339
1659	32.95744784604939
1660	28.671960825695155
1661	22.740905079035215
1662	22.36462661041219
1663	24.991475881106453
1664	22.73845950136522
1665	37.933212013181766
1666	34.35396983530372
1667	21.828979484792217
1668	31.978953590508954
1669	42.091331903461835
1670	27.984082644414926
1671	23.47041489195726
1672	22.760689105746145
1673	22.204816583362486
1674	25.123495808322126
1675	22.812797157541635
1676	27.539945664725924
1677	24.804907910180866
1678	24.831323717092705
1679	25.09839323122552
1680	20.657223115956633
1681	21.612781773819105
1682	24.08022694690398
1683	24.954530462965653
1684	24.238784094273083
1685	22.187779647366487
1686	19.945069067433234
1687	22.008847984264257
1688	25.63503938272897
1689	23.643949265644142
1690	22.31004772745738
1691	21.28010511692358
1692	24.52443353331057
1693	27.467353341526334
1694	26.449952397744475
1695	23.799894427616167
1696	20.864129995629497
1697	20.49944887376874
1698	45.02108589701342
1699	22.392217503993308
1700	38.382261047101665
1701	22.9505441675732
1702	22.269935278491385
1703	28.478618712404803
1704	29.798260290365096
1705	34.21310939402416
1706	23.620433474769996
1707	23.507764784694146
1708	26.384277883804003
1709	23.242437921957496
1710	20.011938065144932
1711	27.98607659113167
1712	21.11895296129801
1713	25.12126264837029
1714	23.09458343217124
1715	24.859187607171535
1716	18.325269169938654
1717	23.872925766736557
1718	23.374842717938282
1719	22.28414476800591
1720	24.403546994744236
1721	36.281292072664115
1722	21.280522902097022
1723	24.773601730962884
1724	27.663523726886893
1725	16.46415415337181
1726	23.903088978085584
1727	20.988108214956743
1728	27.056542062474794
1729	23.733011268195696
1730	22.749720066950164
1731	26.689712215006548
1732	24.40191104772811
1733	29.152743311943485
1734	26.226555504889692
1735	24.34941382328514
1736	25.719278000777123
1737	23.206479044532347
1738	25.951855869345657
1739	22.370082392245532
1740	26.201579139765546
1741	28.55288563851888
1742	24.240619157120342
1743	24.630235538922104
1744	26.92355990218656
1745	25.746779385209624
1746	23.498215221122074
1747	22.199631305471108
1748	21.82790968016479
1749	22.987709600372117
1750	33.78697326863834
1751	23.904147556525395
1752	21.95736689578124
1753	21.741374527459264
1754	23.133904385111094
1755	26.888737271513673
1756	26.15902158175089
1757	21.37652250261756
1758	25.414650234941174
1759	31.501951854405274
1760	25.12983852060673
1761	21.076296872178197
1762	30.496016636490822
1763	27.775131706238838
1764	23.009748211615562
1765	22.171426271021897
1766	24.348402488268015
1767	21.893668931503115
1768	21.422195255756378
1769	24.84208488225264
1770	22.160116196176485
1771	25.255069391229743
1772	20.910593426547457
1773	24.4351777690812
1774	23.28235959002176
1775	30.643888977432017
1776	14.713400523251805
1777	20.67740426847711
1778	29.94905069006861
1779	23.178113369104224
1780	20.94363798342426
1781	25.848522404361127
1782	25.298916271569887
1783	24.185288585459894
1784	21.978926927956078
1785	24.602188688447274
1786	31.80181746512709
1787	20.591395083208187
1788	23.65138461330789
1789	23.257815131124346
1790	21.792043413619766
1791	25.62678946507043
1792	20.95833434444352
1793	23.087560182470828
1794	22.71852580282706
1795	23.032640939075332
1796	29.96608715446744
1797	26.84697795901029
1798	22.945063407046817
1799	29.206329911913507
1800	23.503364901653388
1801	22.93984634846596
1802	29.552304200761135
1803	23.066891311776363
1804	28.084260027188893
1805	27.22287112192695
1806	21.599009916366523
1807	26.514506974150816
1808	21.76019982908057
1809	25.43835003287592
1810	31.981424203627135
1811	23.338646602864504
1812	31.553752319845373
1813	22.184781540911644
1814	28.86550712296074
1815	24.535954855669004
1816	21.68069561808507
1817	39.029401184883376
1818	25.869919041094793
1819	24.315513122898032
1820	22.96329606579797
1821	24.768939953808534
1822	25.103906816788914
1823	22.93965462777157
1824	35.53270446534209
1825	22.041206438656463
1826	18.869439699112263
1827	22.637519336484242
1828	28.028994797757008
1829	36.77534194273286
1830	26.19115338069783
1831	22.891819771955017
1832	22.254881461634515
1833	32.27160358847008
1834	23.50815966138319
1835	23.818574446154777
1836	21.178656473008935
1837	22.430504723690277
1838	19.230292685544836
1839	27.72157287037754
1840	18.57619935677246
1841	21.826417858358923
1842	27.99579948009341
1843	27.128196527712966
1844	23.93853295518913
1845	19.647413336975273
1846	22.849725430916497
1847	23.59049197330409
1848	23.54534786702671
1849	29.832422874145667
1850	25.868055686454422
1851	24.094281109768016
1852	20.852296557119292
1853	20.954915783719493
1854	23.698609490059958
1855	28.677060235816942
1856	34.20371760776499
1857	40.043582582502765
1858	30.188073678066694
1859	21.003465843817413
1860	23.009263464915673
1861	25.20595370264464
1862	28.69510205215837
1863	27.079937290675687
1864	24.191289874212817
1865	32.30731886245597
1866	29.98888212949236
1867	22.49885672633536
1868	25.847934132883918
1869	24.20945821302279
1870	24.232163930339738
1871	25.17335197067916
1872	27.88220212312223
1873	26.01957216058773
1874	22.798423833856358
1875	22.963794567199173
1876	23.317121065074534
1877	22.191036671443275
1878	23.21435163951099
1879	28.780037885052817
1880	22.260357809041373
1881	22.488286506377662
1882	27.452296454764745
1883	25.089066624913936
1884	22.42995416407464
1885	25.173944374390363
1886	23.312979723243707
1887	22.97027234092419
1888	24.164835387770534
1889	22.378073920628466
1890	26.11531546989487
1891	21.562083612611918
1892	22.632972499136812
1893	27.568820802993415
1894	43.53692129547341
1895	24.51488446634612
1896	25.97809733939357
1897	23.158231116825434
1898	30.909573430465322
1899	27.032931127864867
1900	23.637003699344337
1901	23.561007378195132
1902	31.461333624598367
1903	27.561902422818513
1904	25.896489428884173
1905	23.083110866239295
1906	25.08190794454806
1907	23.878333828044124
1908	23.36231844185386
1909	23.26812563641215
1910	25.433774923470974
1911	23.1810591010399
1912	27.01110387147485
1913	21.167648928809395
1914	24.527998627317498
1915	25.07139428488368
1916	22.422189375294174
1917	37.09233504491591
1918	22.53186271803231
1919	24.670237330106755
1920	22.030779855589923
1921	20.472759039275843
1922	36.30657445428516
1923	23.16441027026452
1924	28.971157445222268
1925	39.328186660655774
1926	21.77133124449097
1927	23.93847468253484
1928	23.021216473774984
1929	25.260815638503928
1930	26.602277908247903
1931	20.942079849690046
1932	24.9055576620308
1933	26.182423752605764
1934	29.736775617260907
1935	23.997569751121688
1936	17.703736000074503
1937	22.71698320960428
1938	25.1841112638334
1939	19.16613325063372
1940	26.053665581216208
1941	22.609471627656227
1942	23.973508366323642
1943	21.01050851417622
1944	25.074212919972425
1945	23.11629859543534
1946	29.79499281768486
1947	19.341191561170852
1948	30.615817489888535
1949	18.948571125492602
1950	20.81898730355189
1951	24.406583624869548
1952	17.818587933961922
1953	26.295401758346628
1954	23.75293255291822
1955	23.66496481942754
1956	23.45423461449579
1957	18.923709974491928
1958	20.916193815890505
1959	24.488030218404194
1960	32.46516684476418
1961	25.201216065748714
1962	21.96786495362847
1963	26.638586667888006
1964	31.95145644985314
1965	26.6135167813336
1966	19.911907918183516
1967	26.653569114202533
1968	23.108589637657985
1969	26.532229577327723
1970	20.199084782945093
1971	23.76836652691525
1972	27.36021046660236
1973	23.531120065810068
1974	23.284237311642737
1975	26.05110694100149
1976	22.96585044600428
1977	20.028665099572887
1978	27.23277213455488
1979	23.999084160261024
1980	23.3727798787218
1981	27.18845009989309
1982	25.218741840122952
1983	19.55500336808859
1984	21.238041273349086
1985	29.09408860304883
1986	21.78086218753491
1987	25.092716604874624
1988	24.941622473691833
1989	18.319315124136168
1990	26.74545679250419
1991	22.95218812700347
1992	26.53527942711913
1993	23.200497664069086
1994	22.738842209478566
1995	19.165879763002078
1996	24.02664523614637
1997	23.123357456892265
1998	26.605102210789067
1999	23.4078477493987
2000	22.658328882341845
2001	35.24542430000608
2002	20.667533265614033
2003	25.037702527828515
2004	24.430480544528283
