6	9.95309292237735
7	13.98946846068917
8	12.507314488599249
9	13.33798987211851
10	13.459978780020885
11	13.86784387601
12	12.113235453204833
13	12.990281111675461
14	12.531338204304424
15	13.181709445342035
16	13.78290792371891
17	11.68667190078321
18	11.517811029338235
19	13.976759153778898
20	12.334286635994363
21	12.988353802506754
22	14.226370893018904
23	9.064718367320555
24	13.799734805497922
25	14.067860961530217
26	12.541952835401688
27	12.55178834307956
28	12.167133281606372
29	11.76829837751551
30	12.860591778235964
31	12.599981347733099
32	11.38971884248674
33	14.006597986462172
34	12.403530836491942
35	13.619079023960127
36	13.736295849181085
37	11.444432602932162
38	13.580495727016613
39	14.545420678498932
40	12.296512928188022
41	14.121683913880226
42	13.647005007337947
43	12.475430153557902
44	13.531525410075432
45	13.421654614490503
46	12.051002372294288
47	14.236815255481057
48	12.818785620152608
49	14.931774568654477
50	12.892473283596036
51	11.500690353201538
52	12.190484865323135
53	12.82122490275616
54	11.566141128018756
55	12.926176883193058
56	12.848420070193772
57	11.780472470884265
58	13.635290247493327
59	12.287169338376795
60	13.333756814209183
61	14.555685196321212
62	10.935345466619765
63	12.108984310837782
64	14.026287229997074
65	11.889328180981042
66	11.790020455790364
67	12.61884800831057
68	14.016283382316873
69	12.636125437426903
70	12.394097381659826
71	12.807074653617644
72	12.939295424980964
73	13.780253743461083
74	12.881955474429196
75	11.692994639079261
76	12.139607242149353
77	11.330853223074707
78	13.030209921390632
79	12.11683747456546
80	12.833834923550842
81	13.308491614990771
82	12.511660363946465
83	13.22661127211818
84	12.620108025127722
85	11.017482191992828
86	13.659192710821673
87	12.914854303535995
88	14.091480530918577
89	12.766989416770437
90	14.69345609024255
91	13.653984007152273
92	13.270542759035619
93	12.270138797124114
94	13.66164734783888
95	13.658012820617943
96	12.226674987175752
97	14.309058431159883
98	12.326516924414715
99	13.975378337262981
100	12.722686839068366
101	14.415944131130042
102	12.466126797865284
103	13.16039158517784
104	11.1906361197089
105	12.777097737337764
106	12.420681654825994
107	14.273380508083322
108	12.57401117831796
109	13.706009717636846
110	14.38509536818777
111	15.296742649570893
112	13.259950631584532
113	12.729996000245137
114	14.156418976050073
115	11.26262662863801
116	13.554613004126796
117	13.126924080525736
118	13.537584283055255
119	13.272860497606898
120	13.352843802487769
121	12.515006585508031
122	13.040190053090965
123	11.959297873587246
124	13.12282973513159
125	12.090955894761258
126	12.476125794795092
127	12.95052826737962
128	12.297303949649177
129	13.93530221619049
130	13.125371136113465
131	11.104278376885993
132	12.717867951054359
133	12.87804417661755
134	12.824172571363485
135	13.113944454717933
136	13.288455832717856
137	13.064862128675342
138	13.151869701611876
139	14.184897717013381
140	12.823555682268626
141	14.263121324840045
142	15.12375146434975
143	12.887641592487794
144	11.977675228849487
145	13.806740235626082
146	13.235500693545418
147	11.042999722574136
148	13.059287551382294
149	13.03833798878555
150	13.513831015229119
151	14.630731473334285
152	13.568562534275179
153	13.730372084017885
154	12.058585392221882
155	13.905383444344341
156	11.514524971640418
157	13.342404559391346
158	12.725523096273841
159	13.165308804336625
160	13.746855163139706
161	13.465458933693922
162	13.236528259169576
163	13.498364656973036
164	13.38422957934751
165	11.890682130133307
166	14.349166174848634
167	11.531588124756581
168	12.649518975572816
169	13.450666339846684
170	13.716171718119378
171	11.677416823870017
172	14.001381294939906
173	13.024292259160312
174	12.062526597934184
175	13.030169779697555
176	12.38235526265198
177	12.631890013359731
178	12.932022525625403
179	14.015740140006727
180	11.901955880291908
181	13.383126250025326
182	12.719771950057474
183	13.152755854318047
184	12.52269487477572
185	13.295340406961623
186	13.349337585007662
187	11.347607951003797
188	13.934836698177305
189	12.696762879616259
190	12.883555348441416
191	12.222030258735858
192	12.60869397014387
193	12.477422002161621
194	12.883628899427343
195	13.44607202944878
196	13.789056798092473
197	13.84649600160575
198	13.832744002695243
199	13.034534588969109
200	13.507262080516998
201	11.311469105011874
202	14.675409353923897
203	12.3042412236573
204	15.630351756259866
205	12.97861242817297
206	12.151635252845955
207	12.841675982470042
208	12.865584181856265
209	12.867703292787095
210	11.931608041507195
211	13.61891628891295
212	12.477793024656998
213	11.895259964888586
214	13.256520623819704
215	12.515871210156547
216	13.606476424207358
217	12.077017365082545
218	13.309058133897038
219	12.29350885161539
220	12.834007025456343
221	13.712656069772136
222	12.270281347698553
223	13.330621356096866
224	12.912486413320584
225	12.066193555833175
226	13.272581800752072
227	13.526416244632
228	14.029118429749966
229	12.60423242988583
230	12.48279034965582
231	13.08270720827066
232	13.270106248154024
233	12.9058798272499
234	11.618008360219061
235	12.458612018626882
236	13.504863106189077
237	13.611753788108247
238	12.638900931499258
239	12.754889859560839
240	13.117983588226542
241	13.476757204159433
242	11.570748912380155
243	11.105777302430724
244	13.82551128345299
245	12.60294669456727
246	14.067250242430731
247	13.38405758481247
248	14.54020786582083
249	12.020037972633762
250	11.128648660275212
251	11.583846796377022
252	13.611497821894176
253	10.33283275988313
254	13.69548733341093
255	14.170107234448599
256	13.171699842255368
257	13.319353574236407
258	13.40929024844942
259	11.313537882355403
260	18.03682952988712
261	12.824937879820467
262	12.37846087917525
263	13.800712133187336
264	11.324286005729542
265	14.862945353706891
266	12.00504179715106
267	14.293507604635405
268	12.793312645822692
269	12.01535253167118
270	12.221990428848326
271	12.07175670566503
272	12.965263546030554
273	14.044722604123704
274	13.140363773881008
275	15.143524112681156
276	14.131601301337074
277	12.94950643473413
278	12.93335489021189
279	12.856803827278156
280	13.084564108256453
281	14.381470457788964
282	12.447601992043976
283	11.151957293742452
284	14.102692747045648
285	14.013430977197958
286	13.026872989742328
287	12.96218907226471
288	13.40906860880932
289	14.032784328231712
290	12.777893235313915
291	14.691232484043145
292	12.114634026597681
293	13.443577467449359
294	14.408917894863407
295	12.242790419694211
296	11.905659239012662
297	12.902661382853694
298	13.505815111127353
299	12.901536662164355
300	13.692527330207387
301	13.56650840161502
302	12.979143676465192
303	11.656391711115058
304	13.147508450016888
305	11.735124093878907
306	13.792721718604511
307	13.598004243260572
308	12.690325967216392
309	10.22298565127312
310	13.351253244268095
311	12.624942204551388
312	13.665551331881943
313	13.301387492305366
314	12.064676846952144
315	12.681751902596442
316	11.900931316227892
317	12.032774175481158
318	14.33249139635439
319	11.141394770008324
320	13.337971654352781
321	12.951268463033678
322	13.111407242293106
323	11.964330473478714
324	13.419272218705737
325	11.4083903378965
326	14.397422707853547
327	13.131642587621393
328	11.660404249981593
329	10.296961407907842
330	14.028254111948383
331	13.0905979274436
332	12.488718187691466
333	12.992365342478799
334	13.073953921715129
335	13.656863134714182
336	12.50513612464463
337	14.007600769862503
338	13.825685860579759
339	13.607382384292439
340	11.980802822782426
341	15.368228886294393
342	12.549378003379081
343	13.217332348306405
344	11.960680579675895
345	12.355299906632442
346	14.660712063331275
347	12.872751125460317
348	13.031166726099368
349	13.384567898362022
350	13.752714210613208
351	13.739249167100448
352	13.010049796492588
353	12.868448931265991
354	12.73989820624325
355	12.153387110599843
356	13.19977451836811
357	13.318845668453902
358	11.932451934849269
359	13.842768861934156
360	14.397104546307986
361	13.826459576108997
362	13.06675367043241
363	12.917897629097247
364	14.375952139838361
365	11.945427579933527
366	13.248755789358313
367	12.306086975817148
368	13.454974929054492
369	13.152948411517587
370	12.2734905082638
371	13.457973613808281
372	12.541561026872937
373	13.967341020871308
374	12.952704210392048
375	13.245876550641881
376	13.955021642097435
377	14.461029159570948
378	10.75610658786692
379	15.377127884618169
380	12.151566489262411
381	13.687000372026391
382	11.461091227527834
383	12.637238654399301
384	12.01110256693459
385	12.481662321455643
386	13.475315665689413
387	13.390505696212076
388	14.262631797826284
389	15.031141331486703
390	9.502368585798346
391	13.824649450959987
392	13.92149317823864
393	11.041627420219205
394	11.605618796280222
395	13.899725201686694
396	14.712053275133874
397	12.244488471875718
398	12.968241848205304
399	11.776903171664511
400	12.386422340752175
401	13.29298195090641
402	12.199488535085854
403	14.655672723929642
404	10.946326393814896
405	12.242433067679382
406	12.896106477239533
407	13.574672262598567
408	12.388294561761855
409	12.523158584456661
410	12.322448466723868
411	15.362603101997971
412	12.06379817422971
413	13.833661861776848
414	9.941484602422301
415	13.22408154475595
416	11.367575454136823
417	12.958380809951839
418	11.936880185844265
419	13.54813282230941
420	9.606325302548402
421	12.94346520439885
422	12.613473484438556
423	13.9702513038881
424	13.08599069348614
425	11.38377639509289
426	12.272208452199155
427	14.871232852244248
428	13.012236729117397
429	12.547739062077282
430	11.896898137331785
431	15.21481326038338
432	13.165532865609082
433	11.404385874252572
434	12.728068567356944
435	13.512322608277392
436	13.65056818417534
437	13.82858625022196
438	11.935270195553885
439	13.520702485208908
440	12.638901044545259
441	13.033456898606481
442	12.05629949885417
443	12.199298262302882
444	12.336763966764744
445	13.807826866701529
446	12.776853946605115
447	13.36717337640917
448	13.418579307769376
449	12.549737784946855
450	11.059643074714064
451	13.393068341449235
452	14.183606798248514
453	12.979477653372395
454	14.988181314739474
455	13.568551381284701
456	12.701178135793182
457	14.45696979129697
458	12.679000546223476
459	11.12065294448898
460	13.945533567041114
461	11.87142730327345
462	13.649796086774138
463	12.551277348860483
464	12.690367304050199
465	12.333902625707976
466	12.743920267853744
467	13.029841483960809
468	12.64135881784782
469	12.62457693690473
470	12.515867378143785
471	13.663217085003158
472	12.710939879642218
473	11.962782897438888
474	12.292708828423027
475	14.003303963592339
476	13.203767617842974
477	14.80636965245707
478	15.402181609295942
479	13.49686818563439
480	11.9455394873873
481	9.683762773384316
482	12.872499276799234
483	12.191621614095162
484	13.082368580282314
485	12.572788598975212
486	12.570024355981731
487	13.853640518471366
488	12.478398190358455
489	13.295671096114024
490	13.089852360163318
491	13.092001064802476
492	13.209281009505503
493	14.411793568763546
494	13.921211877318386
495	13.085052519176518
496	14.696774913736347
497	13.113325434388585
498	13.56959305571116
499	11.840433350468267
500	11.597221398963216
501	12.510203685734139
502	13.61095637722569
503	12.96771997892065
504	11.924129542486376
505	13.204831370929776
506	14.695341787595774
507	14.024155477873585
508	11.857716036064303
509	14.451527786915124
510	13.955454702387554
511	10.789325050038233
512	14.029716291556724
513	11.886114064012949
514	13.787895172673355
515	13.973073952825507
516	14.121861784055564
517	11.087649615884557
518	14.003266706673788
519	14.32051870055613
520	13.146863808674821
521	11.557597349642311
522	13.291156511968033
523	13.21507606881981
524	13.358757671715347
525	12.616638051862758
526	13.41370925134408
527	10.875233255246366
528	13.210324153035236
529	12.009775954441448
530	13.892944128328235
531	11.908273695267557
532	11.882775128579867
533	14.09859358682625
534	13.845530764871826
535	11.361496393123065
536	13.90995177289733
537	12.577877381134948
538	12.568426586029641
539	11.8700257463705
540	11.553572090953821
541	13.298718756441534
542	14.080217550639205
543	13.395482740289046
544	14.3275125563188
545	12.035587881321165
546	13.696552148984859
547	12.480027820511214
548	12.904516217817383
549	14.547475441223165
550	14.346158156586405
551	12.126712332663159
552	13.091828189349895
553	13.916001815437115
554	11.868000472886846
555	12.025243348610404
556	13.334918847802328
557	12.608297049477446
558	13.723972905822198
559	15.324477254836397
560	13.03009827176462
561	11.417810878274326
562	11.708661805917343
563	12.39554560649364
564	12.884834850277526
565	11.100303429226978
566	12.927212009841766
567	14.1365860497825
568	12.518355093959888
569	13.613738763872133
570	13.84407374156766
571	12.974683538999718
572	11.73586617732766
573	13.622274973664995
574	14.464005366983068
575	12.7099629704562
576	13.423147033367382
577	12.968008579363904
578	12.169293805529984
579	12.463116343270299
580	12.857972251770843
581	13.828615705097155
582	12.827917120517027
583	12.194206436395465
584	12.66600441934965
585	11.851636233776043
586	12.410811127313684
587	11.569722017436288
588	12.73678303730745
589	12.612305966349934
590	12.636165471653358
591	14.678490946866628
592	12.850112170576223
593	13.489997445565551
594	13.700324475393304
595	13.161880808859484
596	12.644427230296685
597	13.460328476738365
598	14.599385174922645
599	12.733834089965434
600	11.833314489012059
601	12.764188792608827
602	13.382591159067074
603	11.951523223436938
604	11.888620517839191
605	11.758499750082564
606	14.426141616361768
607	12.653284564446352
608	12.750066674198024
609	12.959026519827043
610	13.566206546105697
611	12.198718598152956
612	13.067165973642135
613	11.678155724288684
614	12.307560200613807
615	13.429993427568421
616	13.21270829694474
617	12.790231009979513
618	12.803046557689623
619	12.685845666859755
620	12.605374874790401
621	12.159611044948006
622	12.8935383136223
623	13.160264110070004
624	13.82449873974905
625	12.110070879916075
626	12.845790890535046
627	13.37210966854529
628	14.066082046637723
629	11.193352543349777
630	14.40978858969343
631	12.198537869755334
632	14.402846578678103
633	12.237867061301904
634	13.472268750194193
635	13.545391596555232
636	12.406862520506484
637	10.488264946988032
638	11.473798799692569
639	13.565735447363785
640	13.996989238944256
641	11.209497375892372
642	13.825152095100593
643	13.50045235526449
644	11.153749416354307
645	12.615649087726743
646	11.882549746470142
647	13.183098675880695
648	14.81714121080304
649	14.100676600254761
650	13.065526609955594
651	11.563471669816531
652	14.16113765884868
653	13.090971479446827
654	13.73335817187326
655	14.2227723572909
656	15.402089624236504
657	14.700614903498824
658	13.619971380672757
659	13.100775150416851
660	13.043656826350343
661	13.158236883538352
662	10.92022510329717
663	12.255862858840528
664	12.588048371940385
665	12.64837974155609
666	12.336318650048634
667	16.050391452323133
668	13.275335013550691
669	12.46571327659379
670	13.69660590880714
671	11.366711860374643
672	14.904707118918367
673	11.332003174272055
674	12.78393649879696
675	13.551580421597862
676	12.53306050844136
677	11.460157527500996
678	14.5386018274629
679	11.64006790369864
680	11.41432277053352
681	13.380603284018276
682	12.39373282766654
683	14.218260847853568
684	13.869654509968525
685	13.399828634497243
686	13.71790077244283
687	12.438172719501093
688	14.82505487695813
689	13.360673656339937
690	12.698879415101212
691	13.820715379530156
692	13.950988957516124
693	13.422156741815414
694	12.90467929069387
695	12.578292586183931
696	11.534078571049715
697	13.349593798968098
698	12.63840955469272
699	12.60160100249321
700	13.164042780386048
701	13.31625160156347
702	11.824577600800446
703	14.543051130372522
704	11.709286357151605
705	13.120875811407606
706	13.568640179508247
707	13.345230169619057
708	12.860696867326439
709	13.16284824431112
710	14.81133356692545
711	13.75356503580352
712	13.056148496496936
713	13.184707355078233
714	14.825578745182915
715	12.935780327924743
716	11.876380820920966
717	13.381674086866791
718	12.670653443311942
719	13.757062198939984
720	10.52214565944428
721	13.857720045704715
722	14.654862181876698
723	14.342201987900772
724	13.378796040309943
725	12.600983450890432
726	12.705728228109711
727	12.921193715575907
728	13.282642562993267
729	12.169922626820421
730	11.548429993485016
731	13.123450986337444
732	12.509571891268589
733	12.863590942668429
734	11.660021469712124
735	12.649571038876111
736	13.711918656821437
737	12.60958715064785
738	13.868244784467388
739	11.838810053588531
740	12.384882406566193
741	12.682431094185002
742	11.630030555123813
743	13.338502046757103
744	11.724534331502195
745	14.163050777219647
746	12.518637097141033
747	13.141752826354395
748	13.148323041669626
749	14.293059166092085
750	12.122435664995283
751	11.521692930506868
752	14.016256760506492
753	13.161889553569242
754	13.23511560550524
755	12.772990353909451
756	12.901323268908287
757	12.929861455836575
758	12.669671288267951
759	12.780846650467234
760	11.974502642423397
761	13.910748105005812
762	11.894959889826671
763	11.885943857204014
764	13.523054435694638
765	12.584186450349023
766	13.732994284677607
767	12.216676911879663
768	13.916969134839018
769	11.378547656873707
770	13.254538099621664
771	14.793741073613143
772	11.491509109465618
773	12.581410129125949
774	12.674809715604074
775	14.272023235512592
776	14.637964457569241
777	13.446264784788044
778	12.330192210980352
779	11.607094583784795
780	13.1634783906869
781	12.192859006164197
782	12.350587284536397
783	12.96057143607535
784	12.539202941067861
785	12.976006239625955
786	13.162785247599734
787	12.357281301153126
788	11.479306621876951
789	14.952382910876622
790	13.711670606934614
791	14.036123357505907
792	11.721164828258619
793	13.337732167495096
794	12.881956370563051
795	12.923433174967068
796	13.012607893263718
797	13.20193867799281
798	13.295755190162275
799	13.216363214720111
800	11.789229842112727
801	11.7135545629986
802	12.548727972293273
803	10.967109858859995
804	12.922639225555704
805	12.838239215868978
806	11.487239016752723
807	14.089756235484005
808	12.943769441093677
809	13.359562662285592
810	13.625037716048407
811	13.747317139182776
812	14.141723682421029
813	14.538450147521583
814	15.344088326512765
815	13.373557702367084
816	12.34386089437384
817	14.594938409565756
818	12.738418371922679
819	12.671384746820378
820	13.159681922428717
821	12.130286431154568
822	13.42101779730827
823	12.600994731302684
824	12.943171890043388
825	14.29482956864678
826	13.38390789257634
827	13.11050563897597
828	11.445424885537554
829	13.141170654688695
830	13.488544383409153
831	11.342145451970035
832	15.492019775626735
833	12.778591200251443
834	13.800463003033656
835	13.086952086636582
836	11.785317392289103
837	13.958875185101837
838	11.983511970405623
839	11.788801229768433
840	12.502288195954451
841	12.646491543379879
842	13.981836659009181
843	12.1749800106746
844	13.29549357888578
845	15.17173219118479
846	13.416198121096906
847	12.330053899362564
848	13.207530145845075
849	13.616171952903727
850	13.312933925685394
851	13.201819455831235
852	14.161144000539256
853	12.814401805178464
854	13.138563043418946
855	13.485144408340354
856	12.825095473355718
857	10.839847242446956
858	11.008833316358505
859	13.49906039012596
860	13.870314270793461
861	12.639677960183965
862	13.254568932035909
863	10.800805625231078
864	12.807704938235334
865	13.03716877287851
866	14.05522574833031
867	13.821001981800194
868	13.097849398963701
869	13.87805518283053
870	12.557955900939893
871	13.87848231215612
872	12.75330464225352
873	12.397429450274574
874	13.117121451824683
875	13.141228256012601
876	12.90127768378275
877	12.632581719838354
878	11.758806432550278
879	13.249727940200465
880	13.334363972342825
881	13.892801752380208
882	12.286651978952593
883	12.644101532906966
884	14.029653443512506
885	13.399647010842491
886	12.034647156113351
887	12.372870209154028
888	12.56531444211982
889	13.57488556678174
890	12.567625233878475
891	13.013359175575896
892	14.346412569476422
893	11.93058153832807
894	11.946481180545987
895	13.72125026255349
896	12.856509139499988
897	14.119812484639967
898	13.260406019969377
899	12.300198065965171
900	13.49655800861428
901	12.331746452699669
902	13.062272742766488
903	14.138944252452347
904	13.304935687050492
905	12.278269360700506
906	12.990509556361939
907	13.891571747128781
908	12.727492068359192
909	13.250032097905162
910	11.270928608142862
911	12.420039601008042
912	13.671231853262084
913	13.176853744964552
914	14.047991938351462
915	14.146984222012179
916	12.584560495332838
917	16.02628429210163
918	11.737422883733297
919	13.530192206062777
920	13.083811526831768
921	11.322047574544682
922	13.651135921662778
923	12.88402340860727
924	12.853286732495288
925	13.149850053940495
926	12.32888921889046
927	13.72745817738416
928	13.444622877261638
929	11.648544609028614
930	12.914139397109466
931	12.909089589662685
932	11.76497776476118
933	14.5009022570448
934	11.675461742752033
935	12.013366623246664
936	13.23283109843375
937	11.638074514501158
938	13.016315173377128
939	13.352182261636722
940	14.558752048114787
941	11.363219849322105
942	13.567370407840075
943	13.108129972942882
944	9.850515706718022
945	13.221981156505299
946	13.74340015384883
947	13.277029861260036
948	11.675839661917864
949	11.73812471469335
950	13.993234094618986
951	13.767851286087733
952	10.908744405373
953	12.891215032042236
954	14.046534377557691
955	12.700072138739051
956	12.485138928588432
957	14.827643956893423
958	13.220699849635807
959	13.652139444859452
960	14.570191610004906
961	10.404628754748652
962	11.150193236078993
963	12.597937568469206
964	14.09356302065374
965	12.72995247844475
966	12.690783770881932
967	12.029453749268626
968	14.440024435520172
969	12.62800346778628
970	12.133207628708757
971	13.004478725168523
972	13.357787744513294
973	12.345246433238499
974	11.767947104264415
975	12.285306309448789
976	11.578659419617907
977	15.003362920755093
978	11.461789198964834
979	10.97684158885204
980	12.233520742341438
981	15.561088287130982
982	12.582878253799798
983	11.359256426920183
984	13.159526188976209
985	13.12450597332354
986	15.094010405421722
987	13.666878648678539
988	12.370831152965547
989	13.131843150404165
990	12.117693205404896
991	12.160057859719158
992	13.636689056978064
993	12.77520465932903
994	13.783507379004732
995	14.425522759353454
996	11.44284440608931
997	13.812204669132445
998	13.072466817987808
999	14.466172649924244
1000	13.979392174053228
1001	13.475149772152884
1002	11.56824011511441
1003	13.897628898805497
1004	14.663628976227482
1005	12.040069522215763
1006	13.458131246062637
1007	11.425243209398884
1008	13.150961256005413
1009	12.247718479552228
1010	13.848463836302416
1011	13.112353832557952
1012	11.96468752567723
1013	12.415392907553207
1014	12.4452357513345
1015	12.161450481911853
1016	12.519994790453426
1017	14.174496654143486
1018	14.349955124437015
1019	13.72093699480036
1020	13.25399804149338
1021	12.68318509652362
1022	13.442007747136305
1023	13.824426612740298
1024	12.812039793987589
1025	13.244818385168074
1026	13.091572591894806
1027	11.471676677529468
1028	12.552398233273692
1029	14.06985892870293
1030	12.854937418014742
1031	13.472188701248824
1032	13.147476817643257
1033	12.79267040217967
1034	12.824130875650457
1035	12.644295881989308
1036	10.76111397562217
1037	11.742517303812075
1038	13.213844559117648
1039	12.422984256530308
1040	13.069278660079801
1041	11.596273346293836
1042	13.983989510422921
1043	13.098881389480084
1044	13.11816349200429
1045	13.345264307548254
1046	12.29379113586302
1047	13.323383426010512
1048	12.108382193638027
1049	13.654949411777231
1050	13.082548030440442
1051	12.419547304489106
1052	12.49994821214563
1053	12.61180235451508
1054	12.284782735894744
1055	12.148136241850443
1056	12.797241403961952
1057	13.535432303030618
1058	13.663250017471405
1059	11.446977694596475
1060	12.729813203123994
1061	13.616780722418111
1062	12.973213145726925
1063	14.306399634610234
1064	13.33071823109893
1065	13.43682933479625
1066	11.824325876812162
1067	12.19874319016235
1068	14.559254732691008
1069	14.337003680614021
1070	13.62292412601488
1071	13.949660355971869
1072	14.66590129148412
1073	11.992952539677251
1074	10.482484661547982
1075	11.50403142896539
1076	13.056458152284096
1077	14.361115466299552
1078	15.07328254114587
1079	12.530182456213899
1080	13.298828328910627
1081	11.801371439554108
1082	13.715555259504189
1083	13.90427349890815
1084	12.472423456891972
1085	13.288189826990074
1086	13.116053510233401
1087	11.29914624787832
1088	13.356697200473718
1089	13.566883791306216
1090	12.520994759061695
1091	11.417191767783532
1092	12.032735071326469
1093	14.404314808912119
1094	12.775247037004268
1095	13.354199239181503
1096	11.837276617658015
1097	10.933521213351769
1098	14.109555985358769
1099	12.34170395984653
1100	12.727653960151406
1101	11.98327455572419
1102	13.179136168673478
1103	11.583855014385335
1104	12.524051968041022
1105	11.931217419210363
1106	13.341112468635709
1107	13.365506674925324
1108	11.790191058884375
1109	14.998200650805327
1110	12.377954098459503
1111	13.94980295784207
1112	12.297696605750389
1113	13.39097910127159
1114	12.866817484162748
1115	12.357535725071406
1116	11.925402389399501
1117	13.399964446575135
1118	13.946370943885164
1119	13.445482325135695
1120	12.712418071861306
1121	12.730071758312988
1122	13.922719324532423
1123	14.154364263467526
1124	13.725448166563487
1125	13.27654538465043
1126	13.986885429592803
1127	9.698191840852814
1128	12.94429154942433
1129	13.773121261991173
1130	12.314038426941261
1131	14.69773988053698
1132	13.763473180742462
1133	14.063953148799394
1134	12.902515206924782
1135	12.657948728471707
1136	14.125280884218007
1137	12.296939455310348
1138	12.083489869361074
1139	13.427177077374742
1140	12.577329408869357
1141	13.669612750253943
1142	11.778991236301213
1143	13.788816946512089
1144	12.216268409533537
1145	13.341682251043883
1146	13.596502268674191
1147	14.04271985353394
1148	12.58520519887334
1149	13.278063400447564
1150	11.74933230966631
1151	13.691157672998749
1152	13.675981151972277
1153	13.376571884343866
1154	11.836651666195724
1155	12.118261291615902
1156	10.575484290998428
1157	12.615353619426127
1158	13.416933272908922
1159	13.62801454920156
1160	10.978540813129277
1161	12.83049628419061
1162	13.966880566591177
1163	12.530283746974272
1164	16.454937288164214
1165	11.619293689650172
1166	11.331640062992697
1167	13.381037973767242
1168	13.173699818462236
1169	13.327101374547263
1170	13.07237822471911
1171	13.329559989152598
1172	13.805849245590819
1173	13.526954218558966
1174	11.953637221907755
1175	15.088123502995199
1176	11.75840356093921
1177	13.818846885366746
1178	13.146964076416696
1179	13.232174547448416
1180	11.9221528408234
1181	12.564034125092777
1182	13.383282065372764
1183	10.70520347139266
1184	12.325811151835595
1185	11.466503650533895
1186	13.225689264982805
1187	11.890793956949732
1188	12.766766611679486
1189	12.762499987269537
1190	13.624069355265556
1191	14.922181710501068
1192	13.273341922325763
1193	12.458745070311625
1194	12.754716132096807
1195	13.110532720558918
1196	12.163968067075583
1197	13.250727062869439
1198	13.099614483027143
1199	12.390419909749639
1200	11.155829150943706
1201	12.99943077697588
1202	12.445348153766876
1203	14.631356650046964
1204	13.301164094650497
1205	13.214945988499956
1206	13.12696435993712
1207	12.82141071655717
1208	12.284906840684604
1209	11.646764723638046
1210	13.086726070530952
1211	10.934300641441402
1212	13.948233759161871
1213	14.651267905362358
1214	11.508044125389237
1215	15.41516503880087
1216	11.269631491916742
1217	13.19562606253564
1218	13.428718148316065
1219	13.368458324710705
1220	12.31318253528496
1221	13.378406096954869
1222	11.910109828182337
1223	13.737464641031904
1224	12.020945013902912
1225	12.822038531890774
1226	13.14727339710095
1227	10.97378002062694
1228	12.009994659107178
1229	11.477939438915605
1230	12.871742669872056
1231	13.143876724683777
1232	12.07227836274217
1233	12.787517323309336
1234	13.173055914056022
1235	10.77139941393028
1236	11.155379653992131
1237	12.21842994142286
1238	14.34049907505101
1239	13.028549404468826
1240	13.901569907365248
1241	13.784028640867392
1242	12.518032249979715
1243	13.849368707751855
1244	12.351265500273762
1245	14.34869343280249
1246	12.841881720761938
1247	10.978224080336718
1248	13.868249810012962
1249	13.344469140073834
1250	13.949629219176131
1251	14.18811323598672
1252	13.0573243049148
1253	10.932328872396896
1254	11.03219875654322
1255	12.609484643745942
1256	13.534539439028743
1257	13.307255592742669
1258	14.186695735246598
1259	12.188361496347087
1260	11.9225011506099
1261	12.388286153918175
1262	12.864220504919368
1263	13.425996238258309
1264	13.99894289128338
1265	12.082654947271333
1266	12.887206234181402
1267	11.746704187832844
1268	13.370981476156775
1269	13.618985245583389
1270	11.926283884583972
1271	12.813878863004371
1272	14.523526058046905
1273	14.262057185591456
1274	11.038379123924855
1275	14.017648255182129
1276	15.396129231178202
1277	13.15834518064124
1278	14.359283362607766
1279	12.943354740832001
1280	13.759097762192127
1281	14.501202691156262
1282	12.956228791128524
1283	11.602045862881493
1284	13.503814877360128
1285	12.305650962085243
1286	13.952945847803106
1287	13.590137480846828
1288	11.019137124124756
1289	11.974106938879077
1290	12.123807548810369
1291	13.120590719638574
1292	11.41590530660946
1293	12.780423148193377
1294	12.60005023619271
1295	12.177545169200748
1296	13.418621556916003
1297	11.53175451808457
1298	14.286416001919443
1299	11.986418756823284
1300	13.664274744769202
1301	13.431288404544388
1302	11.637276448616934
1303	11.987385162559804
1304	12.908485786580215
1305	11.802079666707227
1306	13.296222094811965
1307	13.45378035197544
1308	13.227044769107703
1309	13.063545558728617
1310	12.041503138823568
1311	10.10887476158164
1312	12.903090522648805
1313	14.155803231263086
1314	14.08831420335848
1315	11.535024356263918
1316	11.787442394240166
1317	12.222267814646278
1318	11.780217890007771
1319	13.744972978037548
1320	13.577423186267778
1321	13.389647707114664
1322	12.433972111085941
1323	13.950976295677204
1324	15.252839137352286
1325	12.255247489645091
1326	13.206444996892351
1327	12.940041111778719
1328	13.490038195159286
1329	11.849339596077485
1330	12.313783236799816
1331	13.544982810488678
1332	12.667959448145915
1333	13.483790535981575
1334	12.125396633429958
1335	11.834602552049821
1336	12.439025535022553
1337	12.605434998041684
1338	12.739302471592303
1339	14.333083937689661
1340	12.984927554135485
1341	13.698882404155277
1342	12.907945657862971
1343	13.457104071419543
1344	15.250208016741484
1345	12.868707975471626
1346	11.824027247911241
1347	12.625691211526282
1348	14.000557560134412
1349	12.738215533966148
1350	13.538089732937298
1351	12.991951423414724
1352	12.222692263999189
1353	11.843172876146408
1354	13.392432866984459
1355	11.832895464563714
1356	12.923150766633269
1357	13.519537499632376
1358	12.187329952055107
1359	13.559819924564971
1360	13.567682672344658
1361	13.249659353763084
1362	12.401876067698193
1363	13.433429194312595
1364	12.392400797188996
1365	13.070721030958108
1366	12.419469387872462
1367	12.443617748988599
1368	12.629969334972904
1369	11.638287812957424
1370	13.962366026014823
1371	13.220559667159494
1372	13.417582159027859
1373	13.76876590986618
1374	13.265782759267282
1375	11.916872833995951
1376	12.738384141220354
1377	12.769401301367377
1378	13.475946613323039
1379	12.872910619279718
1380	12.360357978241518
1381	11.258234780240205
1382	15.790230239690889
1383	11.280645418455242
1384	13.982307955506258
1385	13.454700476354919
1386	13.031898805127938
1387	13.135987471062236
1388	12.15143479629121
1389	12.005455107350523
1390	12.238474578193818
1391	14.342887472577223
1392	12.22268985879015
1393	13.206181860645302
1394	12.652901598638806
1395	12.457351774056354
1396	13.44982853623658
1397	13.531350098816949
1398	12.932549312443006
1399	12.994840736076345
1400	14.14928432305057
1401	11.717300953716919
1402	13.663648796237057
1403	13.744481761234056
1404	12.918838431225875
1405	13.898629429948624
1406	13.698716074351758
1407	11.715238085768537
1408	12.735132901734042
1409	13.297571759303692
1410	12.359015549823154
1411	13.473940744449978
1412	13.625234551512316
1413	13.02553934212774
1414	12.022656872965184
1415	12.54690264544398
1416	12.158576155818109
1417	13.567897742773683
1418	12.406058977125213
1419	12.475502230265267
1420	13.464733672302058
1421	12.288132500903467
1422	14.793880456605473
1423	11.395930184475663
1424	12.616886964839285
1425	13.203532485600391
1426	13.5721783374224
1427	13.771607950056932
1428	13.128625677994762
1429	12.599984495990853
1430	13.56488792558217
1431	12.568236061968236
1432	13.210099131348901
1433	14.754455753919585
1434	12.122637574057377
1435	12.771372689873845
1436	10.77550341283495
1437	11.885926627543085
1438	14.138752082759446
1439	13.151615191490926
1440	11.05667181874378
1441	14.280999169945169
1442	12.37438343288289
1443	14.462500400123341
1444	12.961823277160875
1445	11.59175322279896
1446	13.678232208924522
1447	12.704205818149742
1448	10.0182722248137
1449	15.31482863991924
1450	11.264475018763914
1451	13.46037821889728
1452	13.466222561159341
1453	11.07997812214825
1454	12.469745979558125
1455	13.3635055354845
1456	13.54217340584534
1457	12.103512952225838
1458	15.172013493536118
1459	13.071281730337706
1460	14.44450812096233
1461	11.334647711960747
1462	13.544388626384633
1463	12.632061270838722
1464	12.46079998393543
1465	11.879084858107285
1466	12.859392491320966
1467	12.832053102051953
1468	12.97676748614994
1469	12.188533782007118
1470	12.818819398383816
1471	13.95758411164085
1472	12.739568159880363
1473	13.386576730202986
1474	12.6057279293172
1475	12.83862580515374
1476	13.074055863891683
1477	13.208071379297921
1478	13.657591033274205
1479	13.467507327721645
1480	12.566934163657468
1481	13.012729844184928
1482	12.225701529801018
1483	11.434435011077197
1484	13.770278225745127
1485	12.426894625330654
1486	14.605938514638574
1487	12.112351678470926
1488	12.98175347977826
1489	13.038150883121748
1490	13.171509671033819
1491	12.687682134768282
1492	13.730731081998195
1493	12.841462705961119
1494	14.255817766796628
1495	12.122620041772091
1496	12.672564852410998
1497	14.702706328118403
1498	11.807050275997057
1499	13.222142226754006
1500	10.412601992487907
1501	13.950148530681552
1502	13.301424944811485
1503	12.394842305598132
1504	12.781818006620076
1505	14.299288012747033
1506	13.929770121354164
1507	14.17649084270339
1508	11.416317241998124
1509	13.20451507932529
1510	12.722575729529401
1511	12.567494033076443
1512	13.838692811599223
1513	13.442867089566905
1514	11.991214785957709
1515	11.327120636607734
1516	13.758517598518159
1517	13.994534092215538
1518	12.37665069907519
1519	14.699221315078862
1520	12.884663614409003
1521	13.520443167950337
1522	12.7806495170535
1523	13.21776408227091
1524	12.130186395467002
1525	14.301886903779298
1526	12.883322149388421
1527	11.77199754606139
1528	13.277710822816916
1529	14.753733232931193
1530	15.599802009532384
1531	14.688778687984234
1532	11.540280024703542
1533	12.842887095690733
1534	12.462024989878186
1535	10.01459788950807
1536	12.627047113662895
1537	12.681325838404398
1538	12.156008392723743
1539	12.611242727670245
1540	13.302134509758886
1541	11.75725157199157
1542	14.143095910640984
1543	13.362024287248392
1544	11.92935482334558
1545	11.634280130273796
1546	14.053930256399326
1547	13.255590434315804
1548	12.60074831355208
1549	13.394495439439197
1550	11.637644083189599
1551	11.824407346028721
1552	12.939861563349362
1553	12.873428375874838
1554	12.958777020254798
1555	13.403316514633568
1556	14.544844440232858
1557	12.194635758280699
1558	13.489406752531067
1559	14.372704435220609
1560	15.495375682588485
1561	12.989444484975674
1562	12.675032551272471
1563	12.952716746614456
1564	11.851852082855043
1565	13.155005011521869
1566	12.747894383910722
1567	13.470700923567387
1568	13.825610016498192
1569	12.103070351377095
1570	11.646052883301552
1571	13.723705310362856
1572	11.87579712899848
1573	13.434131234913366
1574	11.07756425149958
1575	13.78443798828604
1576	13.544196565991099
1577	14.293442110627376
1578	10.461907923731834
1579	12.416972624430095
1580	12.22976012067326
1581	11.912059282536351
1582	14.972338754790448
1583	13.0711880063853
1584	12.402875404035772
1585	13.098459403572825
1586	10.876337314935466
1587	13.762479026710777
1588	13.74779375827215
1589	11.253315334972697
1590	13.582901405955168
1591	12.579971188450145
1592	15.51866634284767
1593	13.03449128592749
1594	13.0323716107935
1595	12.909805524748553
1596	12.407313459911261
1597	12.2505492086805
1598	13.716061321358238
1599	11.648778526303804
1600	12.8941737965873
1601	13.372529029742712
1602	13.114426922484409
1603	14.140726021499615
1604	13.83219374871671
1605	12.995623274798799
1606	12.166052438803268
1607	14.148824831936508
1608	12.619102811481572
1609	11.885535830585287
1610	13.019343272572987
1611	13.198522251446686
1612	12.338923694585295
1613	15.368700273003643
1614	11.434514306157196
1615	13.051214161387179
1616	11.646327893588813
1617	14.295685328936276
1618	13.067844789781558
1619	13.655960049410032
1620	13.463098529545176
1621	15.055629156100062
1622	12.561209519955087
1623	13.90593659319846
1624	12.86240296400566
1625	11.614896509277283
1626	13.332904619352323
1627	12.923134454378548
1628	12.483415838971268
1629	12.802077128311437
1630	11.90777039297686
1631	11.499328282559016
1632	13.011387072811821
1633	13.865616319244854
1634	11.28308686411056
1635	12.179339205351873
1636	12.22028010952981
1637	12.020257280874768
1638	14.688719636112378
1639	12.562061266890742
1640	12.308637120096185
1641	12.79285604918304
1642	12.092033909998523
1643	14.262621344373667
1644	12.604163018653315
1645	13.144224912768639
1646	14.06924884542133
1647	13.266056637777687
1648	13.023309862965512
1649	9.996606985192845
1650	14.848522679146253
1651	11.28412638225762
1652	11.12489995348733
1653	13.169332565704666
1654	12.495684380268173
1655	12.921613527056197
1656	13.526043439689847
1657	12.781119812629186
1658	13.22217684056651
1659	12.671750973406676
1660	13.994442608872694
1661	13.397358053957579
1662	13.87373954053813
1663	14.08910338772478
1664	12.768613163625734
1665	13.25042493995279
1666	13.12574912991139
1667	12.11179676326781
1668	12.686927872976833
1669	14.931408226728673
1670	12.212269392652894
1671	13.487021754066605
1672	10.93108562955975
1673	13.99870658049028
1674	12.57138184379437
1675	11.74234503229857
1676	11.952725286468194
1677	12.709407528603332
1678	14.495225903231443
1679	14.631119786330965
1680	13.25183486804025
1681	13.50777520485195
1682	12.477953973248214
1683	11.561722040805034
1684	15.054967387476662
1685	13.319803766760742
1686	12.61169903590732
1687	12.106619468520558
1688	13.159201898224032
1689	14.857640341827961
1690	11.623271925808412
1691	12.164234495823877
1692	13.861570918972308
1693	13.845460426501011
1694	12.775211815852899
1695	14.549777624363612
1696	13.942982234253238
1697	13.793661753912097
1698	12.863806894813024
1699	13.971811969239793
1700	12.15387096355405
1701	12.190721933322493
1702	13.221871389949229
1703	13.455554871147708
1704	13.627932396911396
1705	11.783086703723352
1706	13.628510436512622
1707	11.41094325753095
1708	12.811037672732985
1709	12.537139356030995
1710	13.015998120903252
1711	14.386628634516489
1712	10.982561146744285
1713	12.046462083940826
1714	12.323619845863607
1715	11.450135317945035
1716	13.465080260360917
1717	11.892053557160155
1718	13.476985037157482
1719	13.968952106193528
1720	12.899092210067614
1721	12.7774192495673
1722	13.96513477633133
1723	12.421714526095176
1724	13.54697565703233
1725	12.269374273796478
1726	13.094240309670568
1727	13.018810876285318
1728	13.30289213215389
1729	13.80332551697255
1730	13.420837664291529
1731	11.617121777726872
1732	11.642354658912295
1733	12.827219235729936
1734	12.156754960187376
1735	13.059767954072662
1736	12.743543922026275
1737	13.373609998067842
1738	13.242456158600273
1739	12.684296206010252
1740	11.833001715781835
1741	13.882988439991124
1742	13.297184793532898
1743	11.017497319095613
1744	12.600305402743965
1745	12.816352236617389
1746	12.645988933000869
1747	11.527874313937778
1748	11.939503971207888
1749	10.936127352909269
1750	13.643293758027037
1751	12.405733838944988
1752	13.859554840245336
1753	11.599391486021606
1754	13.809234515095051
1755	12.631349316099659
1756	13.700403051266342
1757	12.94649766783484
1758	14.257562024336632
1759	13.661192116977059
1760	14.009522256360276
1761	13.86759114471497
1762	12.730039627268875
1763	12.061312806236351
1764	14.860653958717684
1765	12.365279410585082
1766	12.934240157625263
1767	11.443206274079436
1768	12.117395650165282
1769	13.173272037762217
1770	13.302302426950478
1771	13.733301406541917
1772	12.60969783749897
1773	12.577958986109703
1774	12.525969806274155
1775	13.041377578197318
1776	13.09691207714199
1777	12.355318596142888
1778	13.18506928033542
1779	12.161694260000845
1780	13.338729678648788
1781	12.667595844047192
1782	12.871570790869068
1783	13.163675233657214
1784	14.027907283704305
1785	12.935397561371573
1786	14.134190334271544
1787	13.108767300841002
1788	12.820604273995075
1789	13.899980820753441
1790	13.817033051035832
1791	12.967172932309904
1792	11.648553025529983
1793	12.949330926200169
1794	13.81960277149864
1795	12.031487472834723
1796	13.156257178670993
1797	13.001942752651333
1798	11.479469115201693
1799	13.776272447307162
1800	13.356350739896929
1801	13.560527809987295
1802	12.000869959816864
1803	13.084497182670905
1804	13.560835449598157
1805	12.783670958748553
1806	13.860115532813749
1807	12.271767762912592
1808	12.583583607561362
1809	12.419974742551753
1810	12.325315619082275
1811	15.200429453033587
1812	12.49284422039536
1813	11.475428248375753
1814	13.71530289848935
1815	12.766910923946435
1816	12.63829092672453
1817	11.687018956188695
1818	12.234961125822002
1819	13.475743372729163
1820	12.56614944976123
1821	13.315314018834814
1822	15.249217485904465
1823	12.783176588480517
1824	12.580066318127425
1825	11.626118795909477
1826	13.588697507187886
1827	11.39477038259716
1828	15.434683566330932
1829	12.054071944813725
1830	13.156255062103076
1831	12.368780135421128
1832	12.539145378450698
1833	13.444480093332993
1834	12.204324561174298
1835	12.488439961228762
1836	12.679213913082744
1837	14.503829860735962
1838	12.480389421778575
1839	12.685230863180157
1840	12.21668256784521
1841	14.3074961185159
1842	10.643537324603976
1843	13.069188724994065
1844	14.151122237930394
1845	13.636678882700984
1846	13.373490648908897
1847	13.246114383684471
1848	12.117769291957504
1849	13.134952684889347
1850	14.587856185897676
1851	12.98523904235723
1852	13.128725229219222
1853	11.96976863626358
1854	12.443921726544563
1855	13.794326132114216
1856	12.210132707555427
1857	12.34938548659941
1858	13.315011637652788
1859	12.563295348574265
1860	12.807454076129943
1861	11.826196742375856
1862	13.89082907595206
1863	11.726389455709917
1864	11.550872664114026
1865	10.133682238398029
1866	13.308601875305026
1867	13.783048047998102
1868	12.719109643920092
1869	11.609792382539235
1870	12.789704934657351
1871	14.80632484478015
1872	12.154307107472171
1873	11.748907823065695
1874	13.681314980413742
1875	13.169033386309941
1876	13.276718829236806
1877	13.159724908970754
1878	11.657456057885176
1879	13.413682702810519
1880	11.957519041264563
1881	13.105309373272272
1882	13.043465982750059
1883	12.599895467902892
1884	12.383510329472998
1885	12.338215566863763
1886	10.92842204626758
1887	12.31683400883467
1888	11.550265907507503
1889	12.529280023877854
1890	13.50310740427908
1891	14.45342143449763
1892	13.693375946670214
1893	12.29243664790975
1894	12.374573624535248
1895	11.849519820102993
1896	11.689233174471354
1897	12.668053726923452
1898	9.96516507112288
1899	13.968043685064414
1900	14.155249387953274
1901	13.53871000992755
1902	12.772867757248848
1903	14.944128622314619
1904	12.9250346712851
1905	11.257631305014975
1906	12.600993781720966
1907	15.039272232746173
1908	13.421443711201261
1909	12.590890947014227
1910	12.656956609410162
1911	13.574221595580799
1912	12.341910327263454
1913	14.15669737927432
1914	11.290709601606222
1915	11.795436351203625
1916	13.872470650105242
1917	14.038204175126674
1918	14.208187890731008
1919	13.603163452955476
1920	11.208589719552547
1921	14.900096562993472
1922	13.335643687560223
1923	11.782689510481205
1924	13.506066512983208
1925	13.409893976184769
1926	14.09748562562163
1927	11.492996619593233
1928	13.353346363997415
1929	12.702082215066856
1930	11.600898358361938
1931	13.467728415218165
1932	13.010190247867435
1933	12.582169002509632
1934	14.137585959207112
1935	13.65081300176221
1936	12.669119677790249
1937	12.717469734172534
1938	15.473964006200227
1939	12.164413903988562
1940	14.290003898629948
1941	12.935264854859561
1942	12.78378984297324
1943	13.224851368792411
1944	12.931884868768975
1945	11.637939279493311
1946	13.478538451604544
1947	13.080796515068613
1948	12.851568693589504
1949	14.463798470592174
1950	12.018031820202387
1951	13.218205325322582
1952	13.436792820134796
1953	14.449382654648028
1954	13.927244784536015
1955	12.170392033576425
1956	12.882487923867302
1957	13.516517817437396
1958	12.119807624196829
1959	14.031400985926247
1960	12.602549439952709
1961	12.200367025579052
1962	13.516983936967135
1963	13.120158382752946
1964	12.113542169693392
1965	11.868669271673353
1966	11.911435769940727
1967	11.89040328831678
1968	13.279002090709564
1969	11.240354278331413
1970	12.69643672826069
1971	13.436153025680687
1972	13.632248012988518
1973	12.849165372694419
1974	12.679345515179165
1975	12.603534667310305
1976	13.233002309221774
1977	13.86784526640766
1978	11.861478397570519
1979	14.532810590428083
1980	12.955187432057713
1981	12.57575168943454
1982	13.613018576506875
1983	13.858491209585576
1984	12.833577206804572
1985	12.42067320011191
1986	13.520360454873298
1987	10.935108504865823
1988	12.278016460027235
1989	14.206672829548623
1990	12.990013507925266
1991	12.587402910655364
1992	13.718060630675474
1993	13.292892826520356
1994	13.47328881355786
1995	13.147494772578856
1996	13.905050346437891
1997	13.09202782665445
1998	11.654135678464081
1999	11.514257898306257
2000	13.674341907178645
2001	15.234390499686318
2002	12.959009493538884
2003	10.382697874584073
2004	14.16122360903172
