6	10.504131300271183
7	9.96342228074041
8	9.529389746492665
9	8.715876388925244
10	10.859774857280732
11	9.454368362939052
12	10.833663845242505
13	9.583808926501035
14	8.923346071944495
15	9.724410203237811
16	10.309198945838004
17	10.94215869735126
18	10.240899016253083
19	8.944360357037882
20	8.721636302738968
21	8.097357884594643
22	10.465056230076048
23	8.858864669029902
24	9.358524245181659
25	9.888104226229396
26	8.037060028457597
27	10.073923336880883
28	9.15506558357531
29	9.770267773905996
30	10.520170481405419
31	9.20221908559828
32	8.288288860005895
33	9.727844908010617
34	9.467684992624262
35	9.093258708931216
36	9.384930768795199
37	10.689335516758616
38	10.078098031317293
39	10.005905267391485
40	8.091571596383089
41	8.617345449089564
42	8.714931817745486
43	9.937256763384804
44	10.18040666163674
45	8.66459180333139
46	10.205743407751417
47	9.767322446017427
48	9.95713156220459
49	10.199222003031117
50	7.404149797994511
51	9.129589537451524
52	8.790798217495345
53	11.37147550942803
54	8.677269290627454
55	9.910352977843234
56	9.954452236330004
57	9.617831874594437
58	9.622580413758987
59	8.646912158921449
60	9.031025612519176
61	10.42114091783016
62	9.675770317157731
63	8.686522983051523
64	9.25577424069183
65	8.623236553269999
66	9.815837207931054
67	9.376508308745022
68	9.318588950872073
69	8.987568959974144
70	9.252435715030048
71	9.530075014457301
72	9.79796750664011
73	8.243637595464186
74	9.749244320682111
75	8.587854194022515
76	8.954682258086486
77	8.857874330120525
78	9.391398779160573
79	10.755364336682963
80	10.455028035639165
81	8.952774741451625
82	9.704232769327549
83	7.570662087785422
84	10.422523272558465
85	9.985741297242008
86	9.513494694942935
87	9.376778100126103
88	9.467356531727297
89	9.107637831026643
90	9.088261977206388
91	9.186015429021227
92	10.424451372656153
93	9.955539391268113
94	9.562708063909263
95	8.066683604104414
96	9.682604366292072
97	8.986509997452512
98	10.87042696208265
99	8.166679342679764
100	7.349158374019748
101	9.358700081142278
102	9.707452757484539
103	9.460341121147541
104	9.101791884268168
105	10.428897672737198
106	9.238464473727591
107	9.052979766752777
108	8.686481102733055
109	9.824773434149122
110	8.834547155768423
111	10.57195648257429
112	10.347920472394287
113	8.330260344154441
114	9.412614717051419
115	10.535045693862013
116	10.294971415742314
117	9.992979371720256
118	8.566039274847249
119	8.603187507326275
120	8.900055391380347
121	9.472797085579966
122	9.85889354329912
123	9.369365760276196
124	9.00735185737854
125	9.109867754457575
126	8.946470534264517
127	8.945736943123022
128	9.390340776124972
129	8.967931977780667
130	8.962242909233153
131	9.603232082904945
132	8.789014634236363
133	8.934139632943292
134	9.603566374392427
135	8.975956547743408
136	8.786878575047012
137	8.816096667065317
138	9.457690209571737
139	9.824192874158648
140	8.596885839484692
141	10.560792720941414
142	8.641771415258214
143	9.204876480532887
144	8.639056719508236
145	10.941010741539122
146	9.800644788394493
147	8.956936132828965
148	9.948753797028136
149	9.493555218752121
150	9.792917014201052
151	9.338025074534016
152	8.904493905946415
153	9.645957706703602
154	10.028176559199853
155	8.634846541395886
156	9.427072721857375
157	10.238645056693537
158	9.880626488666167
159	9.840349626124672
160	9.199348174515762
161	9.354884364870314
162	9.436314573660493
163	9.861535686396214
164	10.069298670040249
165	9.79801410542913
166	9.3820023127379
167	10.173022443379816
168	9.475952674038854
169	9.518533379675054
170	9.403808260262435
171	9.548042551762702
172	10.807917970291951
173	9.642132290859747
174	8.843608151006467
175	9.04150238068299
176	9.136540220816228
177	10.396627393734109
178	9.133885576283642
179	9.995165108716565
180	10.624069862820761
181	9.986387890807965
182	9.093949142094651
183	8.661254282652376
184	10.493099945010727
185	7.9516542344579415
186	9.466850584650981
187	9.863245306463796
188	9.74296972214342
189	9.814474708109628
190	10.265436357421567
191	8.966196284760372
192	10.341452885723811
193	10.476071722673078
194	9.579023694946251
195	10.459668571805402
196	11.2918291744455
197	9.702536067035489
198	8.995064816877452
199	9.448192048191448
200	8.738830031250005
201	9.205458612784241
202	10.16282939787925
203	8.599295706542033
204	8.67071610200821
205	9.383110425178208
206	10.95786787664446
207	9.069305557096037
208	8.1502941265162
209	9.650346401166574
210	9.344841340011852
211	10.376147448756875
212	9.943790440948053
213	8.874093287949039
214	8.680884442070411
215	9.146469342588041
216	9.050444546756738
217	9.47252831768222
218	9.349312134045176
219	8.143564875410389
220	9.274160476540395
221	10.67005736444151
222	8.766657444038204
223	9.73327997131292
224	10.12866488939633
225	7.550283681197713
226	9.57015478913751
227	9.581317786615303
228	10.690401652471765
229	8.734962337966135
230	7.916633742738567
231	10.33591009967213
232	9.097210215139462
233	8.988801947014872
234	9.639115886306517
235	10.179313494485715
236	10.137947695132425
237	10.373869710205607
238	10.530503874531977
239	9.71080759330371
240	8.993832658046072
241	10.281873772177883
242	8.756769998725549
243	9.186776546386401
244	10.389057051348162
245	9.50179473130547
246	9.520919997523906
247	8.667143440821336
248	10.298619415519674
249	10.73449085558851
250	9.848639982748747
251	10.043823027176485
252	9.488435520527775
253	8.918495283921052
254	8.443890931295464
255	9.845176102095138
256	10.598750764947349
257	9.739589417978536
258	8.447410371568388
259	8.617697643135832
260	10.539302615643829
261	9.294645298404458
262	9.592821999004652
263	10.75064254947187
264	10.011290757845227
265	8.35495765138722
266	10.31283664999064
267	10.288350872573574
268	9.109167311478153
269	10.805050441104687
270	9.314876618595898
271	8.621456405374024
272	9.190045299066696
273	8.272197006983802
274	9.009814884550805
275	9.981101814816402
276	8.867559815251017
277	8.570579116302259
278	10.987904561846893
279	7.071130524689439
280	9.843318542024159
281	8.096097759134512
282	8.478121714608278
283	10.475550111727967
284	9.51629974894604
285	8.65389842774734
286	10.205518195006015
287	10.78358481558001
288	9.147492078225746
289	9.290189049874243
290	9.535300163198553
291	10.007879593747578
292	9.700798248733214
293	8.905409199343394
294	9.756183629921232
295	8.909676988800657
296	10.183858158485517
297	9.208829782901702
298	9.812674474349478
299	10.833209356613224
300	9.024181729376627
301	9.782011023356445
302	9.644756360649685
303	9.168724747156844
304	9.234468478647496
305	9.202911151122422
306	9.712284510327486
307	9.942862576141488
308	7.7999404833674255
309	9.99133101281815
310	8.891652138282856
311	9.179008325090587
312	8.554685185607523
313	10.617893434338077
314	10.225572482486314
315	9.76362670921436
316	9.522624744197607
317	8.736653145916838
318	9.21089151811846
319	9.3709170548805
320	8.567067289184447
321	9.085490545870561
322	7.761745681897189
323	9.24266151226719
324	8.670555028314185
325	10.18380161593377
326	8.873691678176328
327	10.72692240260902
328	9.95184816417074
329	8.371747093448196
330	9.460229334654287
331	9.522394940579709
332	9.58471826360134
333	9.11464367506172
334	9.609319301351206
335	10.554783055725663
336	9.455502784183409
337	10.022078540833899
338	10.576023478676992
339	8.835773537346657
340	10.19392590742791
341	10.176072375536508
342	10.836775461214572
343	9.481726178051847
344	9.143104335512572
345	9.248334550038432
346	9.187057191293347
347	7.917396215930169
348	9.10214297892242
349	9.512872272388389
350	10.195591861986735
351	8.935290550199081
352	9.557078389963863
353	9.925230807634458
354	9.19637204819109
355	9.138794385215512
356	8.745343894955779
357	8.113606048503748
358	10.428459954976072
359	9.241601013510566
360	9.31879249466986
361	9.28007761439302
362	10.225704719352176
363	9.934554440773002
364	9.923631757842044
365	8.457836843130213
366	10.143329547942683
367	8.770500318094667
368	8.920762976004381
369	10.050148967543565
370	8.708885220162458
371	10.081190983888835
372	8.661619799463855
373	8.61024089244246
374	8.189588438157978
375	9.965666551490646
376	7.575389474638671
377	9.541930301749568
378	9.854123716390948
379	9.204852378306896
380	9.945646691646349
381	9.35063610733131
382	9.506925467810813
383	10.476152911397199
384	8.580527207058722
385	10.038231178378355
386	10.348384765010062
387	9.39428898583315
388	9.19404885669272
389	11.278591419678248
390	8.41216060379243
391	9.099312223069138
392	9.193312885554406
393	10.19236741534194
394	9.575944477106937
395	10.134008178743027
396	10.936947587260095
397	9.267570840886846
398	7.754570568506517
399	9.750757084625574
400	11.665437458390702
401	8.372841860147028
402	9.603252659611623
403	9.179667978525126
404	9.438742422304736
405	8.979372693555584
406	8.933572757335579
407	10.559152499703817
408	9.19662736816681
409	8.885838133546606
410	9.05872138384903
411	8.745055973576935
412	9.54443572037336
413	8.841015186928697
414	8.212872737669386
415	8.252823115490308
416	9.252866816091617
417	10.061705978889503
418	9.915599187526823
419	9.390766184395854
420	10.10925489648177
421	9.813781929177432
422	10.441262606368024
423	9.64507738073231
424	10.123325567426651
425	9.528706880192452
426	8.855008671523537
427	9.14003571734712
428	9.497953478626894
429	8.659779152353405
430	8.849881558086054
431	10.740775751866334
432	8.640702186997428
433	9.487523188207222
434	10.021296204663072
435	10.451446491505486
436	10.70704970344937
437	8.958221423326412
438	9.300657571185953
439	9.204357198820706
440	9.839749962266069
441	10.728227017777195
442	9.955591616392557
443	9.056991071590494
444	10.344315610073576
445	8.825748902201527
446	9.842200418264127
447	10.027201608649367
448	9.92258380787181
449	8.367788850164148
450	8.893105081365173
451	8.801919641176937
452	10.581708385329371
453	10.011475288641504
454	9.324947051849449
455	9.486757023045076
456	10.027531499482482
457	9.282221323431228
458	9.414405674827586
459	9.641683023207587
460	9.459386033225908
461	9.091207741106
462	8.643435049963752
463	9.329453491019263
464	9.315956839581808
465	9.759025902423497
466	10.992908512774092
467	9.12234004574167
468	10.309918410353863
469	9.855876300174522
470	9.93550570757714
471	9.628862008951659
472	10.850113801862712
473	9.169691748493774
474	9.582533606362995
475	9.619148447938759
476	8.829818822947951
477	10.233502592204157
478	9.233065400482907
479	10.170873766558454
480	10.123582765796117
481	8.950083631024528
482	8.92764423120146
483	9.060672321979208
484	8.939050854296267
485	8.102285273560403
486	9.618643277743384
487	9.550389507175199
488	10.467772460183985
489	9.364157279185342
490	10.967459406547277
491	9.958885061956094
492	10.34521554049986
493	8.54366636689895
494	10.754755138423828
495	9.63481093882694
496	9.991964907325782
497	10.260466569287312
498	9.945046642588245
499	9.991665480074673
500	8.102324467437574
501	11.03412859172518
502	8.223052285479543
503	9.740469770582141
504	9.184282031644086
505	8.887460716840852
506	9.827192183907755
507	7.3246912092845715
508	10.416683470115531
509	8.255132824751154
510	10.199214956450025
511	9.181632311713537
512	8.88170266538733
513	10.319311502413578
514	9.779268145354846
515	10.317049729428254
516	7.632458370919763
517	9.9684327661732
518	8.707544745490951
519	10.096744128854029
520	10.303755697401002
521	9.935762785384073
522	9.942710850874768
523	10.472945819858596
524	10.243210204944122
525	9.763570051873103
526	9.578454298256416
527	8.763439628531664
528	7.720032482136351
529	9.524308766806499
530	8.713873826237055
531	10.278101779855206
532	9.461760725281502
533	10.202238434107535
534	8.059655322028595
535	8.555127150444605
536	10.236840562914344
537	8.886431512415099
538	9.15754964183135
539	9.004322080817978
540	8.85402595759702
541	8.673846122611744
542	9.399409823912016
543	8.920740072942516
544	10.162508565265064
545	10.26858669259309
546	8.904888799545475
547	10.455727259373113
548	8.953905118208947
549	11.000099409640825
550	9.361214260536466
551	9.891561876800067
552	8.37180513606572
553	10.584080936494642
554	8.9077656652856
555	8.972438396404598
556	9.783431743916653
557	8.208434751445356
558	8.93662155949841
559	9.48083036520984
560	9.088092943755019
561	9.271584078109646
562	10.063719147995402
563	9.038805035731222
564	10.07013824546117
565	10.245363823607164
566	9.613053285756905
567	10.756969627125525
568	9.407861459662296
569	8.397167897815557
570	8.558591655534391
571	9.666924424016745
572	9.060266783761401
573	10.18333829673401
574	10.197943175139908
575	9.284304733498074
576	8.37948605323676
577	8.934479147477154
578	10.398159733661954
579	9.818572662599358
580	9.83635744123885
581	9.870425838259203
582	10.012172091886896
583	9.501038856594823
584	9.752916570500625
585	8.681773118405545
586	10.246832412024055
587	7.924776899722224
588	9.481666512715991
589	9.359632379263461
590	9.09717052107832
591	10.410175991892174
592	9.631684718517187
593	9.332246360096052
594	9.216867624359255
595	9.913612788252067
596	9.314622917550526
597	9.212892648076728
598	8.462749957009368
599	9.474528724986031
600	8.710957707363248
601	10.532945862479298
602	9.57528237061019
603	9.76192848191713
604	7.862416347609488
605	10.363476941463418
606	10.102885256758116
607	8.138649754145613
608	10.09366275207515
609	11.054647919996642
610	9.99607975726786
611	10.045233876707412
612	8.92838947282548
613	10.219806137539807
614	9.080576400489857
615	10.422224207668073
616	9.21854430623728
617	10.094070611874486
618	8.98870850167836
619	9.769496749371424
620	9.691371150758911
621	9.839087390322955
622	8.629997086533372
623	10.339612917374605
624	8.922227374793563
625	10.251032563586099
626	9.37365388966088
627	9.417554936087981
628	9.31450036881789
629	10.087354532660797
630	10.045341816177825
631	9.962380198197653
632	10.246034326861732
633	9.254750225523354
634	10.054197455985559
635	10.463789834966883
636	9.912476968418266
637	9.522548077162355
638	9.656851262892955
639	10.980038726880837
640	9.081774704394775
641	9.779510491373948
642	9.33022724633615
643	9.438332940904527
644	9.087714006253067
645	10.10348334913142
646	9.978048228252856
647	8.99514468899928
648	9.340732316735537
649	8.697574640355574
650	9.833604755762886
651	8.936063096107153
652	9.06312843878469
653	9.332106106668814
654	10.932265613347731
655	8.923116654870327
656	9.086639895415864
657	9.79286507978449
658	9.010979520322214
659	11.026984427327049
660	10.34605747731191
661	9.66408752841114
662	11.10289903674218
663	8.5622987571853
664	10.07456870599755
665	8.567392725246744
666	9.037916154682485
667	7.606051635028472
668	9.450161479974419
669	9.276968180394286
670	10.039232003125361
671	9.719646106999978
672	10.796845760294953
673	9.838768239220371
674	9.11352644443527
675	9.416452691606853
676	8.887610155681614
677	10.02620143678117
678	9.441370520995752
679	9.015858359706517
680	10.137251928924039
681	9.476118859181252
682	10.049927836785274
683	9.555439103152962
684	9.2161395202711
685	8.940275680947568
686	9.37331453531616
687	8.317042723634733
688	8.417388130025937
689	10.206476923237831
690	10.715257651631587
691	9.57802575554039
692	7.6904000463888655
693	9.239070414436615
694	9.396121072641108
695	9.49167376085894
696	10.206279866203355
697	9.466458626789972
698	9.739076149950895
699	9.543760210112039
700	7.836672861042673
701	9.256410660540077
702	9.839301642676583
703	9.645908057009084
704	8.340249799385978
705	9.636395208448029
706	9.89176677665008
707	9.103490010121007
708	10.543606764957076
709	9.140101581994394
710	9.704821574300205
711	9.463639831864453
712	9.689601400315071
713	8.99983429787794
714	9.483977060771496
715	10.037473821934933
716	9.939586294871274
717	8.992162698297761
718	8.134817366371863
719	8.967595293927136
720	7.431113765148136
721	10.656828153623088
722	9.970802281941157
723	8.689843974245543
724	9.375118304005204
725	9.645140811665138
726	8.858137505495263
727	9.982911796436735
728	11.545512982317282
729	8.92772491843425
730	9.18289115700405
731	9.066270907614003
732	10.029126950960245
733	10.30184400179294
734	8.77287563937328
735	11.252505203028424
736	9.765182112099513
737	10.736452954656366
738	8.70753936644807
739	10.596876029041596
740	9.923537335171002
741	9.53608055031438
742	9.600733299068033
743	9.856282390912089
744	10.205797130591236
745	7.945163237326779
746	9.783604190473582
747	9.39309443000959
748	8.322129139367743
749	8.962423522235401
750	7.263522439694498
751	8.919569691566455
752	8.635084701964873
753	10.231793362394589
754	9.491064218916774
755	9.205446883806761
756	9.185981081282565
757	8.122608481313694
758	9.576229443143466
759	9.717462369267686
760	9.638536647728566
761	9.284586283648688
762	10.530046915571626
763	9.566222750820176
764	9.801054555627449
765	10.355446199120413
766	10.235024924595983
767	9.809024970924352
768	9.53926528716492
769	9.017538115288415
770	8.862126822424276
771	9.405186431071343
772	7.309883754568985
773	10.204016832450796
774	9.59382444091995
775	9.458843946979115
776	10.562872310201783
777	10.006452825131689
778	10.93337699882021
779	9.04523664570521
780	8.903641134444173
781	8.97524147140939
782	8.755406781325057
783	10.327792099971298
784	9.548876729126697
785	8.484048009277986
786	9.246986015033649
787	9.230607143087711
788	10.723533718672115
789	9.67623214372495
790	8.432533711217628
791	9.585930554545484
792	9.419569228302628
793	8.161351938557345
794	9.387137184302594
795	9.462647701563712
796	8.737572187472036
797	8.524894668003789
798	9.63378631372788
799	10.613084233903681
800	9.223195521390952
801	10.110423973696824
802	10.183828164915683
803	10.592668123390814
804	10.011241563054053
805	9.767622815021443
806	8.593528089547853
807	9.633961988160781
808	9.626982176792808
809	9.237110025328283
810	9.135331567205
811	10.134004256607463
812	9.114261445964896
813	10.053283902037139
814	11.231438420738414
815	8.225990572557784
816	10.163577421496983
817	9.696227444144297
818	9.064361882422908
819	10.147225338629344
820	8.228697325616075
821	8.713705289276103
822	8.511365791966748
823	10.34266762004324
824	7.688309937238955
825	11.536788354309884
826	9.77296830917028
827	8.245450586557478
828	9.496197993356374
829	8.932903519404741
830	9.82538608642709
831	10.132650871483248
832	10.245090339550629
833	9.588634520778559
834	9.8081952832484
835	10.012365839585687
836	9.500970663859569
837	9.302479898598376
838	9.77135989027128
839	8.764012001999353
840	8.997713184122963
841	9.335651218926964
842	9.218137856702217
843	10.257359391230045
844	10.37759878720744
845	8.310872438852108
846	11.097630039883024
847	10.362307360642053
848	8.02223095299691
849	9.348364680365194
850	9.246268390758464
851	10.017137584749435
852	9.617410475547176
853	10.097384160799265
854	10.191479023268085
855	9.066899515329473
856	10.358923586341552
857	9.186589660099708
858	10.084713571472093
859	10.194548633930806
860	8.899862053567514
861	10.39340464457027
862	9.661409066728083
863	9.310943126744435
864	8.225133477856646
865	8.644595758424007
866	8.966046984168878
867	10.497421009060476
868	9.17651407029027
869	9.558423141447397
870	10.073302258155309
871	7.8360431181499735
872	10.239631762018337
873	10.500414581867986
874	9.650309055725423
875	10.53634342787644
876	10.405010053324663
877	9.942553351580676
878	10.029358698640863
879	9.699312447702848
880	9.340248336802082
881	9.453124821138442
882	9.764015148416341
883	8.798182345603387
884	7.948598756503705
885	10.045730941928923
886	9.360722673028553
887	9.332319507394136
888	8.805927692916274
889	9.144058294751002
890	10.253732469528376
891	8.662131134221601
892	10.334829796681232
893	9.755904314363555
894	10.772230727552799
895	7.936830354836275
896	8.570120399168585
897	10.050845062709413
898	9.319283877144612
899	9.961488417417351
900	9.838789915307784
901	9.145914108356616
902	9.078399374722862
903	9.783323870498627
904	9.751890618703328
905	10.145667758214081
906	8.437148391366787
907	8.950892142144092
908	10.270347916993261
909	9.039813928189687
910	9.632103784694873
911	10.577282822596317
912	9.706903399711836
913	10.620039616856957
914	9.344279945381135
915	9.292682996801792
916	11.189850546935174
917	9.243029263979729
918	8.47191357999052
919	9.188037024027752
920	7.94835189142355
921	10.048963492212351
922	8.761792421537953
923	9.293621727326396
924	10.597729393436262
925	9.79581959394885
926	9.44812823672058
927	11.217347941522132
928	8.84601162695476
929	10.333889380769271
930	9.758137441192822
931	9.720689887634943
932	9.541801077335746
933	9.080946621207875
934	8.087124007809003
935	9.167528372358195
936	10.714495156728663
937	10.080690834984685
938	9.831651975759693
939	9.350675941993748
940	10.777319708930008
941	9.145747304826868
942	9.334447872913543
943	9.0351028756743
944	9.996260208451744
945	8.875278180779423
946	8.426243387487846
947	9.482467542277716
948	8.670359461238453
949	8.475887626315647
950	9.018163718466115
951	9.573593145673641
952	10.894145566940066
953	9.351634296502228
954	8.92222073224212
955	9.023663634123901
956	8.109640428393435
957	9.48001966753061
958	9.23697602014363
959	10.127579183112282
960	10.233082274855114
961	9.920446736367282
962	8.637006897196573
963	9.15844247791952
964	10.608834439093092
965	11.728466165015966
966	10.510046385461465
967	9.551146146445536
968	10.850537104373668
969	10.288083218898262
970	9.108151372900466
971	10.192969112644537
972	9.529436728158034
973	9.004192953787019
974	10.20070242549428
975	9.611589684704086
976	9.333694997725875
977	8.596282447530964
978	8.856608905957547
979	8.7606227154643
980	9.252014243580971
981	8.98479202788175
982	8.716770560066733
983	9.346730744820976
984	9.67819397028264
985	10.198872481731907
986	7.8923828589451865
987	10.656903075446126
988	8.625083150021965
989	9.646255702040015
990	9.365487583439487
991	11.381673274888477
992	9.919223727781274
993	9.355554092411154
994	9.516318498986713
995	9.410016730721551
996	9.734697325300658
997	9.63920746668435
998	10.998876660390614
999	9.375200698297704
1000	10.485305137690515
1001	8.87448481116444
1002	11.592258578641466
1003	8.728784537131322
1004	9.535781421969014
1005	9.422945022456009
1006	9.600283130500465
1007	8.749068964595697
1008	9.866687630150409
1009	9.792835385515355
1010	9.065022623534464
1011	7.983412604133088
1012	9.594618116870421
1013	9.325894944178271
1014	7.022722817088764
1015	9.95265500825998
1016	9.783918729991031
1017	9.958593935123645
1018	9.020175639177278
1019	8.97433770349848
1020	9.571576425634298
1021	9.354126466205344
1022	9.853070366690389
1023	8.681743185664526
1024	9.73084152359012
1025	9.452578005531143
1026	8.347907905776275
1027	10.534234922183844
1028	9.407524290530441
1029	10.837713016636876
1030	7.936027325896753
1031	9.458977493836786
1032	8.952477137088023
1033	10.30756715673811
1034	9.928102476103861
1035	8.815657883342778
1036	9.240043551428244
1037	8.693439862698376
1038	8.52298212563619
1039	9.816554457287214
1040	8.0171016716311
1041	9.8665878275489
1042	9.824770880415318
1043	9.58225992696114
1044	9.60910533456869
1045	9.834498297230311
1046	9.811995716660373
1047	8.963598203119965
1048	9.691629461305697
1049	9.484226666760017
1050	9.143791653055814
1051	10.588154539978131
1052	10.969755545866885
1053	9.32559935047832
1054	9.28736206346478
1055	8.957580295285089
1056	8.882613950264862
1057	9.862210928838557
1058	9.075423906407048
1059	10.112438851897604
1060	9.178725691038537
1061	8.695827342877497
1062	9.321344926127143
1063	8.755100143337321
1064	8.490484605317137
1065	9.160783917325633
1066	9.571919746665905
1067	7.282429941921849
1068	9.624625319325975
1069	7.326292067390079
1070	8.834741117477488
1071	10.304838006505742
1072	10.480714361269579
1073	8.451146989536937
1074	10.08828033817958
1075	9.33483525364089
1076	10.461921813935342
1077	8.023328195420888
1078	9.792416095388152
1079	8.949322568605684
1080	9.606258325977251
1081	9.650651106034362
1082	10.193519935989752
1083	8.104302102129065
1084	9.777408280045442
1085	10.006697643179601
1086	10.373913137287262
1087	9.913252496506058
1088	8.850507006210346
1089	10.127287882402362
1090	9.518723815202247
1091	7.543363225333659
1092	10.326455155686874
1093	9.321369671052501
1094	9.808583826381856
1095	10.115454702832116
1096	10.3811563030144
1097	9.832211659316762
1098	10.73585987232265
1099	9.037932399920045
1100	10.322082943992871
1101	9.363965876719535
1102	10.8788006298441
1103	8.237116776084385
1104	9.874217594710869
1105	9.355286859974806
1106	9.97333507885708
1107	8.870928981294856
1108	9.285426886672212
1109	9.42370664739024
1110	8.241656027756454
1111	8.853911101092727
1112	10.546069540089876
1113	8.292168224545044
1114	9.060148700868952
1115	9.72728320934738
1116	10.867838377043462
1117	8.83644680639093
1118	9.847819129005075
1119	8.908277395458537
1120	9.112579998107524
1121	9.94670754110848
1122	8.921542737539857
1123	8.59833549852192
1124	10.536936676723041
1125	9.359349095352137
1126	8.562710542712011
1127	9.068529804639349
1128	10.40554126066325
1129	9.385092049044033
1130	9.268801549859788
1131	9.553710833081924
1132	9.231218038454244
1133	8.449196959962137
1134	9.391808419743732
1135	9.758215605595108
1136	9.215034128327925
1137	9.203866235157918
1138	9.41725482303882
1139	8.487485144032343
1140	8.593715820681407
1141	8.804105011087708
1142	10.690643786888003
1143	10.763382494224546
1144	9.323191427298495
1145	10.0438493795753
1146	10.433407878655999
1147	9.996001808801665
1148	9.824455258121054
1149	9.291626535414252
1150	11.038742255812394
1151	9.896305597393722
1152	9.298719460400752
1153	10.612359231945852
1154	9.507579979540493
1155	7.347320248484611
1156	9.697140760814634
1157	9.082370472864973
1158	9.724582291613784
1159	10.251797691220418
1160	9.826513268939582
1161	8.914911337017726
1162	9.135587796549467
1163	9.362815935547735
1164	8.2098227445072
1165	7.947850196013371
1166	9.2570470918715
1167	8.936771495598219
1168	8.223945775340932
1169	9.5124497023145
1170	9.100921219752717
1171	9.461262476630509
1172	9.287206577940754
1173	9.395531710094978
1174	10.485601907363161
1175	9.777468717371624
1176	7.5948052402120085
1177	9.059553020176411
1178	10.616782111910117
1179	11.085068932906522
1180	8.141050911651782
1181	9.282720411240007
1182	8.572652539396659
1183	9.227104488837844
1184	10.741455999092155
1185	9.944367538161504
1186	9.647342324344208
1187	9.610369215434831
1188	10.172096397736683
1189	9.535473715222906
1190	9.293245205722217
1191	9.895032828140463
1192	10.259587999118272
1193	10.049329056986608
1194	8.930671694992473
1195	11.4821440258238
1196	8.49954031303706
1197	9.325932763672123
1198	9.905774526078151
1199	8.203997545492564
1200	9.328690037326586
1201	8.9072200613963
1202	8.785408867740884
1203	11.245362972622857
1204	9.893858964735221
1205	9.760782114377745
1206	9.100980751099996
1207	10.497159511611487
1208	7.89469054460571
1209	9.056910151393996
1210	10.78221696790786
1211	11.3428722208527
1212	9.366985875947941
1213	9.990117471671796
1214	9.278235041206548
1215	10.291008971901912
1216	10.628313516659546
1217	9.265223088080905
1218	8.726166678535929
1219	9.656649199645752
1220	9.038751616833672
1221	10.26758962652792
1222	9.811713268226455
1223	9.553176511415383
1224	9.37113753645422
1225	8.578278698155192
1226	9.377508404504624
1227	8.341264522822929
1228	9.180567491723924
1229	9.495694740093313
1230	8.543688284492909
1231	8.65982833201997
1232	9.388621807031866
1233	9.635826404889926
1234	11.048508762713308
1235	7.682884800916297
1236	10.048048999337922
1237	10.15220651102718
1238	10.574290477081377
1239	7.981464270554904
1240	9.223804718826148
1241	8.746623058112398
1242	10.990737021344923
1243	7.865657012811146
1244	8.726826037145937
1245	10.417571623001196
1246	9.579129640137156
1247	9.331953973416239
1248	11.019313794294638
1249	9.445552205769118
1250	9.371286950479927
1251	9.48496299599778
1252	7.749758199978344
1253	9.66658544783982
1254	9.720696034477797
1255	9.665548111124036
1256	9.109331991044908
1257	8.508658044096082
1258	9.17644850336238
1259	11.268080566551596
1260	9.296141794631975
1261	8.823412350957252
1262	8.952170214263678
1263	10.842729628299518
1264	9.207961670611418
1265	9.448031557756217
1266	9.706578153660162
1267	9.807361145671457
1268	8.742288348187381
1269	10.557380645492769
1270	8.778721409616992
1271	9.764038814727458
1272	9.28045438916888
1273	8.95379433594644
1274	9.683586863538949
1275	9.641580019162834
1276	9.265461361869388
1277	8.9211086442956
1278	9.449649890950557
1279	9.331584299176134
1280	10.789004229574598
1281	8.464891307266607
1282	9.479752155946477
1283	9.039833544617673
1284	9.404612803698651
1285	10.265316874509857
1286	9.770680005366627
1287	11.187136253730083
1288	8.850832322146744
1289	9.259480929396187
1290	9.620891404008338
1291	9.71138043575047
1292	8.703779020093913
1293	7.263327947329907
1294	8.970788450957071
1295	10.339015124486414
1296	9.329816348014262
1297	10.027426101367123
1298	10.181975720450282
1299	8.674522880697623
1300	9.900529308147574
1301	9.97171879198221
1302	8.838407607372993
1303	8.335646589406796
1304	8.987956366464195
1305	8.770448948992717
1306	8.359044057450124
1307	8.953393046627752
1308	8.921391858499394
1309	9.242196850927273
1310	8.665577430015189
1311	9.468371305689816
1312	9.550214696224899
1313	10.868762725684793
1314	9.019807536536568
1315	9.444492921343466
1316	9.449024106602577
1317	9.2064798373729
1318	9.203579605549749
1319	9.870186687838286
1320	10.203630856837721
1321	9.409779355485135
1322	8.431533158351217
1323	9.75941866875094
1324	9.200564243104857
1325	9.654967399374131
1326	9.74338288907893
1327	10.574913902432085
1328	9.036715647199243
1329	9.132736079534515
1330	9.217810561572126
1331	10.169476974485141
1332	9.22470489999039
1333	8.790815594666187
1334	9.54609758920607
1335	10.994943459266796
1336	9.579883271330296
1337	9.554377928458003
1338	9.284622068382586
1339	8.940242712052228
1340	8.651349136031058
1341	9.332923733074075
1342	8.782478544104379
1343	10.158079599540752
1344	10.58210604603491
1345	8.455065009342507
1346	10.127824361323409
1347	8.650081519262805
1348	9.889329583924864
1349	9.089536981361631
1350	9.798801719917044
1351	8.573198671303949
1352	9.114846063888676
1353	9.867243145107972
1354	8.987660474662158
1355	9.232875957559314
1356	9.44952813020791
1357	10.202013282883321
1358	9.351342472189572
1359	10.015760019887239
1360	9.805637028010096
1361	9.541675439639086
1362	10.885413316632842
1363	10.990649936526703
1364	10.089190937541124
1365	9.648552621043144
1366	9.761691647342273
1367	9.530683647047475
1368	9.014853195260422
1369	10.3012482029295
1370	9.482652226341001
1371	9.685461390780558
1372	9.613277788587416
1373	9.65831160060396
1374	8.895804243755617
1375	9.44481417464946
1376	9.857208683679346
1377	8.338774854191938
1378	9.526960156750507
1379	9.139551381651675
1380	10.280722703412176
1381	9.070395965924641
1382	9.744430682963866
1383	9.68782791277514
1384	9.911187566103763
1385	9.594273523265858
1386	8.754828172888105
1387	10.030961015440214
1388	9.043911564636801
1389	9.054103803735536
1390	10.221303246983487
1391	9.768572454851192
1392	10.238470517677225
1393	9.661141267466721
1394	10.186193099278691
1395	9.866640107576838
1396	8.824913964494161
1397	10.253153892113797
1398	9.841994726548105
1399	8.626389089748264
1400	9.911148385753133
1401	8.519808073082993
1402	9.075864897835451
1403	8.71036010076322
1404	9.213624345935667
1405	9.110978476399193
1406	8.368972928822041
1407	9.828437603341657
1408	9.28765193881743
1409	10.185814321897924
1410	10.451726188792641
1411	9.328431091989236
1412	10.063959550828887
1413	9.48982918592325
1414	10.335420509871955
1415	11.21567223769111
1416	10.12701642221953
1417	8.735970051869028
1418	8.344055171530213
1419	9.307428175927184
1420	10.575623163082465
1421	8.151844887340513
1422	11.128584172638755
1423	9.065856712865239
1424	11.171755050058263
1425	8.940964011973442
1426	10.786776260454925
1427	8.522125260268028
1428	9.511061528303092
1429	9.894064135288957
1430	10.467206839795015
1431	8.337139969135844
1432	9.761681913078895
1433	10.409357243338254
1434	8.384231818801103
1435	9.36194309937911
1436	9.087664271358753
1437	8.868035624715654
1438	9.586913070813925
1439	8.325112944630046
1440	9.898991543764714
1441	9.863355321473339
1442	10.14138840140021
1443	8.855363021069206
1444	10.303498334037917
1445	8.877152529086977
1446	7.658199268347788
1447	8.684179506970395
1448	9.433581085812945
1449	8.856876505664191
1450	8.851116340532899
1451	10.32218477036804
1452	9.463425032335282
1453	9.421925390921793
1454	9.184998501970943
1455	9.879925570495995
1456	8.319078525183377
1457	10.132599106610186
1458	10.753457574741333
1459	8.647144778887741
1460	9.114291992117991
1461	10.066038404824212
1462	9.84575889071372
1463	9.32635902359228
1464	9.60314147533455
1465	9.738469218434249
1466	9.219304237627394
1467	9.938426290239606
1468	9.84043182428771
1469	8.240671404810142
1470	9.589004649321497
1471	10.560726753976796
1472	9.461980129288147
1473	9.333090240135789
1474	10.864166910216833
1475	10.739707500942481
1476	10.163275314236266
1477	9.382048029354923
1478	9.192302309772781
1479	9.938594113867213
1480	8.849183681276848
1481	9.894152276331766
1482	10.41436433704355
1483	8.654461288404288
1484	9.351958880899474
1485	9.001233698372099
1486	10.275952693839956
1487	10.722095370155705
1488	8.529961635851159
1489	8.888658482836924
1490	9.737421151892892
1491	10.101079631998966
1492	8.423147335920172
1493	9.555869314953899
1494	9.38112145853894
1495	11.132111050476809
1496	9.045174181093312
1497	9.736858353994858
1498	8.61396277647826
1499	9.889881346445893
1500	9.792484542253078
1501	10.215080159528908
1502	10.850451028990475
1503	10.594333583683087
1504	9.331320378774157
1505	9.84466723666992
1506	9.280992642085767
1507	10.764177130228331
1508	7.721846142577539
1509	9.943822948909478
1510	8.34241644599505
1511	10.13114044818096
1512	9.718901644290954
1513	8.99934011987912
1514	7.946209137545778
1515	9.527637555044041
1516	9.910332668884998
1517	8.58615013934636
1518	9.28710502463971
1519	9.463287066943435
1520	9.319218349679431
1521	8.136050361355215
1522	9.316956500864277
1523	9.587845078481433
1524	9.864242187812925
1525	8.722631575011361
1526	10.397482361320815
1527	7.856864102954905
1528	10.18682026132805
1529	10.761172151314982
1530	9.824559349484081
1531	10.427773392992094
1532	9.837260150699876
1533	10.31604863975137
1534	9.567906207307391
1535	9.81663986579336
1536	9.025776534919597
1537	9.961671852596826
1538	9.340780513473756
1539	9.088590103734825
1540	9.915912639802425
1541	8.582523351535201
1542	10.390735862543806
1543	8.849920485244619
1544	8.67194323593961
1545	10.42648117221823
1546	10.018989938220734
1547	10.451962419181458
1548	9.304488151198408
1549	8.978656381243704
1550	11.162328112691354
1551	8.444079485507933
1552	8.835749486479909
1553	9.661414325799948
1554	7.876411512593871
1555	9.470707499518673
1556	10.87490687550356
1557	8.802864384156866
1558	9.184399957696979
1559	8.540561747722208
1560	10.96703370870842
1561	9.161139755957993
1562	8.963440083222643
1563	9.073828763043922
1564	8.517154447734356
1565	10.844052346086958
1566	9.847372813059742
1567	8.154333194117779
1568	10.99626262100915
1569	9.11110785662507
1570	8.411755768022322
1571	9.292745701097433
1572	9.002692665893672
1573	9.393002965221447
1574	8.76003454651994
1575	10.817341971152928
1576	9.299050357425585
1577	9.528519546308626
1578	11.224207477685663
1579	10.445064924546474
1580	9.794398087099374
1581	9.21121768183225
1582	10.192616181508187
1583	9.672594614799083
1584	10.919831688898887
1585	9.268578173718057
1586	9.517278123158782
1587	8.362880302515501
1588	9.090281819815573
1589	9.330937658369
1590	10.231593979857635
1591	9.171975455532271
1592	8.36971358633421
1593	8.49572394209914
1594	10.109007087225715
1595	9.503867875849311
1596	8.732797098171432
1597	10.15700406790711
1598	10.18068510495747
1599	9.584055522806011
1600	8.67545024239059
1601	9.43919576545276
1602	10.153812598650498
1603	10.220113987682343
1604	9.798056654545611
1605	10.454991519451141
1606	9.265594973561488
1607	9.177996113656029
1608	9.104035241057217
1609	9.579152073440772
1610	9.256134126711494
1611	9.81506771812888
1612	9.102236612478183
1613	8.003433333987731
1614	9.601515364001639
1615	8.572164772867431
1616	8.901225743953546
1617	11.149066338861862
1618	9.941626418634163
1619	9.330804893600375
1620	9.879387590380457
1621	9.202972201855793
1622	7.621856815369231
1623	8.64485460084172
1624	9.325896050769924
1625	10.548441563247858
1626	8.758005861137505
1627	8.384337432184516
1628	10.012525834413546
1629	9.54060241019425
1630	9.462659582793195
1631	9.985392416866185
1632	7.79117059742135
1633	9.20653589164494
1634	10.972252471109611
1635	9.567389982414898
1636	9.33938913296045
1637	8.54720789722858
1638	9.265213195730242
1639	9.398306680541184
1640	7.940399906923995
1641	9.756261597963102
1642	10.60762963674086
1643	9.669360613212516
1644	8.783372718760242
1645	9.41028676192897
1646	8.314120403706545
1647	9.320664120320645
1648	9.84782118504841
1649	9.834735646923946
1650	9.07665771320312
1651	9.93217790108775
1652	10.39581380370073
1653	8.897086400573176
1654	9.745448609332865
1655	10.21033828893754
1656	9.320937148334147
1657	7.902700890966046
1658	9.951571515827839
1659	8.898490385700677
1660	9.177469844565106
1661	10.883828093196549
1662	10.384228221567659
1663	8.23586463366842
1664	10.588690547344203
1665	9.920732052200623
1666	8.792187987306777
1667	8.701188665221355
1668	9.157166195773662
1669	8.357213017443428
1670	9.557890612432468
1671	9.168391305748827
1672	10.112120455984646
1673	9.695821968793508
1674	10.717419752145126
1675	9.97360731032677
1676	9.063210235306675
1677	8.863499930513521
1678	9.287394362366609
1679	9.831359338901368
1680	9.182266012998298
1681	10.358486256187057
1682	9.951824662961169
1683	9.619204274674233
1684	9.101637006524419
1685	9.229193284486731
1686	8.959871637268225
1687	9.805421308413232
1688	9.117533147725608
1689	10.578844243616913
1690	10.000867225753609
1691	9.080802629634197
1692	10.925370912130278
1693	8.937830279078034
1694	9.774795538878866
1695	9.279176466202793
1696	9.644749044605922
1697	9.491872769554094
1698	8.337241979244236
1699	8.99961144229277
1700	10.05918929109736
1701	9.576333120950343
1702	9.413716879052421
1703	10.327737336585415
1704	10.600411585612724
1705	10.222418386737004
1706	9.141272468926587
1707	9.043330539685364
1708	9.7160166359822
1709	9.436393088583523
1710	10.183389418826598
1711	10.086585674587136
1712	9.594966469055397
1713	8.411393786538751
1714	8.652143375350263
1715	10.293025597261506
1716	9.870119732864682
1717	9.845052265355157
1718	9.178293172119846
1719	8.515703296348933
1720	8.545420540469316
1721	9.236425662752508
1722	9.780232750044044
1723	10.09051833923877
1724	9.34773667019251
1725	10.290485294154173
1726	9.209007811800186
1727	10.58768496701627
1728	9.52173322800728
1729	9.57487090514937
1730	9.433796747063752
1731	9.398294923549873
1732	8.939411047407809
1733	10.525445937609414
1734	7.802328970082777
1735	10.458379252777936
1736	8.816151666894761
1737	9.56230879128201
1738	10.276183881556555
1739	8.827857270823895
1740	8.824438052574315
1741	10.327877527490879
1742	8.962354623309624
1743	10.104006001290175
1744	9.111832277911784
1745	10.727266427937138
1746	9.105246457209189
1747	11.231833173467875
1748	8.83999615096552
1749	10.520102179287711
1750	8.952702491078526
1751	9.685397717380717
1752	9.56965321668734
1753	10.742624252808229
1754	8.785475244113643
1755	9.548429558030897
1756	9.765993026183704
1757	9.47385879363414
1758	9.655666876566382
1759	8.094973203120754
1760	10.9235064373906
1761	11.144033055992857
1762	8.169321180593858
1763	8.988524382211397
1764	9.228099395745192
1765	10.867300849130732
1766	10.648603216234026
1767	9.635698474778403
1768	9.60787049170223
1769	9.548047379402515
1770	10.79429257574957
1771	9.103669785397043
1772	9.728356984114592
1773	9.35935322041265
1774	9.515384764656321
1775	9.322954812442832
1776	8.605873044254258
1777	10.23943269437317
1778	9.595335810360067
1779	10.108940769114621
1780	9.281317430009949
1781	9.071019170513111
1782	10.824080523846316
1783	8.266184006584808
1784	9.857688314387236
1785	10.049288150996379
1786	8.533422603504732
1787	9.897257547704504
1788	9.335954052013074
1789	8.567564394002058
1790	9.442438853331968
1791	9.400650583825504
1792	10.450036081744152
1793	9.920311053891876
1794	9.022472581607872
1795	10.887221699619355
1796	10.367657138786923
1797	9.931834267317168
1798	9.51592631185908
1799	8.534053960492285
1800	9.075593018745023
1801	8.748662956757471
1802	9.043614710600545
1803	9.262212306246042
1804	10.370333203036958
1805	9.618749558271912
1806	10.263572532360651
1807	9.942336921633865
1808	9.42822858689591
1809	10.219152500949287
1810	10.703941588533954
1811	8.932595110543799
1812	10.033119961146205
1813	9.626998647671915
1814	9.664210581817315
1815	9.523788644879824
1816	9.145984811376994
1817	9.718429390606211
1818	9.187533559953614
1819	10.12456652032458
1820	9.623416441605624
1821	8.744324989448716
1822	10.653016383031142
1823	9.587511281351908
1824	9.961802855392712
1825	8.630280559273054
1826	9.656472869407109
1827	9.944943956974573
1828	10.694743022730108
1829	8.858953148689903
1830	9.561319368710327
1831	9.858665474248118
1832	8.026953437232546
1833	9.68169631971365
1834	10.175478285456645
1835	8.185840661975465
1836	8.501470936206921
1837	8.614015334373107
1838	9.374722119503383
1839	9.968076555937943
1840	9.248085201710403
1841	10.57304075567983
1842	8.651614278005177
1843	10.085125531069934
1844	9.459587181708775
1845	10.1548041419066
1846	9.222414777575372
1847	9.780259056061151
1848	7.874217087808516
1849	8.827635563246009
1850	9.00475185072221
1851	9.818285649391136
1852	8.371322074584896
1853	9.119321513500633
1854	8.94283744222614
1855	9.044144330589916
1856	8.775226123463362
1857	9.204204199280447
1858	10.078754790277491
1859	8.770812351737291
1860	8.687079610303044
1861	10.379170806147158
1862	8.735804863823578
1863	9.00260375191283
1864	10.250981590192344
1865	9.606978964131688
1866	10.159984010271728
1867	8.445561254862696
1868	9.247140195628162
1869	8.01030662888661
1870	8.920092741949842
1871	9.582703332423181
1872	9.733664330019947
1873	8.817297214266056
1874	9.011576266137935
1875	9.566468845301818
1876	9.639047829783522
1877	9.065197002702917
1878	9.090856442721561
1879	8.185340286744758
1880	9.656855566437235
1881	9.929069547102817
1882	10.241264983343202
1883	8.158234628135219
1884	9.669333578814985
1885	9.927990978570389
1886	11.065810367264525
1887	9.690664332526337
1888	8.218793161318548
1889	8.533965202488211
1890	8.864927168094344
1891	10.090391644682255
1892	10.089863239715879
1893	8.312323891467624
1894	10.67263422226755
1895	9.73001829938989
1896	10.492563223812377
1897	10.0952060917567
1898	9.012262308781612
1899	9.488624583831271
1900	9.65095196875383
1901	9.076393406291922
1902	9.529477857533962
1903	10.472668035869273
1904	9.537677619722672
1905	9.613626961939088
1906	8.837253156418521
1907	9.877829401377731
1908	9.208438237164435
1909	9.454739548033103
1910	8.829853587400828
1911	11.210666067823768
1912	9.1585000758271
1913	8.707982768131515
1914	10.558139217651583
1915	9.49810579696645
1916	8.991827789078195
1917	8.400146656970415
1918	9.303195924476974
1919	9.078178292259256
1920	8.696193603635766
1921	10.101800441845423
1922	10.680957001032462
1923	10.101468089547577
1924	8.58155966792793
1925	10.592238428334015
1926	9.197512776147397
1927	9.0070033468261
1928	10.06549728397254
1929	8.924822092161424
1930	9.84736809887052
1931	9.905200962090333
1932	9.458822294349028
1933	9.35606552676634
1934	10.514313991786912
1935	9.05915817778665
1936	9.452281517186954
1937	8.256334522957332
1938	9.095943001670884
1939	8.25472658203404
1940	8.964263436216344
1941	9.898718980922093
1942	8.839626115092653
1943	9.422681237894317
1944	8.903865512986217
1945	8.131476820858994
1946	9.507350792565072
1947	10.797146697055489
1948	9.81755884608344
1949	9.513004381034989
1950	9.33083736679853
1951	10.59595022370599
1952	9.62481747448416
1953	8.52881690270554
1954	8.870929789347834
1955	11.348062887424021
1956	9.844605779712566
1957	10.357200669613666
1958	10.509017303344551
1959	9.052415391618315
1960	9.619313276279717
1961	10.05021370348248
1962	9.607071262223783
1963	11.370787569045206
1964	10.052197875988279
1965	9.778403623871363
1966	8.833629296626896
1967	8.513152886932302
1968	10.274279280761256
1969	10.432619517323591
1970	8.099069893727293
1971	9.744878352861493
1972	8.445704028592445
1973	9.77851522842332
1974	9.99970344792948
1975	10.488442125339661
1976	8.638056774967394
1977	8.719490798915338
1978	9.265743429717773
1979	10.50846381076131
1980	9.287174833809129
1981	10.314039732374322
1982	8.935652397790804
1983	10.90047221221695
1984	8.769104810968404
1985	8.42695520691108
1986	9.173703703796491
1987	10.016994353646654
1988	9.349813224172168
1989	9.026332010758953
1990	9.668534253213483
1991	10.523666053011473
1992	9.106859024625738
1993	10.285035663681036
1994	8.998674705561653
1995	9.311442478297037
1996	9.30628745929338
1997	10.25514287158364
1998	9.660243590084267
1999	9.777786665137917
2000	9.842371339420788
2001	9.796881461179712
2002	9.388544842833653
2003	8.800221838716729
2004	9.724184859544039
