6	13.535765301716006
7	10.892782278994241
8	14.464425968625969
9	13.976417590376897
10	12.330767225291389
11	10.60518105810245
12	10.973682204853935
13	11.980627365089658
14	12.026120186050905
15	12.762371556237952
16	12.873816297511487
17	13.199743217064805
18	12.605297313381122
19	10.987023842297383
20	11.509271572860975
21	10.887666020730999
22	10.713482395861853
23	11.049946040280808
24	12.291055411253803
25	14.60893387271085
26	12.07556090285212
27	11.286254848908834
28	12.056728022282467
29	11.856152646009892
30	10.84430591954515
31	13.049657879292292
32	13.49089215780226
33	12.216003396800732
34	11.87666113116239
35	9.478803492579674
36	10.225198778699685
37	11.989077213918407
38	11.666429875727044
39	11.081237015130789
40	12.13935334971159
41	11.943992292921083
42	13.456904095410719
43	11.452294971504411
44	11.19648220688572
45	10.59087138918901
46	12.787168694065326
47	12.238502877621666
48	12.016816965943846
49	12.640176140347732
50	13.640671698951337
51	11.921625763953388
52	9.138317738021152
53	11.67154181879323
54	12.209123014957395
55	14.650989107080772
56	12.913464244791612
57	12.097274796199569
58	11.782467860836187
59	12.734650130161127
60	11.823135672255663
61	11.110423262909594
62	13.682162060452706
63	13.819784880986594
64	12.252519777081694
65	9.735946565053988
66	11.639824055056469
67	11.235865783023122
68	12.06327384674074
69	10.838685923627807
70	12.258612267959961
71	12.471913399002785
72	12.266263489119511
73	11.83872075123333
74	13.71858240667781
75	12.958357279671942
76	12.696130636063081
77	14.700451212223514
78	11.587741042870634
79	11.092783243846082
80	12.98315946886836
81	13.080880378026698
82	12.607700402495944
83	10.196337130674623
84	13.273337403800179
85	13.297859027634452
86	13.078749672129925
87	12.077736354869941
88	10.659884807032151
89	12.049995282280923
90	11.175329542406212
91	10.837709876768878
92	11.668521909517343
93	11.35889859521114
94	12.184801307084022
95	11.730855993694355
96	12.318276469268312
97	10.835360692513808
98	12.518722184715443
99	10.777825866205385
100	12.228436474983432
101	11.334888925078397
102	11.802638758156192
103	10.69083000711755
104	12.730448817571896
105	9.35021950086695
106	12.82942467072846
107	9.953045742596649
108	13.639899579136813
109	10.29881081803164
110	11.042324378123057
111	10.222937884649015
112	13.612588098605759
113	12.085362913736187
114	12.295110325436161
115	11.212249027717917
116	12.768013110602624
117	14.089852273454712
118	12.327395664703467
119	11.096101237011524
120	13.158935052669571
121	11.253394761687256
122	13.728551004085869
123	11.792718920294604
124	12.954615565973048
125	13.561379668986273
126	12.235048147726996
127	13.31489049567177
128	12.942298899992378
129	14.723538846834709
130	14.351089306551902
131	11.590827697539627
132	12.073034938174086
133	12.646488304779355
134	12.231087912867011
135	13.375825124116899
136	10.18701279678097
137	13.839784332154192
138	13.137380302659414
139	12.903323538089172
140	12.318085121062452
141	12.094376159557473
142	12.04470870133343
143	12.198322264197486
144	12.2788155385248
145	11.388145895951311
146	12.868943795040416
147	11.517283875669031
148	12.462469203781371
149	11.974171588512036
150	12.285058166761882
151	10.602924547932343
152	11.00738173335008
153	14.754043745216075
154	9.924852147685064
155	12.096786208863266
156	13.118027239203002
157	12.200903375282905
158	12.077202781282217
159	13.87104993307148
160	10.788176195505317
161	14.528949823363218
162	13.345133293432445
163	11.481029127681783
164	13.009678675928047
165	11.288883183978033
166	11.263629894625135
167	13.802445014443947
168	10.51673216365226
169	12.513881697982184
170	12.382147544778288
171	13.67592127630708
172	11.800325223401286
173	10.853849801921486
174	13.451973227127988
175	12.398600447925304
176	13.006029060710716
177	13.323401210883345
178	13.035776233462716
179	9.094387581478157
180	11.562684436860764
181	12.411723278807282
182	10.216677972565776
183	11.636831694186133
184	10.382877323315542
185	12.49644892350349
186	13.192449498119661
187	11.048260034894545
188	13.249752594279487
189	12.120443104033257
190	11.23999275484987
191	13.564613934439627
192	11.79494645351703
193	11.750499594356235
194	11.397136408873944
195	11.275694835992281
196	11.943086512113222
197	11.335633367913573
198	11.417091610093204
199	11.05756472297661
200	12.191201399692492
201	13.263181341026211
202	13.300780549993457
203	11.894107695495194
204	12.152863217897247
205	12.997317859932991
206	12.225644689800768
207	11.223776637673092
208	12.74155402328054
209	12.75982913740042
210	11.486453984150042
211	12.7708804078502
212	13.728270406222691
213	13.82061013955011
214	13.990089685662847
215	13.25711106628225
216	11.678738113187638
217	11.806742591010334
218	12.816263537432583
219	12.114540153309159
220	11.70405196135547
221	10.478867386786858
222	11.644159482795084
223	13.867280349129802
224	11.864771583606247
225	11.11456887441122
226	12.70499756711888
227	10.424227070852648
228	11.596163752073855
229	13.099195364673946
230	12.118082224798854
231	12.409427786363622
232	12.815801318561265
233	12.215657579655332
234	12.591125010220466
235	11.210598610243844
236	10.138111402680806
237	12.358070462890042
238	13.46803259344493
239	11.738402921913522
240	12.155551894324162
241	12.092122987826212
242	12.02035509938624
243	11.652646051410226
244	11.101384757091624
245	11.246491777996637
246	13.226423984707598
247	11.74583857009235
248	13.828572102270845
249	13.189012157961605
250	12.109541641430857
251	12.34787176176392
252	12.028927011716101
253	12.928096334260356
254	10.981784334127042
255	12.979885003313939
256	11.704256948507357
257	12.909968204327015
258	13.939935705721187
259	11.551127362460965
260	13.1667585866296
261	11.80005264275057
262	12.506956103161263
263	12.06121852393112
264	10.99108355411921
265	12.416319929375979
266	11.358290049035567
267	13.29042537441516
268	12.626586544064974
269	10.510612752502007
270	13.945855241661306
271	11.140870278498463
272	12.241403552583819
273	12.148195273045491
274	13.21801588149316
275	12.047883610956728
276	11.918165625253183
277	11.590680759042947
278	11.349838515735748
279	11.11833543707568
280	11.638331640321457
281	11.863188456629548
282	12.002255980843135
283	13.04280243896276
284	10.972311592678306
285	13.528570071370764
286	11.786094061823578
287	11.58556559726329
288	13.177580406813048
289	11.956479008876302
290	13.056518865055226
291	11.359712657904694
292	11.178550118605768
293	12.921336624866152
294	15.531974143091718
295	9.897222011419082
296	12.44015779369147
297	12.20237385731417
298	12.709565937812883
299	13.3390770330534
300	12.15702353260167
301	11.609124443385397
302	13.112518628706312
303	10.460167516010877
304	12.37568434255583
305	10.934494804106448
306	10.918927245069062
307	9.556492755557615
308	9.861868046077333
309	12.226689084037472
310	12.606270168482888
311	11.473256240461488
312	13.296708737187146
313	12.615152781098217
314	11.973219735998153
315	12.195206383967788
316	12.477292004547603
317	11.88211596809875
318	11.277914827959224
319	11.522973241524912
320	11.73675477907056
321	11.855880900312597
322	12.062782304276576
323	11.880150946475831
324	14.183331893201002
325	11.469427651116767
326	11.893779612337571
327	10.951941619743593
328	11.988449790154494
329	10.961512359776393
330	12.557955371497
331	10.530063065231426
332	13.339773898226364
333	9.948046388192873
334	11.652019493614457
335	10.412406778200863
336	10.242490252011104
337	10.12433834628852
338	11.407395118155845
339	13.093384008594512
340	12.637994286936166
341	12.178189129698357
342	13.288997452284093
343	13.348958954287044
344	11.032558092877835
345	12.578169033172474
346	11.830818687179615
347	11.991636355236928
348	13.792485995948986
349	10.79298332309284
350	13.321755093202228
351	11.010392608613309
352	13.202714065879263
353	11.763509836515313
354	12.672340665223041
355	13.966850166210659
356	10.048165005798339
357	12.29802207537944
358	14.371534017523816
359	12.104625260295427
360	11.340337648308681
361	11.484568556546947
362	12.444041656957577
363	12.544006529872838
364	12.59322611129709
365	11.55615251837983
366	12.479376724702387
367	12.870727669118661
368	10.817080785604915
369	11.083669077473573
370	12.031367876466902
371	10.366230480560962
372	10.222974149258603
373	10.931090643216686
374	11.861866855902147
375	13.966711663327919
376	12.987206460552342
377	11.917155110424467
378	13.20484246048921
379	13.122478398455618
380	12.708839538946785
381	12.048878296530651
382	12.523264315564456
383	12.071800351924754
384	12.751912079234339
385	12.849288662279971
386	11.000013806136849
387	12.792677510049128
388	12.758154174273573
389	11.63583309848148
390	11.55548079161609
391	11.596961643491037
392	14.122207360831775
393	12.14993839089201
394	10.912331482055984
395	11.11520060545219
396	11.185483649422947
397	12.513959738843342
398	13.803360600284037
399	10.431364925283965
400	11.517786617612
401	12.121328044945507
402	12.36990165703424
403	11.636621444602497
404	12.977352915688066
405	12.130841945886115
406	11.443159585559208
407	12.107646586456394
408	13.557109682163206
409	12.152457337912798
410	11.527751904437537
411	11.340787131308389
412	12.66721743586897
413	11.562069542358032
414	12.573424061595384
415	11.24347139652031
416	12.439436689669524
417	12.01728930801437
418	11.542276052564954
419	11.301668711607345
420	11.12974697617477
421	12.690249377903456
422	10.599715453966592
423	12.01532780728019
424	12.778881784211169
425	13.160702503163865
426	13.26455150606231
427	13.191738431218255
428	12.056269479209497
429	12.82049099498822
430	10.69377050298266
431	11.83014542508455
432	12.921342636220112
433	12.51503560675924
434	12.683481461012407
435	12.69739584623424
436	10.649479298712157
437	10.687172843602983
438	12.86783743089203
439	9.811996552748427
440	12.70462795071071
441	11.697580067183091
442	12.495211632112799
443	12.968572927491838
444	13.44917905504478
445	12.523176992495888
446	13.471158887457262
447	12.086971222946886
448	11.431567299023886
449	10.717162555386313
450	12.655658172451538
451	13.203631290382274
452	13.17094484311383
453	12.79580880097679
454	12.455640039820192
455	11.992866048463233
456	12.98890325999754
457	12.1171174384599
458	10.66186402509255
459	10.729958354986998
460	10.485835908931525
461	10.794342711901068
462	11.039619142597076
463	11.491398511952138
464	11.223124874128391
465	10.72573896142785
466	10.603299614644191
467	16.08241588707703
468	12.4264107396578
469	11.526288692453333
470	11.843894282960758
471	9.979131260585303
472	13.284187206952303
473	12.76645121047477
474	11.590123406180647
475	11.79855325492972
476	12.88080083312097
477	12.892525946078994
478	12.140002700695467
479	11.253683117096486
480	9.992879025652073
481	10.676920388078575
482	11.442756346118227
483	11.758428006568769
484	11.308956800436135
485	12.4521995835959
486	13.637479537071028
487	12.38597254317865
488	11.92251054405268
489	12.967827115304255
490	11.585577137796491
491	11.388765168698349
492	12.229551974296555
493	10.644090566940472
494	12.077893970122156
495	12.930143500867416
496	11.16683241074806
497	11.17589927607769
498	14.04286753792668
499	12.021917748946562
500	11.950960660871493
501	13.032855323511818
502	11.849362835903161
503	11.044794259953225
504	12.38524481350283
505	11.41959318765439
506	12.735081618674279
507	12.908577977176174
508	11.131091714235177
509	12.284504718737056
510	9.23685905116546
511	11.46299355645664
512	12.645446183143099
513	11.017530573139084
514	10.849024000250914
515	12.767502462757486
516	12.535122477731695
517	12.613855660190893
518	12.275621588296989
519	13.128971242184829
520	12.747601097372621
521	11.875315221610624
522	12.650747863973569
523	11.169275271997321
524	11.770741831376387
525	12.55303565120826
526	12.206035013179012
527	12.6405975487617
528	11.36391791644739
529	11.492218529829627
530	13.387880248425063
531	12.733282043213915
532	12.31173565998432
533	11.872320573784897
534	12.545467955416397
535	13.673408843687032
536	10.880957343801857
537	13.511256071887802
538	13.458630580361932
539	9.697632298483796
540	11.801312983690021
541	12.485506486640695
542	12.368589080497026
543	11.995763076569549
544	11.108408458385384
545	11.723958231583357
546	11.528509893460738
547	12.584562389016025
548	11.73712360434648
549	11.619868530045885
550	13.034743871915687
551	12.159122622535756
552	11.45488509749528
553	12.220174308545527
554	13.062368290655286
555	9.818594206972193
556	12.316112869251382
557	11.77456109473259
558	12.225657005394485
559	12.625338215773809
560	14.321252870115131
561	11.689746213418877
562	13.139471729606157
563	12.677850210213364
564	11.96853960076712
565	14.476055625110382
566	12.057211837506786
567	11.872045150244958
568	12.799882759337043
569	11.030893025072773
570	13.38595444488206
571	12.845843018478314
572	14.418098826946403
573	12.00708036763621
574	11.303543627048688
575	11.815576220379267
576	11.911858255625702
577	11.311608894192
578	11.584107565870825
579	14.258258283967734
580	11.840233725760582
581	12.669326199577577
582	13.463244254660927
583	11.506134118436602
584	12.77549104594449
585	12.542435775939715
586	11.640755009221673
587	12.534524926375266
588	13.38911808367383
589	14.619250330237925
590	11.404812385620726
591	9.945023447085571
592	13.05558000128076
593	11.029258361082235
594	13.254997127247043
595	11.919266213207845
596	11.488051581970307
597	11.343929265487915
598	11.962899953693666
599	11.093553844969446
600	11.776854578701508
601	12.653362755852868
602	13.67269457308778
603	12.588457892339774
604	12.628095200653439
605	12.316356926427588
606	12.644238248773036
607	13.172022601332918
608	15.111896874684714
609	11.944555240647981
610	13.12611071449583
611	10.815351287438535
612	13.821043453796808
613	12.545541900627475
614	9.839048090367578
615	9.46688467785134
616	12.281789944660638
617	12.816699548100587
618	13.085504306691675
619	13.017805806516359
620	13.344499118509702
621	10.316249029802796
622	13.352276476838723
623	13.802588642765345
624	10.657714272041007
625	9.704396941886058
626	11.216412256588228
627	12.77863227187104
628	12.41433683987707
629	12.08034352442595
630	12.639976058734142
631	10.530915106122848
632	11.125551681830297
633	10.915293811129011
634	10.893674588020076
635	13.302047937836809
636	11.870306552405683
637	11.66003454709161
638	9.980689987504425
639	10.641141878497764
640	10.124142461168384
641	12.63855371997554
642	14.680524663731921
643	12.398712027410511
644	11.299895603675395
645	10.835542227033875
646	9.815112896814632
647	12.504373573366497
648	12.652327701740433
649	12.638459862118907
650	11.211421878707986
651	11.449347455468443
652	14.54523798339351
653	10.822881320998885
654	12.137759228181094
655	12.017459482362028
656	12.322328695183387
657	10.969517896442037
658	11.377856941255176
659	13.06272215170561
660	11.465003778498309
661	10.849329082423969
662	13.684463350441279
663	12.202323585415483
664	11.621060212628302
665	11.196580462904725
666	12.203641766761642
667	12.735254058666113
668	11.832420079343137
669	12.278224779203136
670	11.071089213015512
671	10.67900096317471
672	11.254324734829632
673	10.224395473660534
674	14.005734116902264
675	14.389578882949605
676	11.84939300253609
677	10.835909051728306
678	12.212713968491538
679	10.796651892540655
680	12.549291103542169
681	13.347797819341894
682	11.733015079366547
683	14.447703868580552
684	12.41684574187966
685	12.368317704047513
686	12.726954555274137
687	11.526370725811974
688	11.751679207711744
689	13.680671050435194
690	11.759035419112479
691	11.957464631936672
692	11.205825159644807
693	12.017804875900037
694	9.958749442947127
695	12.318019649681553
696	12.472069441991087
697	11.06057117786634
698	12.13387423913545
699	12.932248774447208
700	10.708376425924582
701	12.80228621004062
702	11.606638494563024
703	10.931938478982609
704	10.946773019664427
705	12.171012925908952
706	11.3821982156548
707	13.795694988210952
708	12.93744357926209
709	11.494602533154971
710	13.17317963722724
711	11.712911389198633
712	12.052555733519656
713	11.991193371512262
714	10.644341259134455
715	10.733290081630974
716	11.274756541821372
717	11.186845202613767
718	12.003180201826114
719	12.512004422486026
720	12.324112713752713
721	11.387613633703761
722	11.567535793496063
723	13.021212922870182
724	13.088820956987911
725	11.298749996636616
726	10.434326488545842
727	11.203674466989469
728	13.055093429462431
729	12.653290504421522
730	10.833315355375817
731	12.228026349742764
732	12.735458898253675
733	13.083079137986427
734	13.19260453037838
735	11.838637240645767
736	12.682862792396918
737	12.761505810666778
738	11.236005294916179
739	12.210419773993392
740	12.645135874323467
741	11.86587205382162
742	9.399847985986465
743	12.353195410793308
744	11.155076377361548
745	13.351480334017348
746	13.795373879672427
747	14.678174777736421
748	14.425188748301258
749	11.197126601706259
750	11.469619643393488
751	10.761889349460896
752	11.197593267657794
753	12.068694938615918
754	12.530192137614359
755	12.234679318780668
756	12.8504811124274
757	12.887245806494123
758	11.756531252245487
759	12.634815613903779
760	12.84030023773756
761	11.618175236845556
762	12.737510454215641
763	11.549965369789039
764	10.372223344556655
765	11.924365048420926
766	10.675447235861792
767	13.835641444926816
768	12.413795162348025
769	12.123675786308013
770	12.92647628968781
771	11.353115782393143
772	12.743013896148428
773	11.226248959180069
774	13.064273926771849
775	11.550933093716692
776	13.611066015917459
777	11.819117594036626
778	12.699336499830805
779	11.58136650825979
780	11.233092983904596
781	10.255936847400369
782	9.479540819311156
783	11.897387106865063
784	10.182239685511787
785	14.038162461726085
786	10.93946048945579
787	12.814292684522586
788	15.369235315552661
789	10.913790333442632
790	12.366047507068034
791	12.87762313952216
792	12.802360856047017
793	12.460382248569902
794	15.206178958316471
795	13.01523800452828
796	13.249221516831312
797	12.561693635658065
798	12.902194885174477
799	10.970418012480188
800	12.437493637562856
801	13.83418441521159
802	12.388641508769304
803	10.678027585265227
804	10.914793065753587
805	11.423910710514841
806	13.532676993811037
807	13.82329604706284
808	13.881957199803686
809	11.794408506051903
810	12.427442434932077
811	12.005553442932634
812	11.737002214535922
813	13.725660768138956
814	10.881273662804492
815	13.282109183899593
816	12.296116196415824
817	12.050713162467053
818	11.211999355938419
819	13.008930632883372
820	13.174356727225435
821	11.162307085974852
822	12.785076080229105
823	12.073677412077814
824	12.59384327198992
825	11.53446317991019
826	12.915011794004386
827	13.844680639773808
828	11.621020574394302
829	11.94808918351632
830	12.265898990540466
831	11.561052250096488
832	11.405687515814659
833	12.9299264481805
834	12.930835276741577
835	12.705032725565554
836	13.554170674395523
837	12.241530050091617
838	10.900728994098671
839	12.993751926082668
840	12.552078455446463
841	11.477512402263736
842	10.161588706134353
843	9.516885842325102
844	12.152940517907743
845	12.017463185842836
846	13.745789972558018
847	14.290381560576721
848	12.919100834642236
849	10.41791021794177
850	12.2319645910488
851	13.959744105960375
852	12.01328159815166
853	11.220670359117534
854	12.545519893574237
855	10.007190888855673
856	9.900228213333456
857	11.313914423207502
858	12.612977705616505
859	13.496667371119436
860	12.21798191493791
861	13.165794273321808
862	14.49897406721544
863	12.072452731066264
864	13.339075058035439
865	13.300104176487169
866	14.41190916487454
867	12.122915295296522
868	11.134531883284494
869	11.439829520328203
870	11.453197251557587
871	12.397239292927278
872	12.746273778367321
873	12.888043576217225
874	12.811343446520723
875	14.557759145471556
876	12.19493184284226
877	11.487750619061158
878	11.41830968890024
879	11.992925341124646
880	11.746037437943308
881	11.151501613440578
882	11.33449575565626
883	11.83045191036234
884	10.669095157574292
885	10.916269916815743
886	12.589758773865656
887	12.834032382333168
888	12.285288149788013
889	11.603491023899
890	11.503107759224878
891	12.711698883342823
892	11.849934753977383
893	12.137498023729263
894	11.286107173805553
895	14.011862538778223
896	12.19808750249268
897	13.520356564893154
898	13.37200481520952
899	12.373212298852325
900	13.627304855144523
901	13.394078951823758
902	11.44544379310751
903	12.939746386723783
904	12.679404506960418
905	12.322022395911821
906	12.064444686510667
907	11.975199580836083
908	12.544192111418981
909	11.400181838432731
910	11.87988853896483
911	11.204055936548684
912	12.93041843228169
913	12.525378518712907
914	11.784555766493378
915	12.148086969220701
916	11.889005873759743
917	11.589928686677013
918	13.355771073965089
919	13.109074175328715
920	10.152622502450166
921	13.918684152383847
922	11.054670560061156
923	13.491517814879234
924	13.145947006509616
925	13.886472721409518
926	14.722674895412169
927	12.413791482107516
928	12.679237363758148
929	13.010797598469072
930	13.392856272202657
931	12.312510044727613
932	12.040361703654257
933	13.169263863828382
934	11.698390023475936
935	13.03309110106784
936	13.620169725436854
937	12.008620257055837
938	11.432004753254164
939	12.813316068425774
940	11.700758197959031
941	12.454732015976333
942	12.473986942858982
943	11.775888900875168
944	11.95308432035381
945	11.043108706967905
946	11.220800480101166
947	12.739383314977047
948	11.211509834844392
949	10.564397419278976
950	13.631534936452226
951	11.913670126189986
952	12.214736080848414
953	11.757093329754259
954	13.43587484617654
955	12.485242425837425
956	11.19606249399401
957	12.960927151032957
958	12.112791886038119
959	12.72093877063162
960	13.235226790696782
961	10.87032348579378
962	12.260088706453098
963	10.579608941390351
964	11.526240629172113
965	12.892952413498278
966	12.24309813471413
967	12.536756540099304
968	12.608629813177686
969	9.942025946734216
970	12.212696429294407
971	11.874058226338374
972	11.566136811433049
973	12.958783945604228
974	12.441254242276143
975	12.738222860028534
976	11.90488166993277
977	11.35413489987342
978	12.59554239325437
979	13.131100338537877
980	12.715514819039857
981	11.652951749145618
982	11.577416602841446
983	12.167592853648015
984	13.642941504694486
985	11.867563157862362
986	13.912788446743749
987	11.959825182552724
988	11.553418115215027
989	11.363205132020163
990	12.259804578659196
991	13.012529680372923
992	12.20211838920231
993	10.462531257512941
994	10.52502894625973
995	11.876220378394496
996	11.178215623896298
997	13.087945002675406
998	11.636020290079927
999	10.383331685181474
1000	10.80261184096513
1001	9.710948026172506
1002	12.261722829954055
1003	13.324957854687595
1004	12.567825050672077
1005	10.1165354909288
1006	13.268266741759144
1007	11.947175424942369
1008	13.499207780411435
1009	11.687820744068382
1010	10.959766328193885
1011	11.29187618694102
1012	12.54509122622403
1013	10.87082772986032
1014	10.747753020232388
1015	12.23811224652133
1016	13.878726893446098
1017	14.00899647846256
1018	14.538554595204422
1019	11.438333632708236
1020	12.557270442213243
1021	12.598002883033855
1022	10.938599048186123
1023	10.84312471214627
1024	11.724622012567124
1025	11.85211024559103
1026	12.829865582140853
1027	13.22577632304414
1028	12.808659841236658
1029	13.231256525016054
1030	11.271831409564973
1031	13.516949852774685
1032	11.044318696960545
1033	11.968405069326623
1034	11.415866969758644
1035	11.342119215712883
1036	13.03656265575971
1037	11.571642277457096
1038	13.525382559752972
1039	10.119939228108706
1040	10.88534445326644
1041	12.691039570625154
1042	12.722544565397714
1043	11.97654832352112
1044	11.901406330202008
1045	12.890450175807427
1046	14.865817359768942
1047	12.529695174551481
1048	14.2694103093163
1049	11.827312713084908
1050	12.81629160303376
1051	12.476862016347392
1052	10.174775945791044
1053	11.831130834124254
1054	14.03602110906892
1055	11.17958031880998
1056	11.293493069693795
1057	10.239078454785691
1058	12.774701684741586
1059	12.225986534380354
1060	11.60401881357745
1061	11.118551985213033
1062	11.560635785445232
1063	12.655286344406646
1064	12.946644931752235
1065	11.944745552556759
1066	11.398053563534631
1067	12.385804512642387
1068	11.143872092299294
1069	13.331530216869645
1070	11.316649699280969
1071	11.780789014048361
1072	14.376900509698316
1073	11.014977196569642
1074	13.275836296932539
1075	12.826493514242355
1076	12.280292289105377
1077	13.666673978056872
1078	11.564997717130767
1079	13.124424821369757
1080	12.095862258232332
1081	11.878646701131947
1082	11.607071868557062
1083	11.41870860941708
1084	13.523918769574044
1085	12.093814862115929
1086	13.195096610351984
1087	11.747678572349754
1088	11.999069428228882
1089	11.235711438426128
1090	11.606527441070371
1091	10.886696270031583
1092	10.477442448393308
1093	11.45429192411785
1094	9.833137776462536
1095	13.283233269488186
1096	12.419458236681615
1097	11.05162268251209
1098	11.642491362495347
1099	12.12696661928203
1100	13.140493180666288
1101	12.08956166929028
1102	11.526713363748664
1103	12.490103684871555
1104	13.187244185219662
1105	11.094337729015388
1106	12.724631054128986
1107	12.039577860467796
1108	11.95252607583825
1109	12.237853339530856
1110	12.912063309001192
1111	12.295703396226534
1112	11.42522642419984
1113	11.840845538722352
1114	13.196262734348018
1115	14.096830360659558
1116	13.129997579702016
1117	11.78099569128468
1118	13.29244543918305
1119	12.422533499725562
1120	10.873659738700372
1121	13.508130292524584
1122	11.921977493030552
1123	12.033292915807255
1124	11.047212020677858
1125	11.064236026621074
1126	13.398459711694159
1127	12.346445892102503
1128	11.929773379914518
1129	12.021471593648727
1130	11.665740943108235
1131	12.355140181482197
1132	13.003304088587175
1133	13.246695585804991
1134	12.454071291489527
1135	12.385709029636928
1136	12.679854948952373
1137	14.248393923441958
1138	10.698934648663272
1139	12.327341748345322
1140	11.279827193646081
1141	10.870541642870133
1142	12.01211219413413
1143	13.301131451212823
1144	12.744851142999583
1145	12.836895539855155
1146	12.437097430700527
1147	12.116614063070822
1148	10.014620122825727
1149	12.544947428176446
1150	10.183414649870247
1151	13.713335658287116
1152	12.820446917321533
1153	10.654381287594637
1154	10.817682802179378
1155	13.196423165791202
1156	12.766790583229158
1157	14.232494020829813
1158	12.031876478883039
1159	12.867235506236877
1160	12.813987091055203
1161	11.631298898559596
1162	12.431965545231764
1163	12.580386242257164
1164	12.464082367774099
1165	10.963092180997288
1166	10.203359105375906
1167	12.919132671927484
1168	12.486691419725659
1169	11.962933731666798
1170	12.357939542765251
1171	12.872403111973233
1172	11.279186032197781
1173	12.858471459763434
1174	11.04468290790439
1175	12.579044634408708
1176	14.393764265899414
1177	11.397791788312851
1178	10.498471469922851
1179	11.613053471846289
1180	13.394314529572833
1181	12.14268981568465
1182	12.497886469758425
1183	12.193307295825113
1184	11.901845592611824
1185	14.528105965205308
1186	12.246692346656815
1187	12.129797060254283
1188	13.528868633408198
1189	12.480401400673705
1190	11.72524999009417
1191	14.1664413743536
1192	10.737749496261989
1193	12.124294174193038
1194	11.832502239482833
1195	12.934631016636558
1196	10.013296365613378
1197	12.53306950053767
1198	13.609489294010457
1199	11.90252438211495
1200	11.771353044320437
1201	12.46142803846548
1202	11.769149612303767
1203	11.07090554280708
1204	12.29054339251974
1205	11.856510620273184
1206	11.793830257667324
1207	14.847099235198732
1208	12.91069598223619
1209	12.231614010850096
1210	12.464553821160523
1211	12.511557262193298
1212	11.640617477516525
1213	10.77024280079852
1214	13.26440477258681
1215	12.920214769355352
1216	12.641197789905538
1217	14.793259420509761
1218	12.203455091385608
1219	13.874904292235758
1220	11.762072474323213
1221	12.335381055177239
1222	10.268083240250768
1223	13.134358702317023
1224	13.999231818148159
1225	11.211497644446073
1226	13.018061683384765
1227	10.06999601155456
1228	10.718025283300845
1229	9.91137232027973
1230	12.790813450224785
1231	11.999110358750581
1232	11.291444915473194
1233	12.077095400182191
1234	12.335148109850707
1235	11.960598457163071
1236	13.273645975269242
1237	12.657185270900614
1238	12.950729934980385
1239	11.97610436955107
1240	13.195213906880882
1241	12.379489433858543
1242	11.347777132140962
1243	11.044140679994598
1244	11.380204160311749
1245	11.455526038558911
1246	11.747986873323834
1247	13.840579689822762
1248	12.820017666125556
1249	12.722861657525707
1250	11.751842461708883
1251	12.709967955241778
1252	11.053020185933242
1253	11.928120281796769
1254	13.10795721204566
1255	11.728393828600497
1256	11.513283753025462
1257	12.38085568487683
1258	13.355099974567285
1259	10.52844039014348
1260	11.523765942973219
1261	11.109817977070634
1262	12.142284745543398
1263	12.37804693177857
1264	12.482590315441485
1265	11.921306800755806
1266	12.482819440369697
1267	12.534967547354217
1268	13.144873970013577
1269	12.637904518827176
1270	10.639454056155579
1271	11.91316434618202
1272	11.33693119282058
1273	11.785446582559455
1274	10.695638266845458
1275	12.82121274392281
1276	11.77150090336422
1277	12.750465890922998
1278	11.838036147143262
1279	14.180635877459176
1280	14.47943276655195
1281	12.323353737022664
1282	12.607419002185841
1283	11.359024514959222
1284	11.600386485044977
1285	12.831367417937145
1286	12.714833659693666
1287	12.764411242009373
1288	11.839507581485549
1289	11.290785014655235
1290	10.974561699709739
1291	11.619843821904462
1292	12.77745745341321
1293	12.040375702563324
1294	11.944211368449032
1295	11.230565985159151
1296	12.586729759206612
1297	12.65477277819688
1298	12.183319926254846
1299	13.188314196220118
1300	12.136221120840517
1301	12.550438277596127
1302	12.218953697572408
1303	12.410107847949904
1304	11.299468253403628
1305	10.483922634990169
1306	12.864587043065768
1307	11.72521142191919
1308	13.11783240850491
1309	12.561314655951438
1310	11.823300633266626
1311	13.416326756209234
1312	11.380323127203155
1313	12.932922895248339
1314	12.120311406848487
1315	12.541319202309857
1316	10.457645487201471
1317	12.18525555327314
1318	11.828381337152678
1319	12.431329118320718
1320	10.920568947453008
1321	12.661376909425098
1322	10.053704063990153
1323	10.162220742130144
1324	12.645783172184098
1325	11.749040861418258
1326	12.235015899480867
1327	11.563424432585533
1328	11.807360983012115
1329	12.196081692832248
1330	13.358285612127345
1331	16.32693049876724
1332	12.437316260796281
1333	12.625721290910375
1334	10.455160632119354
1335	13.030171583105316
1336	11.359302814266213
1337	12.218888725611139
1338	12.079958581638968
1339	13.09420202345791
1340	14.470450582331978
1341	13.602646812210502
1342	12.196162796874818
1343	11.45418834696923
1344	12.706611406681052
1345	11.592173652865155
1346	11.170942617347464
1347	12.407133348293
1348	12.912587563395155
1349	10.346190495290129
1350	13.082200347601125
1351	10.897751211944014
1352	12.10493103192733
1353	13.654944023561256
1354	12.087075667356007
1355	12.434014726860914
1356	12.862055627250811
1357	12.856828375091856
1358	12.791875282224888
1359	11.1689412146194
1360	11.302532312207166
1361	9.639131916662807
1362	14.501445924052067
1363	13.076137429556331
1364	12.230260836590013
1365	13.69821285121725
1366	12.938526208122152
1367	12.555452440653674
1368	11.750378155289217
1369	12.325623604767632
1370	11.245072091167623
1371	11.775194855520457
1372	13.400352863609442
1373	10.877261447825003
1374	10.942188969952985
1375	11.571643683583597
1376	12.90698894415982
1377	12.31860036588576
1378	12.53312928255348
1379	12.635106933130217
1380	11.854725410911913
1381	12.680824541342284
1382	12.362770742639745
1383	11.474023614610944
1384	11.945372640580425
1385	11.844485452409486
1386	11.211538498092873
1387	12.186491932880518
1388	13.257210251794936
1389	14.423110491720893
1390	10.659011491003913
1391	12.68790219326814
1392	11.121085697885704
1393	13.052321982984722
1394	12.809471239568666
1395	13.189734784765811
1396	11.57368565076696
1397	12.135774247368266
1398	11.072172793068761
1399	13.201239504032479
1400	12.420286192758274
1401	12.915530920361302
1402	11.909477225671123
1403	11.958401155476167
1404	12.264897027133225
1405	12.780298566651929
1406	12.397606856639454
1407	13.75992802263742
1408	13.450003727003931
1409	11.661265902462658
1410	12.884376158199176
1411	11.963985855555944
1412	12.982035882822755
1413	12.621045188359325
1414	12.819366541604644
1415	12.919448574882976
1416	11.434966375922848
1417	13.480111283937287
1418	14.259218890542307
1419	9.843764587481683
1420	13.290774119932514
1421	10.725933998384114
1422	13.697109437081963
1423	10.870836033738618
1424	12.58356533052442
1425	10.623534411493251
1426	12.949438858746241
1427	12.45650934186997
1428	11.97005496724887
1429	11.068488421592567
1430	12.079055627270673
1431	12.445811122458858
1432	12.119609229511116
1433	12.82492534072998
1434	12.50355003084687
1435	11.127416710956021
1436	10.436575817441366
1437	13.546224132422
1438	12.015334105285417
1439	11.153372531112593
1440	14.627695538663632
1441	11.874134667551456
1442	13.04413213617125
1443	14.048375551999712
1444	12.206209900429133
1445	14.860486054551215
1446	13.030701567263653
1447	12.380002781990227
1448	10.904545625705007
1449	10.45163093235119
1450	12.835375825842393
1451	11.56034341774648
1452	11.320832375165386
1453	13.949591412738135
1454	11.579679184803917
1455	11.880089569961585
1456	13.360531101220598
1457	13.57238382452892
1458	10.976277392504185
1459	12.18201083366611
1460	10.325989256815419
1461	12.466012050023503
1462	13.009025436865963
1463	11.305918944902112
1464	12.217113567480931
1465	9.653779767665958
1466	11.927486276802336
1467	13.547964048477494
1468	11.711919319336968
1469	12.597647407365129
1470	12.99617064618708
1471	10.698518708053355
1472	11.330869462566625
1473	11.513817053245331
1474	11.75443195757426
1475	12.512139457546215
1476	13.025202931975945
1477	11.00390409576034
1478	12.992635945066079
1479	10.51172865250423
1480	11.548083279747516
1481	11.477569770033005
1482	11.907444042696929
1483	12.34665498546982
1484	12.207124660677847
1485	13.242203112016432
1486	10.248828569531906
1487	11.935353630484315
1488	13.166061713865824
1489	11.961416146070405
1490	13.156034234485455
1491	13.336164193300146
1492	12.099944868337309
1493	13.835598919534517
1494	12.444396740542008
1495	10.682611183340972
1496	10.91003282416355
1497	11.3729396627909
1498	12.342958637610232
1499	12.602161578978789
1500	13.055819101745072
1501	10.74680803512223
1502	12.22360736480914
1503	13.383814232662703
1504	13.762685061001253
1505	12.686970868654658
1506	12.85252384923462
1507	12.073094696666965
1508	12.036935488254828
1509	12.065308131001075
1510	13.795066702208715
1511	11.304504612209993
1512	13.256879825254146
1513	12.571653478437414
1514	12.668824054565953
1515	11.906250977720102
1516	10.984349303981062
1517	11.507030718578026
1518	12.78739540253134
1519	12.59140250379877
1520	11.504736417222635
1521	13.56794219929725
1522	10.404420329378917
1523	11.044242628140967
1524	15.309699890281385
1525	11.82834211755869
1526	12.4381124383118
1527	11.710402012769398
1528	10.525582814577202
1529	10.74481525518759
1530	10.514926917762656
1531	12.674317117657564
1532	13.252132584082169
1533	12.459161385679618
1534	10.393880793875724
1535	12.560539489515639
1536	12.202762214299769
1537	11.36374294122548
1538	12.055639198873765
1539	13.237186525744619
1540	12.077109894133173
1541	12.132901094406126
1542	11.235873062779467
1543	12.449899757238056
1544	11.973644257702732
1545	12.242692881236927
1546	12.304403296656787
1547	12.32838023566317
1548	12.726146688198464
1549	12.134467400959693
1550	11.09296231092706
1551	10.885547118720465
1552	15.12541233649421
1553	12.574356652563438
1554	12.62033590130482
1555	12.37523263708572
1556	13.876103752192908
1557	14.356970408472366
1558	12.751792760022605
1559	12.636846231551317
1560	11.019105132358769
1561	10.440864709639472
1562	12.412826689891517
1563	9.89337136679329
1564	11.661866917631414
1565	12.274290606942182
1566	13.403675513273877
1567	12.013731798785198
1568	11.515030462751165
1569	13.078353142771604
1570	12.070118683282859
1571	10.118448096953717
1572	10.45527928435331
1573	12.036698514690215
1574	10.85725684072693
1575	11.187290449931833
1576	12.337730016115529
1577	13.494774522737748
1578	11.631344999917301
1579	13.030643876691006
1580	12.371274177519906
1581	9.503785553830676
1582	11.31563916939988
1583	13.926625668207697
1584	11.473331229268972
1585	12.02350040871783
1586	11.818545443800224
1587	14.894880816486642
1588	12.099826379809528
1589	12.74228848514688
1590	12.18241570526734
1591	11.892455900306231
1592	11.480642783106305
1593	11.799857619010643
1594	13.53845381019346
1595	11.155475682585633
1596	11.206268013972375
1597	12.94354974275484
1598	12.11291254497337
1599	11.642413448278482
1600	12.619280893582312
1601	11.157908590272806
1602	10.717600930140664
1603	12.631794784530406
1604	11.433861900995852
1605	12.710257163976648
1606	13.417971348087303
1607	12.598068613614444
1608	11.6950564836418
1609	11.806197269223631
1610	10.926733520776907
1611	11.857847459148616
1612	12.128061546753583
1613	13.321108470312678
1614	15.120464329658716
1615	12.92239851075882
1616	10.855669438521462
1617	11.638922765931307
1618	11.652429664740339
1619	12.264173364022565
1620	12.641997163771608
1621	10.568772546936419
1622	13.234219670218105
1623	12.136175560794072
1624	10.793095083864914
1625	12.425897800677026
1626	13.207196982890869
1627	12.456288266475894
1628	12.745983135719143
1629	12.297936052336757
1630	11.941140230155725
1631	11.249795464503888
1632	12.405092923843767
1633	13.076902204489505
1634	12.02636183808535
1635	11.285090927041269
1636	10.792952616988071
1637	10.246935271032271
1638	11.311122213683387
1639	12.763181686923229
1640	12.084101907786957
1641	12.322434616158716
1642	12.51397667950104
1643	12.879714287568017
1644	11.419731397552823
1645	11.202128010118031
1646	12.440732939308509
1647	12.837158012868409
1648	11.347048940404784
1649	13.940845198377168
1650	11.268088753488634
1651	13.390182166014398
1652	10.867740488203708
1653	12.480332389859749
1654	12.595886803712347
1655	12.728304144560493
1656	12.755131380615058
1657	12.3168387257361
1658	11.365331499472115
1659	13.812298621789418
1660	13.338904484764498
1661	12.704787786770613
1662	11.055749290639808
1663	11.226906346753822
1664	12.912227832452537
1665	11.561983781722214
1666	10.0962227252312
1667	9.925425797460022
1668	13.186904459568904
1669	12.405026389053091
1670	12.724421352026349
1671	13.36443409172685
1672	12.00995432642559
1673	10.479352131360569
1674	10.916747200128157
1675	11.844366902966673
1676	12.519425554586633
1677	13.237327260986692
1678	11.653488582483044
1679	10.515344755270352
1680	11.764781966789936
1681	12.110199866652051
1682	10.034558654770834
1683	12.575362850426297
1684	13.91319071983212
1685	11.270113126680048
1686	11.208240990510918
1687	11.262708816564444
1688	13.193144312483492
1689	12.182287132343612
1690	13.755064948498713
1691	13.31967779994011
1692	12.617697142505062
1693	12.61112684432963
1694	12.6864622861892
1695	13.565216579037951
1696	11.819951661004286
1697	10.469929575373849
1698	11.23241371038402
1699	11.161291579839599
1700	10.29580223740777
1701	11.753494670702915
1702	13.925467757062455
1703	11.801289973048759
1704	14.583883941213697
1705	11.89464809331231
1706	12.898062706236606
1707	12.835017705215783
1708	12.023825437050046
1709	10.872481614968274
1710	14.117737543613961
1711	12.298626865916463
1712	12.261955191759625
1713	11.727734499566912
1714	12.773517961031757
1715	12.867343887249291
1716	11.69135700815329
1717	12.716683142381953
1718	11.718674916950665
1719	9.383084986564846
1720	13.30429240242423
1721	12.289353678548117
1722	13.239677882692574
1723	9.941617786555133
1724	11.905993824634193
1725	11.703453723753158
1726	12.807283134058755
1727	12.960379797687683
1728	12.120814100366884
1729	13.734193893580917
1730	10.126790312788216
1731	12.14502562200853
1732	12.519773795920297
1733	10.924827322069252
1734	11.194563179503062
1735	12.624361568699694
1736	10.966371172466442
1737	11.977352843923269
1738	13.488503636452757
1739	10.460031312179273
1740	11.20279669274319
1741	11.516417364257254
1742	10.714067022506098
1743	11.87369490074784
1744	11.940656481764744
1745	10.035085613028176
1746	9.513441499788314
1747	11.385348960931879
1748	11.547648479508307
1749	12.507595967770612
1750	11.246802147308534
1751	11.399435180327695
1752	12.187930321491255
1753	11.573302191317392
1754	10.751425705370767
1755	11.833296643833265
1756	11.532863053143956
1757	11.467795111070355
1758	10.573431430925691
1759	15.760230838647113
1760	12.592422729750213
1761	11.260902162547163
1762	15.396308729153438
1763	12.666138069424779
1764	11.237785538462433
1765	12.725849015853154
1766	10.843640030199271
1767	11.500747509958114
1768	11.796198138893631
1769	11.433789049114647
1770	11.591186404197842
1771	10.925542821982942
1772	12.149143736050915
1773	11.96588852328714
1774	12.924409682359245
1775	11.934591456052118
1776	12.412538805641816
1777	12.972993765644995
1778	12.81014008574938
1779	12.995941599466008
1780	12.01326927705668
1781	11.657910471348542
1782	13.347443571977783
1783	13.59498801175505
1784	12.674139612779856
1785	11.45501107932681
1786	10.990835182741284
1787	11.731578050787855
1788	13.073687768060093
1789	11.038224075083948
1790	10.138595621529666
1791	13.391913169958187
1792	13.023421324107662
1793	12.349059914331884
1794	12.86680738457168
1795	12.840084760953042
1796	12.577544465159567
1797	12.494813439767121
1798	12.769257989677135
1799	11.899972571842373
1800	12.180969162754572
1801	12.26567105037005
1802	11.251870615801845
1803	12.888821388626921
1804	11.204602381282408
1805	12.134057382030575
1806	12.135006739241952
1807	13.223918200882439
1808	12.751646238389764
1809	11.680824095202196
1810	12.226211093765285
1811	13.479742719209753
1812	10.826857969816775
1813	11.853040479391854
1814	11.935846998140699
1815	11.423633413888249
1816	13.552785631113997
1817	12.574754729422017
1818	10.8143638557189
1819	11.632490032438987
1820	11.821273338367853
1821	13.40200410607271
1822	12.39321546998274
1823	11.353482437863326
1824	12.396949774922867
1825	11.432823707229169
1826	11.385831529318239
1827	13.41891603459205
1828	11.772199314596607
1829	10.296863000992493
1830	12.104857835554494
1831	10.66807867003034
1832	13.00520138349384
1833	10.105849485810134
1834	12.192355172029016
1835	10.749636771895789
1836	12.006548264192354
1837	11.381182233768735
1838	11.320274816198355
1839	12.442718172012569
1840	13.681921532402908
1841	11.542028757643752
1842	12.553086810022721
1843	12.487615942813656
1844	12.785776687014732
1845	9.949457954910653
1846	12.759121236973442
1847	12.04685828168674
1848	10.90769737228047
1849	13.777891763464801
1850	14.046166436175223
1851	11.65004858500183
1852	13.82275580689716
1853	10.874099066739696
1854	12.332236509966222
1855	13.14373009506613
1856	12.759840764521964
1857	12.419761798048794
1858	12.176317579088002
1859	12.634465061452078
1860	12.184109797623629
1861	11.473320946479216
1862	11.633368435219444
1863	11.704371334179969
1864	13.330688666186429
1865	11.14522504307137
1866	11.581901858122153
1867	11.238724601320978
1868	10.343642303387501
1869	11.345269777216291
1870	12.486689663142897
1871	12.504416387590867
1872	11.768945634927755
1873	12.937496807024052
1874	10.362930428674161
1875	9.59578333064105
1876	10.481220697080168
1877	13.292221991746718
1878	11.524150483866428
1879	11.367804669722494
1880	12.984068368111426
1881	12.028105641589374
1882	11.906058287724765
1883	13.850758757176143
1884	13.739734798461493
1885	11.391450935337497
1886	11.581774287936943
1887	11.84705775577194
1888	12.253128530872345
1889	11.448679315471963
1890	12.800022320219734
1891	12.064184649065377
1892	12.846569282685183
1893	10.30782079083292
1894	11.40505356102523
1895	12.859136241241632
1896	10.713524693099316
1897	12.1914152177693
1898	12.436472877546953
1899	11.838942004728999
1900	10.30805298760016
1901	9.927462946358618
1902	11.664399122929593
1903	12.30252877337459
1904	10.950413586192631
1905	15.4554679622408
1906	12.643027556454763
1907	10.903337258273469
1908	11.62746980720549
1909	11.399063208646007
1910	13.342028198209043
1911	13.469289038951198
1912	13.011763683964752
1913	11.517460379248599
1914	12.853952603200701
1915	11.05660671798978
1916	11.613745721546804
1917	9.628132406870524
1918	11.185156019908996
1919	12.39381852408107
1920	14.34532288621201
1921	14.398810147420903
1922	13.163314613146493
1923	11.501068404012853
1924	11.888264833797454
1925	12.656175178130447
1926	11.816066234503523
1927	11.968309683492407
1928	12.343646787604767
1929	11.579918619863497
1930	12.752559087539945
1931	12.326833445645336
1932	12.24923695032843
1933	11.779195352796126
1934	13.312238890635358
1935	14.692806589618947
1936	12.475141125856103
1937	12.094507407377629
1938	10.97212748684251
1939	10.883250099775413
1940	11.026091361280784
1941	12.345215996115089
1942	11.119649775331544
1943	11.93752935631866
1944	9.865436777883831
1945	11.31577239047761
1946	11.056996653655855
1947	11.299987555609174
1948	11.773771005028204
1949	14.615014657241238
1950	12.914435521802968
1951	12.006082947679056
1952	11.691235740655376
1953	11.325025737939331
1954	12.726147609336817
1955	8.969350730892844
1956	11.130096361944451
1957	13.136695525143296
1958	12.907824997315872
1959	12.920724946458865
1960	11.955974818589166
1961	12.497022813492405
1962	14.531482292204881
1963	12.774600512631878
1964	11.426069230603954
1965	13.63964939797297
1966	12.49508925648406
1967	12.816741887431004
1968	12.29912343509601
1969	10.348657200062007
1970	12.507128066393426
1971	13.228102608776947
1972	11.551275787710134
1973	12.093147038729512
1974	13.028902111117661
1975	10.966274622209312
1976	11.047327770546463
1977	13.091933277156205
1978	13.63006165857865
1979	10.865189141610504
1980	11.950704123203954
1981	10.542131086746231
1982	13.484603319999538
1983	12.185284113301329
1984	12.062081526972664
1985	11.553698518671668
1986	11.268777763637315
1987	13.10204176168378
1988	11.035576754366048
1989	11.934576355863545
1990	12.123572163028463
1991	13.868488971456294
1992	14.371076317836664
1993	11.445455920953384
1994	13.000592598570856
1995	11.799732197710345
1996	11.53678418616009
1997	10.971698609526669
1998	13.27826356420318
1999	12.385982142806414
2000	11.036999717524546
2001	14.399365821025437
2002	12.792028847713805
2003	12.269582769462431
2004	10.963099803166607
