6	4.437388153991791
7	6.67434319029786
8	6.279280894376731
9	5.418518490810225
10	6.484709913729038
11	5.60504284047573
12	5.216535459193255
13	7.586781416609824
14	6.524077247553578
15	6.278864129229773
16	6.58233151620728
17	6.188277870354516
18	7.1309146832446615
19	4.686735675315121
20	7.4518115254773125
21	6.119431864327011
22	5.076388504228055
23	5.081258092868801
24	5.8384714860432725
25	6.348246150125511
26	4.7844913223078915
27	5.9186241544424165
28	5.65173192214302
29	5.649379833292456
30	6.63776834419257
31	6.593572281704397
32	6.413599957930758
33	6.269540598483531
34	6.526687991188373
35	6.417088298742653
36	5.99172196909451
37	6.874867064662612
38	7.60373979620905
39	6.191515829660088
40	5.770725310612761
41	6.103297449832151
42	6.299455895896441
43	6.557672711438499
44	5.675014740332072
45	6.668939562218976
46	4.647407252445238
47	6.519800434750393
48	4.931990128928659
49	5.236404030535293
50	4.634612369630837
51	5.461028556480389
52	6.91560559393353
53	5.229652137845154
54	5.443989682291923
55	5.035515183595948
56	6.905368524850062
57	5.140849073192138
58	6.14567927388095
59	5.4992607193188245
60	6.797684421281987
61	6.376570742877659
62	6.701339642021049
63	5.500742485660885
64	5.173274079196992
65	5.735434254023383
66	5.62243154884279
67	5.396148521917725
68	5.973111206906833
69	5.407867466572181
70	6.805662035041522
71	5.498486911421744
72	4.976573124535458
73	6.368597497513222
74	6.797612753627214
75	7.001322640155895
76	7.041185955132241
77	5.608523990190588
78	6.644332980740001
79	5.564513088364765
80	6.532654626063259
81	5.999660755417173
82	4.884480292897933
83	6.417147034488153
84	5.4251391890688865
85	4.545720584658668
86	5.483059178873404
87	6.010971991858143
88	4.48711837177129
89	6.3251235256482135
90	4.373009534732167
91	5.650050988282218
92	6.961438719844106
93	5.802838091352896
94	5.241764018402504
95	4.85966352980419
96	6.219804876502021
97	4.162829847888336
98	5.689626216686023
99	6.505648531157931
100	6.81124797783148
101	3.6695435774389704
102	5.703236360959376
103	6.000155169539382
104	7.319453893708902
105	5.80984207639267
106	6.124256548518944
107	5.159520989125561
108	5.248764530806746
109	5.012236487908619
110	6.643799721472988
111	5.1013013265688
112	6.4543782882746505
113	5.434875209733685
114	5.278595109981168
115	5.941278523601702
116	6.407359472684523
117	4.8652176632804185
118	7.312702985651413
119	5.828741027163131
120	7.089411769507233
121	5.072742125475589
122	6.896183736446388
123	4.687696973427732
124	6.323063174946167
125	5.4548301070079965
126	6.3060267733744695
127	7.548563012155629
128	6.118371733120714
129	5.5327662094507986
130	4.7231851872627155
131	5.067708056216863
132	5.276093326827062
133	6.31808765725519
134	5.794185281805453
135	5.944753732518681
136	6.652517093884752
137	4.854214258955471
138	6.7821970579292
139	6.761981848521724
140	6.5966706883405815
141	5.356768709478534
142	5.811761834710099
143	5.090189695852276
144	6.997428640177532
145	6.051573483260654
146	5.079067486117959
147	6.064110217664468
148	6.297357814296936
149	4.8513748637733185
150	6.823024050172535
151	7.2462175696959354
152	5.292680042832217
153	5.716707070891668
154	6.424157855711171
155	5.825157753227783
156	6.153314087605104
157	4.943382106233003
158	7.46805757606335
159	5.95306238012011
160	6.482801907484619
161	6.23177554831186
162	5.441497251031939
163	6.393496206979035
164	6.639485874274844
165	5.521017512126656
166	5.3550807934236495
167	5.372610928301583
168	6.493509744394139
169	5.5514391348325365
170	4.556282556219958
171	6.218531929937253
172	6.803702698833409
173	6.934503654785658
174	6.331200511047427
175	5.327840894833571
176	6.787983721112631
177	4.836814484714642
178	5.542915055069515
179	5.827697743513119
180	6.700736452677423
181	6.3330619075284815
182	4.996486306503187
183	6.476990675587095
184	6.62300504290257
185	6.139069672615733
186	4.85008148867102
187	6.354545091244358
188	5.020757774754505
189	7.01761980877795
190	5.469029677149733
191	5.41394736122031
192	6.12968450942145
193	6.247606937115626
194	4.993766136748223
195	5.057799230254022
196	6.93951372696375
197	6.250741452492851
198	5.95869732295479
199	5.3326141042969
200	5.830596673604709
201	4.956906179483707
202	5.86925167301542
203	7.427997951825091
204	5.708970673340611
205	6.072283702036657
206	7.404194153300826
207	7.262353928283909
208	6.427118300248128
209	5.810160964559834
210	6.470265422543068
211	7.816730920223563
212	6.817340905258399
213	5.6569417471302375
214	4.9668250456639464
215	6.457710526749724
216	6.036176543106828
217	7.3813051824879095
218	6.4738024176783115
219	6.521733842382673
220	6.092796702951918
221	6.842521238066497
222	6.28835413418578
223	6.457747674995182
224	6.466819606197532
225	5.79267675300732
226	5.276988945294494
227	5.547961037147885
228	5.692511808591707
229	6.139142134962262
230	6.928192804119135
231	5.042115291466568
232	5.787056187732378
233	6.574652545350766
234	6.335885066646109
235	5.613064152529761
236	4.207141635302687
237	6.70498985446137
238	8.50770148428819
239	6.551538523674887
240	6.319542190968955
241	5.598181815616305
242	6.212458876360403
243	3.9939764515979084
244	5.314950598068702
245	6.221725580772424
246	5.948639702017201
247	4.7293480067804925
248	6.352747339400391
249	6.69304712106324
250	6.395791393754189
251	6.269640987077283
252	5.26108258635464
253	5.646797252659564
254	5.9640732643592855
255	5.56657280639646
256	5.5090487563769175
257	5.464848619570737
258	7.328677354247442
259	6.305519170005157
260	5.602786328572767
261	6.67208839288783
262	5.43166941839333
263	5.830808085918293
264	6.346249749820951
265	5.194323921865173
266	5.5095359949456695
267	5.133405814623556
268	5.637664908722702
269	5.628243918576945
270	4.555029241453356
271	4.8135622040840405
272	6.629220067238403
273	5.390621181158349
274	6.147749102558009
275	5.382124935631114
276	4.962868201724057
277	5.786456684347782
278	7.039106596168494
279	4.744689094892237
280	5.859071979845834
281	5.169123282188405
282	4.627643844433727
283	7.157856333832919
284	7.248525297865161
285	6.354367733107433
286	5.6936362115405865
287	4.746709749221847
288	5.900713281436765
289	4.705374037092042
290	6.492001241489779
291	5.482700604021375
292	7.045482946713959
293	6.634302054131929
294	6.539668842765968
295	7.846170342582627
296	5.94536324805314
297	6.136362245002029
298	6.062297913183337
299	5.109952307096412
300	7.5390286673625395
301	6.059548524293738
302	6.419903727369204
303	6.031036674199577
304	4.969879896797584
305	5.588768669972116
306	6.617876475694959
307	5.744827198801795
308	6.059108357593816
309	5.5927940155583205
310	5.267771117872579
311	6.242429266841134
312	6.2430766580585875
313	5.628368252397106
314	5.333552771525732
315	6.9482648190692995
316	6.272928023083498
317	5.6325880035583396
318	5.655893614086913
319	5.917548782585072
320	6.001717390636999
321	6.829406679140259
322	5.442983825164936
323	6.146777328795805
324	6.4163581981857565
325	6.773973137039916
326	6.0888182970628675
327	5.880747878092734
328	4.845623011120349
329	7.057487989952467
330	5.90182490370524
331	6.785160317355767
332	5.613127230184017
333	6.679784886573223
334	5.8516020313060535
335	7.025296286317973
336	5.655768021181422
337	6.568883125604109
338	6.3494411533831485
339	7.2646186007225575
340	4.826358389573322
341	5.60250504725814
342	7.345776011363206
343	6.408897295988364
344	5.773545163435795
345	6.923118828579318
346	6.417096503746196
347	5.677924993270564
348	4.962004527459309
349	5.646610841288714
350	6.093067073465014
351	5.6945480219504265
352	7.282609868543939
353	6.686073834344632
354	6.740482367896314
355	4.671637717020025
356	6.597482417563284
357	5.841103265164957
358	5.966839310061816
359	5.069119744332663
360	5.1707167223939905
361	6.755874835477188
362	5.208041024691342
363	7.140081233521834
364	6.436688022613192
365	5.542003610300047
366	7.082842913888938
367	7.162964222701183
368	6.411012280184271
369	5.960469198764678
370	5.44234268897627
371	4.5967925887578165
372	5.636137069760298
373	4.67332217367948
374	6.696068417587825
375	4.6935096512115075
376	6.181700681932351
377	6.257895145944408
378	6.0058820159126
379	5.53440307584242
380	6.69802075659092
381	6.000488054607995
382	5.956280325149867
383	5.708870656766729
384	6.448682490987371
385	7.079448423489291
386	7.174351874543013
387	5.0593687152625835
388	5.6085016788329085
389	6.206792499050498
390	5.525088565608409
391	5.633629458888305
392	5.532064826706321
393	5.479932527196629
394	6.8002028881268
395	5.57512596954117
396	6.089177682563396
397	5.157177509401471
398	5.320200316914661
399	5.081064168450117
400	5.769164575710117
401	4.947562460936347
402	6.272118454460792
403	6.509533285205676
404	6.771524740463315
405	6.6635163052685975
406	5.737358276336454
407	4.88707395846051
408	6.512653009272586
409	5.836404611126498
410	6.234744113863197
411	6.437411631764844
412	7.244307853924622
413	6.790754642070776
414	6.374799804076449
415	5.352635173794911
416	6.055828008913405
417	5.743751187961607
418	7.076602950745534
419	7.004835065227707
420	6.2748561216955725
421	7.450473057927892
422	4.888232909375802
423	7.4751007526517945
424	5.7293391269469245
425	8.126492841171316
426	6.902019228270389
427	6.792040494431087
428	6.424410694690887
429	5.809538060840599
430	5.426943321448764
431	5.695438923386973
432	5.850331494850252
433	5.448552047924604
434	5.803717947596279
435	4.521545165249229
436	6.570865005499619
437	5.83371604034501
438	6.433781820909644
439	5.990921374888988
440	5.172141393804977
441	6.5990052796384715
442	6.637325599811278
443	6.415513301916819
444	6.303705843061449
445	4.871059277131488
446	4.94968015516765
447	6.7527883553340535
448	5.574568106523388
449	5.876187133857707
450	4.516215854703689
451	7.32197876517672
452	6.113330024572658
453	6.813133234598873
454	6.548403019423579
455	6.585533081333631
456	6.351410832128576
457	5.0555197387355815
458	6.772951389722948
459	5.169863492357667
460	6.325508071004324
461	6.54453356475694
462	5.478643784333291
463	5.914773780762011
464	5.650823132222932
465	7.055986484356358
466	5.956054532757944
467	6.844919922586996
468	6.048987390146067
469	4.970267796692879
470	5.775962080509328
471	6.966093557446838
472	6.166782182501629
473	5.752447346355846
474	4.69657439283827
475	4.574067110801547
476	4.9210224359645505
477	6.540416986278082
478	5.354858773163869
479	7.73631393824882
480	5.80037734733584
481	6.134990816455214
482	4.766835672426081
483	4.9534916569692236
484	5.5997036061628025
485	5.5597525525259295
486	5.436807732529512
487	4.568214205953364
488	5.405973133591137
489	4.8773527832918
490	5.945159381583587
491	5.667585801781951
492	5.722837576429715
493	5.026894674261308
494	7.2863470684546465
495	5.360610399531715
496	4.947358222026826
497	6.484190445349275
498	5.565088482739628
499	6.314620629241593
500	6.177363613304416
501	5.703656645322085
502	7.01191564470173
503	3.874032430046513
504	5.562293716066051
505	5.079119352133213
506	6.2937462559650434
507	7.039252877151982
508	4.81561477313184
509	6.993074460000161
510	5.844877366256696
511	6.2128480373345765
512	5.687369578669314
513	5.720145325570728
514	5.198886466799498
515	5.457880454230777
516	6.579111047646767
517	6.035983222664799
518	5.875395577300878
519	6.637741438054945
520	7.086887117023469
521	5.4366880547626915
522	5.762160796231668
523	4.556232992950494
524	6.740555964575226
525	6.430463769738454
526	5.517822684574639
527	5.746094044259128
528	6.037316173266229
529	6.53035948466443
530	5.794129505825883
531	6.717500987746462
532	6.772134126135919
533	6.80999631246325
534	5.625979915635023
535	7.444722742722661
536	6.056301463209093
537	6.708936952749666
538	5.547501239690085
539	5.690587289528256
540	5.172751711438676
541	7.104809235199355
542	5.864332267442452
543	6.524920866135896
544	6.266279090385485
545	4.4895772749278695
546	5.125628974202776
547	5.596913013401506
548	6.205382536082262
549	5.212927653889089
550	5.723723444991328
551	5.858653145446442
552	6.343222100957064
553	6.062936578006163
554	6.045349510107189
555	6.213354911774929
556	5.541722835816192
557	5.918821726996133
558	5.173852060014253
559	5.203444766261184
560	5.199435174799108
561	5.244814681080503
562	6.223315172246657
563	6.075706871517468
564	6.846917857304036
565	6.516667317801954
566	6.983205545993629
567	5.7736262274939305
568	6.508897052546672
569	5.647067365625969
570	5.049249103160886
571	6.264892760655494
572	6.400961811435991
573	6.192180570791772
574	5.570657870485306
575	5.478675365807152
576	5.172877203451935
577	5.4812329067947125
578	6.414195332607051
579	5.4013352979198785
580	7.071282467303993
581	6.0795840357855795
582	6.482380949454952
583	5.2434626067098336
584	7.0529026813118865
585	6.020461320092103
586	5.618017152199805
587	5.430524038057774
588	6.481956535161683
589	5.022911695185147
590	6.173962511697027
591	5.566443188713762
592	5.81441639667341
593	8.243412835816681
594	5.0049239673897175
595	6.514016387202949
596	5.893327767136118
597	6.205088012382475
598	5.404712606415463
599	5.883624169283875
600	6.847273855655523
601	6.401984036673243
602	5.2063419399983735
603	4.844257735435876
604	5.579177785181673
605	6.583664192447414
606	5.9705394225073345
607	6.922353153183524
608	6.469749285787418
609	6.233963346545352
610	5.1139379249755565
611	5.7819092096822144
612	6.818259412277257
613	5.811762480478702
614	6.189845722903556
615	6.689787815446792
616	6.264072665704589
617	5.238725050040309
618	5.877475171915962
619	5.520127580949554
620	5.571305267609142
621	6.157967802123441
622	5.963382140054212
623	5.7551199821256365
624	4.096621161338407
625	5.356531456466122
626	6.087457208625233
627	5.974373517537733
628	5.72211850465233
629	7.729612307583341
630	6.026448460506969
631	5.291559472874117
632	5.807767314316394
633	5.8987368388822485
634	6.249641934999842
635	6.179614180315505
636	5.681832717361653
637	7.309036630878015
638	6.963553618628442
639	5.027618478133456
640	5.14594546176853
641	5.459155821793472
642	6.695148362116888
643	5.773641753839911
644	5.179451610441902
645	5.483337213855986
646	6.3582086849602915
647	5.906887702318992
648	5.232363666463816
649	6.70766167785041
650	7.116348888539836
651	6.425534482751238
652	5.88599327486341
653	7.3741617053347
654	5.950161016976926
655	5.393546460843936
656	5.209290670600303
657	6.20430649887837
658	6.604115159708429
659	6.812412433487008
660	6.452148408007293
661	7.14566360337331
662	7.017499939434166
663	5.2808194086865115
664	5.117919082659581
665	6.9689036119119105
666	6.357581575687104
667	5.765040475764545
668	6.040686192468887
669	5.045766025365223
670	4.633951674968771
671	6.522560070436965
672	6.476333947231372
673	5.7742681956977675
674	5.8958584492653605
675	6.413093935892296
676	6.1755062722477305
677	7.329254352788934
678	6.583534946552767
679	7.063435171140425
680	5.692361048230533
681	5.8957697789277885
682	5.735328985533367
683	6.152078516880812
684	4.563858905045961
685	6.316863890209546
686	6.300213594764375
687	5.93527131067175
688	5.465733968464303
689	5.663183681283532
690	5.751732459716732
691	6.007432496433172
692	6.847217502929694
693	6.18014323716828
694	5.932803181724833
695	5.545724905181176
696	5.659696242241326
697	5.9906224320722306
698	4.823237855502937
699	4.884424647196283
700	7.014747567065511
701	6.007161206267483
702	5.848851947719829
703	5.850701196885924
704	6.4901392276215395
705	5.39633455409938
706	6.0338369485405385
707	5.801939905110938
708	5.921133576872914
709	5.631040604651207
710	5.548732505509785
711	7.060397252018447
712	5.665725016583143
713	6.285268665255549
714	5.305152194696182
715	5.479241814809099
716	6.449932240595809
717	5.1559990137291605
718	4.540657424608305
719	6.099374180206033
720	6.636342209065333
721	7.358725327597714
722	6.578841524060062
723	5.2310610047215595
724	4.60680322288708
725	6.169698934208626
726	6.121282378674439
727	5.960758139470183
728	5.362237123274006
729	7.164465558020311
730	6.940937876861426
731	7.533367635911301
732	6.428647779004944
733	5.804642464379867
734	5.641179766511501
735	6.2121474978014115
736	5.6583438195252365
737	6.422059545704784
738	5.78742207260248
739	6.80725161087217
740	6.154014850891525
741	6.356529156419423
742	4.6068680467694225
743	7.19967085013559
744	5.363911985979593
745	5.877857620680802
746	5.96635164568402
747	4.352674716168308
748	5.383100617118179
749	6.352077548300648
750	4.902500520376488
751	6.338396012906118
752	5.560019488968128
753	5.517110833332741
754	6.156966372601817
755	4.926646899604689
756	7.054074554384664
757	5.232888179977557
758	5.505126971455693
759	6.3723899587704285
760	6.205424880315871
761	6.751016057951155
762	5.742942055702626
763	5.946000739592793
764	5.790383019571891
765	6.354410977228422
766	6.688151784429518
767	7.627011075626466
768	5.012192984716966
769	5.3110573138017205
770	5.647137569335218
771	6.184947359629931
772	6.951945319793425
773	5.702151660175012
774	6.076971668561375
775	6.172272370814386
776	5.805965384863636
777	5.559400545428686
778	5.660491571196222
779	6.49170761168431
780	6.613159608864225
781	5.120378853795895
782	6.247053636787941
783	5.942731962961261
784	5.427889393439649
785	5.618641421229889
786	5.4340055264885825
787	6.89797018878744
788	6.484754329926255
789	7.0325522105075775
790	6.498122884817845
791	6.488727743274972
792	6.599837458697445
793	5.6050519731028805
794	6.614610653788656
795	6.80475804802223
796	6.312004820482495
797	6.6776269094286755
798	5.230093524190447
799	5.114278453726296
800	6.261211380976337
801	6.633169124076048
802	6.869017590569066
803	6.095967641129391
804	5.399876218361395
805	6.4996646179610655
806	5.058094396814704
807	6.119533464018743
808	6.095817952565002
809	4.810104262216059
810	6.728250075830147
811	6.716745304978186
812	5.515955942432845
813	6.6380208455724645
814	5.008608498681907
815	5.535082479307535
816	5.285415360946874
817	4.67843094522929
818	5.75317014121517
819	6.294798625470139
820	6.415943270282107
821	5.799172215272531
822	6.763277138753726
823	6.337545143238878
824	6.366361408644901
825	5.1746394802287865
826	5.989775220909475
827	5.4643059932825375
828	5.794477821593838
829	5.272995861343525
830	6.698642231729748
831	6.161372907668058
832	6.285368228132175
833	6.1146306307657206
834	5.156089402146689
835	5.380066659962177
836	6.2598768428554115
837	6.459281458642467
838	7.105774903301829
839	5.7445820897560695
840	6.652194821941001
841	4.972610849472087
842	5.829790439425358
843	6.067262944536196
844	7.160041195007266
845	5.248312951960793
846	5.910202380008713
847	6.2467082325034795
848	4.899333770001041
849	5.076765982915872
850	6.96974600636383
851	6.573492867470793
852	6.267433134294281
853	4.688676551269293
854	6.883018082001113
855	6.123312981262233
856	6.086071211452197
857	5.617080078467332
858	6.122443158031763
859	5.692555796153521
860	6.566426904606487
861	8.152677409165335
862	4.008949910140051
863	5.55217446534572
864	6.713954067483012
865	6.095731843934794
866	6.842905436011003
867	5.700619957476322
868	4.878139646035958
869	4.829787812131043
870	5.7503776204679165
871	5.030178263839507
872	5.392001295049808
873	6.420062696962543
874	5.9902818833282
875	5.570163131864131
876	5.088722743601962
877	6.783993588654909
878	6.180612506062191
879	5.547950571668999
880	5.806348369150899
881	5.621884043850177
882	5.943153113986174
883	5.409499874700008
884	5.267538831738056
885	6.242962923863581
886	5.760082630362983
887	5.26912128382745
888	6.380157168521064
889	5.111891302284143
890	5.863400370302973
891	4.914012269116938
892	5.1683270304518585
893	6.302673995807326
894	4.968811542928134
895	4.513906795958367
896	7.260382288338376
897	5.826572757499525
898	5.2321446655250545
899	6.560372974077271
900	6.073484331550791
901	5.822946719814354
902	4.6511219431597155
903	6.918588368513156
904	6.522707074830707
905	5.594282566254573
906	4.673124104963038
907	6.406904341762937
908	5.131099217396695
909	7.04173790444346
910	5.73664005524238
911	6.765860395329394
912	6.86845502052277
913	4.580214419468327
914	5.476579249950009
915	6.454125390103161
916	7.357900232439587
917	5.369243538280114
918	6.349465511506423
919	6.009351976272169
920	6.277951009580176
921	6.242527630640238
922	6.526972045629429
923	6.049711693596516
924	5.666446457616985
925	6.838165251570272
926	7.663970762092897
927	6.054551797121706
928	5.394897366867792
929	5.131584633083548
930	4.668156671060795
931	5.98998487800306
932	6.100363733409291
933	6.711483044549823
934	5.145245881742556
935	7.647299802772557
936	7.82517786351337
937	6.091227996574681
938	5.034859264023705
939	6.308344635390677
940	5.815545026012215
941	6.474139273473312
942	4.378036881989549
943	6.249222287781198
944	6.9048982115027515
945	5.500284046488437
946	7.8679985323688015
947	6.288906448071116
948	5.72712894695535
949	6.322573038145761
950	5.806049902412009
951	4.79041468894502
952	5.889396665371297
953	7.13184905371725
954	7.4358834858165865
955	6.807828227237153
956	6.444504268671153
957	4.2722356117737945
958	6.464808118075044
959	5.004451122466923
960	5.039982084871123
961	5.798891628540501
962	5.982380951206912
963	5.676703745396808
964	6.657225475818648
965	6.274585717872609
966	6.1280101067596116
967	5.754734517579588
968	6.018654139887076
969	5.434660753824145
970	7.5756417826463975
971	5.754248204910787
972	4.384156201465521
973	7.231882294902499
974	5.7422350725890805
975	5.425904893580204
976	5.23397784030441
977	6.763946220501869
978	6.129045130578258
979	4.144104083025779
980	6.188613933111562
981	5.462710438656532
982	4.983059751827802
983	5.832973320554974
984	6.212982566328719
985	6.198135861979487
986	6.568257070114163
987	5.281560011826263
988	6.17180485556067
989	6.288325885334052
990	4.987501873881556
991	4.884191852838022
992	5.302848147560975
993	5.196079143839112
994	5.245079389809689
995	6.890718465514702
996	5.419830261599131
997	5.386434489875327
998	7.233511942232815
999	7.31195342024633
1000	6.983539753660027
1001	5.175562122545671
1002	6.5040011182956565
1003	5.861441702722866
1004	5.057840996654704
1005	5.85998250295275
1006	6.645413048448972
1007	6.6068620462251335
1008	6.249107853783219
1009	5.118223025240004
1010	6.324190176662122
1011	5.998672830540563
1012	8.52704642408644
1013	6.503833142309558
1014	5.346335526500993
1015	6.502481504167335
1016	6.068663256425086
1017	6.495747472817913
1018	6.189555430608536
1019	5.996130473345854
1020	4.689391609444283
1021	5.410371634583162
1022	6.535595751431739
1023	5.589178640479076
1024	5.992440163945923
1025	4.329837778960515
1026	5.525465238695401
1027	4.729705392524625
1028	4.7633614046579416
1029	6.169904921425324
1030	6.687034613187906
1031	5.190360660938656
1032	5.866935798915586
1033	6.75574904109817
1034	7.512725658065296
1035	6.079758892849151
1036	5.80685534773812
1037	6.889282138380957
1038	4.828317097593099
1039	5.555888684887905
1040	5.790414346664745
1041	6.05308973456536
1042	6.773218887940809
1043	5.904897658969276
1044	5.896161793222174
1045	6.4819321737870474
1046	7.010148380526944
1047	6.155265400841556
1048	5.803690376621058
1049	5.750399840452398
1050	6.299673665296035
1051	5.907920934810924
1052	5.8923977061885555
1053	6.377789584139143
1054	6.864787266330413
1055	5.813183444004657
1056	5.886520558062734
1057	6.891401650537396
1058	7.0915232250041775
1059	6.4403998971334655
1060	5.1019114052377095
1061	7.46154806955019
1062	6.011387041690094
1063	4.685125549065156
1064	5.831049557363745
1065	5.56785080502353
1066	7.281943582178792
1067	7.709787165986684
1068	5.5171509192912795
1069	4.670868801096837
1070	5.803095135804532
1071	7.146272044273485
1072	5.529727530321994
1073	6.391856325459817
1074	6.571942745050829
1075	6.464715851189825
1076	6.307176854439604
1077	7.532985439114594
1078	7.390182142294943
1079	7.453756726247126
1080	5.269835099217392
1081	6.307773865767134
1082	5.181859750218028
1083	5.483816539764551
1084	5.883874428132549
1085	5.960805832699407
1086	6.6532194467985795
1087	6.62285881380022
1088	5.16847790509928
1089	6.36659785039755
1090	6.159670567085656
1091	5.852586284265271
1092	6.175387131123404
1093	6.5322298436377455
1094	4.342944660589898
1095	5.349781294475849
1096	6.960776884986374
1097	5.897651748773309
1098	5.584295779087448
1099	7.512142793571746
1100	5.719076771486121
1101	6.0772978452633
1102	6.0171038140542805
1103	6.7085955687859835
1104	5.229682557855267
1105	6.166280868475472
1106	5.808279164267056
1107	5.713948863800615
1108	5.088121590957356
1109	5.53057586222754
1110	6.428315128545676
1111	5.807745351507846
1112	4.507286613022811
1113	6.005509985420902
1114	4.9877214675867245
1115	5.7921249325809185
1116	5.547091154951667
1117	5.7786326993009425
1118	5.615974697083685
1119	5.104001871696462
1120	6.097143421015062
1121	6.30791841903529
1122	5.701743755312193
1123	7.046104644123396
1124	6.102726165306471
1125	5.3038961988252895
1126	6.8364680238999425
1127	5.361359994258517
1128	6.003620625809109
1129	6.455623721077653
1130	6.729721037979918
1131	5.8822138164396165
1132	7.204746361589059
1133	5.379031240906021
1134	5.957000926684122
1135	7.374802930881025
1136	6.233149237483495
1137	6.224648065929269
1138	7.559986822198455
1139	5.915520593807152
1140	5.810685019679368
1141	6.350933957054574
1142	5.895740547723582
1143	5.835806806126664
1144	5.781478000000458
1145	6.303390402895665
1146	5.230717826925684
1147	6.259732600060645
1148	6.381892640042739
1149	6.257298896809516
1150	6.385292006030293
1151	6.49766276652824
1152	5.219097151333699
1153	6.661492471210659
1154	5.277668664127122
1155	6.662610657983196
1156	6.469532116539388
1157	5.493563627700011
1158	6.664743875471375
1159	5.690651210858242
1160	6.024480869778647
1161	5.63603047250192
1162	4.820411669631722
1163	5.193813442081377
1164	5.834705534414388
1165	4.70551394924405
1166	6.406917475595105
1167	5.098565677825648
1168	5.885567279617217
1169	4.688447838909058
1170	4.756243417194734
1171	6.801980105542538
1172	6.23235635063611
1173	5.9296845769470865
1174	6.330039060413383
1175	5.00082172392665
1176	6.170576018780204
1177	7.446102185097213
1178	7.03995607647812
1179	5.487697007660956
1180	6.728090134158265
1181	6.255008189192298
1182	7.065656942376138
1183	7.029209821412725
1184	6.2858347220812
1185	6.524852114433253
1186	5.781914932420477
1187	6.848721963819116
1188	6.3650720389210615
1189	5.5704241075718235
1190	5.817100661589453
1191	4.674003234831616
1192	6.68071392023121
1193	6.557293485858124
1194	5.744132173609817
1195	6.411778080716197
1196	5.862942263742702
1197	6.938407985668164
1198	5.618465205243624
1199	5.1940332406727405
1200	6.257728649253929
1201	6.639401342073041
1202	6.592880298789634
1203	5.820632541993339
1204	6.269672450386376
1205	4.891055346690477
1206	6.707633847887337
1207	5.384639529580553
1208	5.14845734664239
1209	5.49503044566462
1210	6.53998648884425
1211	5.43731200406555
1212	5.959458558247066
1213	6.106128804795123
1214	7.011530041358331
1215	5.918193949287972
1216	6.1189318955350185
1217	5.477522852959047
1218	5.79642464281725
1219	6.017695423786439
1220	5.715857586344438
1221	5.993106743080482
1222	5.486810246574213
1223	5.6158435615426345
1224	6.400429922474646
1225	5.163537608660959
1226	5.143170613526868
1227	6.0603738705810555
1228	4.397256667270204
1229	5.442535938325284
1230	6.240950499086951
1231	6.7073381383068345
1232	5.171112466411775
1233	6.421546453087613
1234	5.855299213748927
1235	5.826277220656983
1236	5.206059441162759
1237	5.994958652423755
1238	6.402118176088801
1239	4.324833709347461
1240	6.11542982423932
1241	7.542630637359495
1242	6.180602052783896
1243	5.392381632667301
1244	6.774645912325616
1245	5.757543830011316
1246	6.482261220011144
1247	6.335541465843562
1248	5.017481515256804
1249	5.041669898500134
1250	6.245672812918201
1251	6.857351354512502
1252	5.279397872848979
1253	5.898121912811144
1254	5.853833351171176
1255	5.169973653892206
1256	6.452471689720239
1257	7.202623188388175
1258	6.8209892029723
1259	6.576754080687857
1260	6.826120488565868
1261	6.297221183277933
1262	5.554819353088434
1263	6.4092571103527884
1264	5.455843585013444
1265	6.155003063202671
1266	6.854091152638341
1267	5.170224510940898
1268	6.414611302984311
1269	6.688621049487431
1270	7.28952107336051
1271	7.979821037918586
1272	6.887799108380984
1273	5.23299014253112
1274	6.066647142213649
1275	6.492639990490196
1276	6.302517908968423
1277	4.561386308256154
1278	5.289625962788705
1279	4.260113976274927
1280	5.139723246371181
1281	5.105780701107708
1282	4.454316693742294
1283	4.025940644995509
1284	6.020779223497957
1285	5.652330651675584
1286	6.3370558297727255
1287	6.030911605981789
1288	6.614479277094471
1289	4.404615510908815
1290	5.984622204281164
1291	6.840152599273578
1292	7.268650212657771
1293	5.1355534104548175
1294	7.225563006122794
1295	5.821565977281666
1296	6.806230453062536
1297	6.127584398365938
1298	5.4940475138352705
1299	6.2648491099729045
1300	5.189358866244957
1301	5.757306389770327
1302	4.839520413820681
1303	5.986769629184734
1304	6.382271599435412
1305	7.194796084027205
1306	5.440661657607274
1307	4.932141412306448
1308	6.120336172396257
1309	6.817094183195597
1310	4.918390788932276
1311	5.423873623338295
1312	6.441251862592375
1313	4.505353902896436
1314	6.133875485593712
1315	4.820904568093078
1316	7.4070366862462835
1317	5.191681463063057
1318	6.91863235390252
1319	5.077230962019207
1320	7.340144122474948
1321	5.5074584806978235
1322	5.133499585474575
1323	5.4111185057275
1324	5.63433713105937
1325	5.245812889120383
1326	6.659336206390552
1327	5.64177548289573
1328	6.435824944597802
1329	6.732198410535189
1330	6.332094107521698
1331	6.201192677021027
1332	5.985478328742707
1333	5.325165846963992
1334	6.1503419816338765
1335	6.623950819564717
1336	4.928717815229902
1337	6.542936877939729
1338	5.856191736845566
1339	6.058319692425097
1340	6.090876409479488
1341	6.172808496106882
1342	5.772059741585205
1343	5.138123179145623
1344	6.126741542771924
1345	6.537835192866623
1346	5.473260617502624
1347	4.16400079637242
1348	6.104839579538545
1349	5.599600990801783
1350	7.15701907931827
1351	6.916178349531644
1352	5.268985656912264
1353	7.137648310379258
1354	6.003910819491096
1355	6.446937037748285
1356	5.659304572309234
1357	4.867976188625595
1358	5.709101330633054
1359	5.630749082792964
1360	6.7480267335251884
1361	5.914243558230477
1362	4.9651894354149055
1363	4.949975277773208
1364	5.441004863024914
1365	5.582129974356469
1366	5.955327889692314
1367	6.4881687107951045
1368	5.511998670136866
1369	6.27961986723099
1370	5.3490569037078926
1371	5.168352467161113
1372	6.965050577492404
1373	5.956387603284384
1374	5.026239298119132
1375	7.945326587912859
1376	5.533450604713661
1377	6.8302746467730575
1378	6.864731252401335
1379	6.140410496478176
1380	5.132141979806515
1381	6.6196093398549065
1382	5.440978532158105
1383	6.543372362444643
1384	6.706552688492758
1385	6.432446240248704
1386	5.631368040608672
1387	6.5545768710816725
1388	6.0243331116542
1389	5.905509181610286
1390	5.4892837950396105
1391	6.795425081899988
1392	5.386870618685721
1393	7.1202967683651615
1394	6.095810730763907
1395	4.471715181263992
1396	4.782642188598402
1397	5.218181814649142
1398	7.367576246576694
1399	5.316429731056192
1400	5.971146616238085
1401	7.68729615554659
1402	6.364036753840212
1403	6.304726178693171
1404	7.0723663578561
1405	5.0834796232714625
1406	6.280151966344565
1407	6.297222409340729
1408	5.985331910650099
1409	5.557942576087745
1410	4.502476872167671
1411	5.344843258922238
1412	6.72154213039903
1413	6.147668403634314
1414	6.372156114277846
1415	6.344453680232681
1416	5.739635070772575
1417	6.250122612938867
1418	7.107867920926462
1419	5.916665761327992
1420	6.5681327538664585
1421	5.781488568457807
1422	6.017427970369516
1423	6.357681717924101
1424	6.239428862056229
1425	5.952974299005291
1426	6.220727527662265
1427	6.921443941950036
1428	5.709242936996062
1429	6.67894387227217
1430	5.7836998516101055
1431	5.991051035097746
1432	8.157993066237887
1433	6.659841518800118
1434	5.439532994525507
1435	6.497450127470074
1436	6.719116394910088
1437	4.2245343041431624
1438	4.423867774335667
1439	5.713364128403268
1440	5.252990188697974
1441	5.711512574032249
1442	5.957295344533542
1443	6.098367408255343
1444	6.223059603093134
1445	3.977661296511845
1446	5.981776041253894
1447	7.054987503668396
1448	4.876577247838889
1449	6.595037410388302
1450	6.994946731894743
1451	5.65310654485271
1452	6.602352064413329
1453	6.6351160856750635
1454	5.415187583529744
1455	6.053349757785327
1456	5.264998435090423
1457	5.6275157076991436
1458	5.737459824946043
1459	6.272146530637446
1460	6.176870998308954
1461	5.543871566591981
1462	6.584580629440626
1463	5.065398899739823
1464	5.551160690190859
1465	6.00572131214636
1466	5.843196451999247
1467	5.616673528287334
1468	5.51506921180657
1469	6.476301792412414
1470	6.094554381342832
1471	5.3565592450751485
1472	4.908934678154765
1473	5.585848173268864
1474	6.372606863292228
1475	4.983571640474515
1476	7.396894183674115
1477	5.351711052453852
1478	6.525388728648138
1479	5.605677998432403
1480	6.516955289662638
1481	4.700489726297006
1482	4.995613124121779
1483	6.046017165680846
1484	6.570900845580343
1485	5.897570333820928
1486	6.602984880482586
1487	6.867509431534864
1488	5.382924543036258
1489	5.793708471051449
1490	6.040923919395676
1491	5.189780659818401
1492	6.650096751452455
1493	6.883286748290994
1494	7.236679177492152
1495	5.04956399507743
1496	5.554660152076039
1497	6.593774765305331
1498	7.459435649975405
1499	6.2890465875188335
1500	5.672646262985654
1501	6.12547326613875
1502	6.404462027247064
1503	5.8863491563658625
1504	5.4285076242678505
1505	4.47730402306367
1506	6.65936475553036
1507	7.12253297845863
1508	7.3578343685530125
1509	5.997113507889161
1510	5.887914647813886
1511	6.681558696571989
1512	5.026881611288485
1513	5.799882503573168
1514	6.105359792649651
1515	7.502057406153264
1516	5.5121381368953735
1517	6.260314932804949
1518	4.81683645624611
1519	6.447881133091869
1520	5.271075769374147
1521	7.606836828009154
1522	5.93739952523825
1523	6.1060982210095975
1524	5.4430901038460435
1525	7.250446682650363
1526	6.176819174201228
1527	4.512657144260252
1528	6.092378000318269
1529	6.182809908137036
1530	5.933010621845503
1531	4.699280770350015
1532	6.199437598456056
1533	5.812033351492853
1534	5.929213511628202
1535	6.503543760176399
1536	5.555709728979152
1537	6.081114502560992
1538	6.1549722473525135
1539	5.9267328717632575
1540	4.467678718435179
1541	7.17140572343953
1542	5.591443272603845
1543	4.5442813925479575
1544	6.455551366868389
1545	6.778939267002937
1546	7.236608370002814
1547	6.493406915571541
1548	5.936260827836979
1549	5.902067372947931
1550	6.49798962731774
1551	6.174837010446936
1552	6.71074912224948
1553	6.298772379383445
1554	6.455073345092718
1555	5.8628900832213136
1556	5.70754941507917
1557	6.1675449983396735
1558	5.261714863462438
1559	6.818395140524633
1560	5.628787352992543
1561	5.374022458456098
1562	5.368935658402431
1563	6.20818544162498
1564	6.215402168212817
1565	5.08771147199219
1566	7.712122515012542
1567	5.772099843746874
1568	5.946649608958978
1569	7.103654014482869
1570	6.82584475493954
1571	5.6124586705164985
1572	6.678449009140224
1573	6.977900025279571
1574	5.9036222683332324
1575	5.17098698991914
1576	6.011344893214603
1577	4.849902419916664
1578	4.5949150749745415
1579	5.543908177209752
1580	6.549865041826187
1581	7.7846795159119475
1582	5.049131228023907
1583	6.056040469777623
1584	5.271800527767016
1585	5.851641748038888
1586	6.962684678901308
1587	6.5907300183995785
1588	6.759114342389945
1589	5.812958863964013
1590	5.810314722511725
1591	5.162998734443034
1592	5.648476125946378
1593	6.947111516725272
1594	5.337796760834753
1595	5.751225128569382
1596	5.728731083124876
1597	6.394356929635008
1598	5.66123366486692
1599	6.87745852805674
1600	5.9174450832835745
1601	5.884215414524078
1602	5.785633553092813
1603	5.1415400027297435
1604	5.6611158934262535
1605	6.4199342608917505
1606	6.00838922269343
1607	6.959110539265614
1608	6.152599828967747
1609	7.876155862528075
1610	5.188822948555753
1611	6.729320082126651
1612	5.700103308060871
1613	5.617851995211095
1614	5.6299089763380055
1615	6.665924465635837
1616	6.732859828377244
1617	6.69966618920228
1618	5.603744618051375
1619	6.981270544640399
1620	5.425001811821546
1621	7.396980193420314
1622	6.577520624798691
1623	7.125803149371807
1624	7.25798617697853
1625	6.17905490708152
1626	5.51872640057761
1627	5.236966169292205
1628	6.61415503827988
1629	6.212399940624641
1630	6.863985808822326
1631	5.675102468450657
1632	5.109339459333569
1633	5.31521682722627
1634	6.352832933706749
1635	6.065981948930446
1636	5.86776502635136
1637	6.922980192220113
1638	6.092041271412745
1639	5.3082638936782525
1640	5.2933796642729165
1641	6.046337725789714
1642	6.656794984932416
1643	4.3162799745537885
1644	5.737700233129519
1645	5.649355873476625
1646	6.712102796158728
1647	6.261122450318285
1648	5.492650335957296
1649	6.567904640682338
1650	6.378713047803779
1651	6.886816157561336
1652	7.754023078199545
1653	6.806386412963779
1654	7.382731700781733
1655	6.187696746924693
1656	5.373864378123968
1657	5.784677480179299
1658	4.45738834908638
1659	6.41130761701656
1660	5.525765750434641
1661	6.546430597050031
1662	6.466519474396827
1663	6.781538714296543
1664	3.8158046593889594
1665	5.569578244495366
1666	4.54694706601246
1667	7.2201346482064475
1668	5.654869249243347
1669	6.29229099546986
1670	5.064203080585382
1671	5.7821761420019335
1672	6.747084200930069
1673	6.296304868961063
1674	6.183665458731794
1675	6.00165869950849
1676	6.942353603133032
1677	5.040744268929521
1678	5.930555126130847
1679	5.890892066206012
1680	6.614629426430578
1681	6.5274088805262
1682	6.413907081381274
1683	5.851171499328213
1684	6.044219775779528
1685	5.3099928898664075
1686	5.683644506914009
1687	5.266404935857281
1688	5.850977556930194
1689	5.8702920714792395
1690	5.355046804295853
1691	5.1657562255232525
1692	6.344888119661281
1693	5.51574105458068
1694	5.764236500316828
1695	6.230188736994751
1696	6.202974637510346
1697	5.962575852204564
1698	5.3514983221324846
1699	6.315732268568385
1700	6.935202192873335
1701	5.10926392456067
1702	6.529621952316067
1703	5.393141249815623
1704	5.403777614034092
1705	4.789454158133594
1706	5.555221252883665
1707	5.536653653941014
1708	5.707409153973427
1709	6.3151084615303015
1710	6.442529270032035
1711	5.938708059889905
1712	5.73754102345556
1713	6.6188978001994725
1714	6.488717902204812
1715	6.689162917240095
1716	6.563815190490069
1717	5.313137920402611
1718	6.395941600629032
1719	5.140316923643695
1720	6.1585977522291895
1721	6.506682523904601
1722	5.255193317186479
1723	4.333880387904609
1724	5.369245923964716
1725	3.7856739301855367
1726	6.094834023953548
1727	5.9608910153619945
1728	5.686825268473476
1729	6.848990550813531
1730	6.082924521372964
1731	5.384876485529316
1732	6.420535260851746
1733	6.204358870316105
1734	5.367890614407281
1735	4.478265031314963
1736	5.686057462288193
1737	5.9275362146800035
1738	6.802834675370832
1739	7.155369033280294
1740	5.558289971805232
1741	5.668660657638351
1742	6.551383809631013
1743	4.323577738268516
1744	4.901006783937503
1745	6.591354379983386
1746	6.390668856807881
1747	5.612971396152196
1748	5.897207579342648
1749	6.816702300141675
1750	6.377778528856912
1751	5.631671546094974
1752	5.1357896324008
1753	6.332790339825971
1754	5.570754801375525
1755	6.40913066457957
1756	5.166445337213395
1757	5.837349375884514
1758	5.601481772447005
1759	6.894907611520274
1760	6.264230479450466
1761	4.2158507319520515
1762	6.372073597313526
1763	5.175240694891748
1764	5.681836488163647
1765	5.3592517632603025
1766	6.910667745915072
1767	5.57025819473133
1768	6.935674675685974
1769	5.303028371640142
1770	7.1360325201918995
1771	5.341500544390874
1772	6.684901451208414
1773	5.035098318284487
1774	6.54000546821197
1775	5.095905336738927
1776	6.185539958153018
1777	5.703443828800048
1778	6.66066817328101
1779	4.278261157264933
1780	6.330169645656133
1781	6.8639040949616446
1782	6.715835477153842
1783	5.65821193899028
1784	7.121418613702232
1785	6.183174701437594
1786	6.374508119700477
1787	5.500120021623412
1788	6.5843054270371795
1789	5.535045250823411
1790	6.6721100440971846
1791	5.209843802403797
1792	5.846559697813872
1793	5.415440729773966
1794	6.721903752619659
1795	5.174236433998243
1796	5.223615968197754
1797	6.1424177680430665
1798	7.75950302811468
1799	7.285305584298579
1800	7.058306747473517
1801	5.591313620804188
1802	6.311056237334075
1803	4.939883022198046
1804	6.301078115082679
1805	5.736731003737077
1806	4.524647208536043
1807	6.670948995173806
1808	6.059518628376159
1809	6.343708019310725
1810	4.880198917351663
1811	5.633998188469559
1812	6.3947802726991565
1813	7.37141093062558
1814	5.166241295390615
1815	6.588068122589695
1816	6.920284450833256
1817	6.064034529088531
1818	5.171501933894534
1819	6.585495094225432
1820	6.361601607587475
1821	5.478548173956271
1822	7.0456693692098336
1823	6.382656837555418
1824	6.1902613771099855
1825	5.648069373176743
1826	5.673686076406739
1827	6.5113533518100475
1828	6.077912963416782
1829	6.6465744071386075
1830	6.583541868681398
1831	5.6880159257977665
1832	6.619976499520073
1833	5.468869943787614
1834	5.606971011712001
1835	6.129651209476458
1836	6.114030328132988
1837	6.733297655518566
1838	5.861966597779161
1839	5.056026036633139
1840	5.632221732777543
1841	6.492389133264279
1842	6.60024318530984
1843	5.00939107902348
1844	5.590830659028143
1845	7.485117954818313
1846	5.729955640426409
1847	5.343687497484296
1848	6.482224754863777
1849	5.23179070694106
1850	5.1638770691643
1851	5.626186481512074
1852	4.798807962232137
1853	5.764261045236269
1854	5.28707626240461
1855	6.4355874531237145
1856	6.18670159406764
1857	4.640336074504173
1858	5.210457040506299
1859	5.87028547528419
1860	6.207952370738464
1861	5.58819429254072
1862	5.421114749616963
1863	4.6543951433634865
1864	7.0151827886052756
1865	6.087243380171627
1866	6.581669494928792
1867	7.588817846728489
1868	5.56588811301089
1869	5.397315426939735
1870	6.580501241023363
1871	4.948791850321868
1872	6.194870133740971
1873	6.11136340990973
1874	6.344629513571919
1875	4.994893436397736
1876	5.210929464652306
1877	6.30928522206297
1878	5.722498240735149
1879	6.175103439852913
1880	5.045983653309611
1881	6.145439456867547
1882	4.583066139214982
1883	5.6746504497843695
1884	6.370631780340581
1885	5.955838901005336
1886	7.40313120420055
1887	6.2309605657250025
1888	5.28359208812912
1889	6.9109971100336
1890	5.482010235670688
1891	6.446447636240295
1892	6.813604040899211
1893	5.107045672091079
1894	5.568959870062576
1895	5.901134911226109
1896	5.6818940759648715
1897	6.0647086607881215
1898	7.056878998725941
1899	4.766774232651537
1900	7.6516057509946185
1901	5.437117235945174
1902	6.851895730962444
1903	7.277314474425194
1904	5.658669471787289
1905	6.681724829554486
1906	6.432934964362842
1907	4.271745329649587
1908	5.156414006128519
1909	5.821276891790331
1910	5.775235509361468
1911	5.808848616088543
1912	5.760749253893404
1913	5.73447088087495
1914	6.408236053951883
1915	6.35060761529021
1916	5.127713363105431
1917	4.540131466346793
1918	5.659040725743398
1919	5.917224477663444
1920	7.023660412685086
1921	5.420529305314024
1922	5.886300063868664
1923	6.897271241709989
1924	6.269768248653299
1925	6.590102861876841
1926	5.7328973655749
1927	5.806673034344141
1928	5.135371302332108
1929	6.066434521490948
1930	6.5117283774155155
1931	6.63201959811704
1932	7.6159307536235525
1933	5.7238600924029015
1934	7.051619980018586
1935	5.385188302705064
1936	6.118112573665085
1937	5.193687495799401
1938	6.8084024879278555
1939	5.852702387538033
1940	5.604445053171366
1941	5.81714423244176
1942	5.850022729988651
1943	5.534528024087194
1944	6.447079111563249
1945	6.2685932900341275
1946	7.738292846140331
1947	6.981785956230995
1948	5.837945490942469
1949	4.575101019324441
1950	5.528569894837389
1951	4.534509680707872
1952	6.110627125624976
1953	5.130347952828743
1954	6.612379752260087
1955	6.96905775490616
1956	5.397542661843965
1957	6.09372167118247
1958	7.526383540911698
1959	7.476876962196979
1960	5.0364053690533055
1961	6.083566121334259
1962	5.899814071322215
1963	6.89247466085778
1964	6.575744471732261
1965	4.862066315542907
1966	5.23158013698911
1967	6.717546661925172
1968	6.084717990875125
1969	6.778086482059388
1970	5.404360925142721
1971	7.227307611153394
1972	6.445375382724322
1973	5.428395725337082
1974	6.220974766416475
1975	6.709135199180118
1976	4.798135200345244
1977	6.2982293250701895
1978	6.192752308951205
1979	6.04066755661093
1980	5.662145859693798
1981	5.617216309546219
1982	5.352470646869946
1983	5.313006301068526
1984	5.849434093289981
1985	5.7364866315721255
1986	6.91336046224959
1987	7.240241799941287
1988	6.642354929329956
1989	5.214722713807281
1990	6.268810842402986
1991	6.18196166776171
1992	5.245788726506048
1993	6.741817752684488
1994	6.924849099864991
1995	5.9354325294494625
1996	6.988694833527351
1997	7.262533479361862
1998	5.204821357776507
1999	7.406319510976651
2000	5.724838255844252
2001	5.787033895242282
2002	5.395633887421961
2003	5.365440812362358
2004	7.416117852980581
