6	5.621401586114391
7	5.784571546890263
8	7.4509806075309575
9	7.237003062846435
10	6.026907694011333
11	6.643230369278668
12	7.241996158848234
13	5.914221347162993
14	4.653694271867217
15	6.39434703343839
16	5.222396603011622
17	5.9239535124043785
18	6.54518541305163
19	5.8602212249811005
20	6.6820647283724
21	6.078200711825364
22	5.715184322052105
23	5.923323859944345
24	4.683250504946687
25	5.416320560711824
26	6.428124147985218
27	7.025671403670706
28	6.2461201070444705
29	6.572880009727999
30	6.793372684901341
31	5.836595656471631
32	5.187670471247084
33	6.66606455645262
34	5.852707283105701
35	4.649215381337221
36	5.472610429997945
37	5.48688771202845
38	5.149946877632264
39	6.041843034232015
40	5.247429526772811
41	5.413797220443182
42	6.978420066598321
43	6.571139697958222
44	5.521913070601538
45	6.21642032759
46	6.5398580678488365
47	5.757878408126126
48	5.7726127988371445
49	7.320007539496985
50	6.41825843829582
51	6.087668811448979
52	5.944760938198597
53	6.536925837343006
54	5.880643550727217
55	5.814143848199654
56	5.486290287376808
57	6.509390687837778
58	5.897377311238625
59	4.426406501040733
60	4.921882980006038
61	5.360436953358585
62	6.064033943683171
63	5.382553091166782
64	5.689940566854442
65	5.775159279566287
66	7.2281435038066775
67	5.488688850027581
68	5.675619462379254
69	5.477130335679768
70	6.8438281523532085
71	6.893638679486078
72	6.101434064807322
73	5.839831353241849
74	5.873689223235381
75	6.531087684084196
76	5.901396627184232
77	5.973443955297171
78	6.4100948396707
79	6.452800051440136
80	6.054077173884283
81	5.506477373103783
82	4.634805773276391
83	4.257806745496346
84	7.59584221811383
85	6.447813574675158
86	6.52526811353296
87	6.184650050149335
88	7.0440410440009895
89	6.2720215251316
90	6.393115270112633
91	5.821901093000633
92	5.896658960928326
93	6.227930014353155
94	5.752681957698255
95	4.8082848173621136
96	5.380279053907587
97	5.752868194508397
98	6.138126522829064
99	4.6576346675080815
100	6.476156888843979
101	5.760932448984802
102	6.711550067169645
103	5.884307707246455
104	4.6840222845848585
105	5.923368194885949
106	6.6230534494889435
107	4.869690322674088
108	6.297417463986759
109	6.782183383135707
110	6.281018535513298
111	4.768635811548017
112	5.381420384596567
113	6.349843437194359
114	7.318865912861143
115	6.564849545361669
116	5.449282522918656
117	5.427970401945761
118	5.302549574023073
119	6.02816577470962
120	5.820428857426062
121	6.352518061409333
122	4.675311141279632
123	5.189715048728081
124	5.817207733492574
125	7.033949852313769
126	5.761785918603821
127	7.283700137664379
128	6.076035854283837
129	7.806112937065978
130	5.150098023757515
131	7.1926754081522475
132	5.846176131068205
133	6.43682126105475
134	6.2983973280247305
135	6.00822619142812
136	7.362792755455685
137	6.632676986290823
138	6.110494205758663
139	6.172550236103186
140	4.784191901609037
141	5.7921536652688195
142	5.843358430986303
143	5.777862265321649
144	5.066941590439195
145	5.711892184740766
146	5.9180397985237505
147	6.738427218811756
148	7.917775527121973
149	5.1523023541623845
150	6.649390600745392
151	5.497348913958858
152	6.206517652484011
153	6.757540194594817
154	6.0690295155545755
155	5.221189036409487
156	6.613905098514144
157	6.178678124113503
158	5.0705470057426005
159	7.131861555515735
160	5.51793574667277
161	5.701762935513651
162	6.318330503718244
163	5.3546432028101245
164	5.640441514886966
165	5.272436612079708
166	5.577445424492117
167	6.657242599518559
168	6.921476475715134
169	6.586227383230032
170	6.736410139188306
171	5.637698300620699
172	6.263382081973962
173	7.140883984892174
174	6.079155779169093
175	5.843764576823742
176	5.872885668337638
177	7.067969887457653
178	5.036081617549908
179	5.460307440390655
180	5.628373044217534
181	6.3488638427876865
182	6.610617100500967
183	6.217733074375213
184	6.217853877705056
185	6.102185482204032
186	5.056841940174902
187	4.279409846118562
188	6.066457643177947
189	6.623820834893559
190	6.016965129294679
191	5.060234239268875
192	6.324254269640993
193	6.40602286151954
194	5.882103475930098
195	6.0169874426311045
196	5.346973434980707
197	5.972127174025732
198	5.990471741693439
199	6.1980399648087126
200	6.471444373515127
201	6.6116156081989175
202	5.572517144760985
203	6.359140409645624
204	6.233487129093891
205	5.881944348955239
206	5.430238778483666
207	5.000600766071952
208	6.007196655232781
209	6.463059817944764
210	5.9728197668465
211	8.590451414283597
212	5.255771558727199
213	6.0881259714257006
214	7.040251845445407
215	6.7971327695013315
216	6.619338308957308
217	6.707076193795989
218	6.758016073509309
219	5.125744123072807
220	6.23344467856697
221	5.143846933580459
222	5.298859798375052
223	5.948556888582451
224	6.506904435685741
225	5.520816667272416
226	7.231361884192227
227	5.873334549412538
228	6.3390315990279005
229	6.288066249430091
230	5.60352324952255
231	5.835297356311528
232	6.576460886869675
233	5.499738840332032
234	4.9571144876813795
235	5.367162625708651
236	5.441708706088657
237	6.217708039690883
238	6.79078772581488
239	5.589820278988695
240	4.570035000680946
241	5.891579417125322
242	5.902197278840633
243	4.70815115636766
244	5.470386739807436
245	6.825077244046649
246	6.348346531650923
247	5.96018700732272
248	5.298241284332194
249	6.30506522605574
250	4.672375817767769
251	4.850909745497726
252	6.643470041260834
253	6.488007953871231
254	6.133698382647708
255	4.959348610461862
256	4.815113601395172
257	6.470040056814988
258	5.359588783338867
259	7.147584023214655
260	4.521598721076523
261	6.028687567610177
262	5.283064143327162
263	6.030099002262274
264	5.351933949608462
265	6.200128431342925
266	6.672799054783536
267	5.692858087566779
268	5.543072910866399
269	6.365201505792687
270	4.79038597402905
271	6.2861327673375715
272	6.327846655426547
273	6.608759459402216
274	5.300774120289134
275	5.787658072490428
276	6.174857930278391
277	3.1443209123066884
278	5.50340380859085
279	6.284399402597046
280	5.869087973416754
281	6.936865888056619
282	4.9678461314179
283	5.622511772062773
284	5.59692121577973
285	4.658655159588141
286	7.466406595204836
287	6.19453035220271
288	4.666614445841406
289	5.021538240696827
290	6.176847024474145
291	7.203098206858461
292	6.465625075293549
293	6.462670987199527
294	4.828272309617694
295	6.086329019750702
296	5.6434342541959435
297	5.2697526259157295
298	5.906399983207747
299	5.362527649180265
300	4.8670805162983015
301	6.800848588588996
302	6.431888615865068
303	6.891679609964033
304	5.639180081851709
305	6.433691320300568
306	6.1302095351307395
307	6.325296072631083
308	5.8482118360926
309	6.074876369503644
310	6.142682839037401
311	5.766420353040303
312	5.213550447396604
313	5.928612145230132
314	6.685103635832395
315	5.497903175427512
316	5.750920643201372
317	5.717945194847953
318	5.7128505831893435
319	4.939286639318611
320	6.921269814658444
321	6.331884372564964
322	5.934361837177263
323	7.356842858614982
324	5.3960348048325
325	6.176805590814463
326	6.364298081656811
327	5.800104282971006
328	6.195292177891436
329	7.032201913021988
330	6.141090169136078
331	5.759730087479022
332	6.826998430136074
333	5.966178568581159
334	5.962909050000905
335	5.605258418792139
336	6.554267248841755
337	6.543968534258469
338	7.042794316861546
339	5.4300502868697675
340	6.622917721157565
341	5.920529429718347
342	6.518415773545192
343	6.100409473545606
344	5.660479282973525
345	7.11784142927354
346	6.033780456845777
347	7.0190036715860264
348	6.1610554036324965
349	6.044338552737967
350	6.410139394934168
351	6.281932369215065
352	6.683454463318749
353	6.856157532389625
354	5.7117665388707435
355	5.376079609290981
356	5.271269155752379
357	6.995342708039309
358	5.525854436609034
359	6.101274021377321
360	6.4773647800017065
361	6.427933153690121
362	5.247286169988981
363	5.841573359753491
364	6.075733842009581
365	5.715887689036511
366	5.50410870631822
367	5.104374711738353
368	6.339083942533762
369	6.935808966384054
370	6.651807841142941
371	6.638672653858329
372	6.20109108194265
373	6.21438933046143
374	6.276863200473599
375	6.013498503889423
376	5.301806921517709
377	5.273123023994871
378	6.35136739692911
379	5.448149825313261
380	5.304060003102114
381	5.57540659944708
382	6.270703873213444
383	5.4898361032761525
384	6.608468006710367
385	6.2584841463351895
386	6.193869393517768
387	5.41429639324567
388	6.6205648337578165
389	5.9948940599958105
390	6.857276716575143
391	6.377357228299264
392	7.670634413596417
393	5.5258951792467
394	6.76537815670963
395	6.182219526342426
396	5.405550859125056
397	6.258435894752873
398	5.4739522506512
399	4.99143925763201
400	5.103093467381162
401	6.120360937198192
402	6.027868117420439
403	5.778677071160928
404	5.277434629488898
405	4.93605834312737
406	6.782942163435192
407	5.510029429842358
408	5.485065337776905
409	6.038316990609746
410	6.658025530538344
411	6.961054182576481
412	6.02387981641955
413	5.730056483058117
414	5.954087184558279
415	6.9579572787358
416	6.37685789988609
417	6.050975904174805
418	7.0412230250778896
419	6.562460721550451
420	5.522205825240235
421	5.013386858277954
422	4.553784460596614
423	6.40470592451255
424	6.860297112475129
425	8.078736341390242
426	5.810258551805005
427	8.060378821629067
428	5.194504908163383
429	6.796461025883099
430	5.9938114814523775
431	7.41954811637008
432	7.292431752613718
433	7.509858340747252
434	5.907683857289764
435	6.473562537305183
436	5.915527313942616
437	5.577318075429907
438	6.340966402062667
439	5.035446168049627
440	5.70596933604218
441	6.6631318263893125
442	5.348918676194444
443	5.8673890784266405
444	6.310939005268405
445	5.761895137716136
446	5.8970968909966555
447	6.7733618376598885
448	5.893141950290926
449	5.156119648276621
450	5.402256254333354
451	4.993835010831909
452	6.240773347767324
453	6.466256055452894
454	4.53681048093408
455	5.417861086327321
456	5.556357967154327
457	5.679888014967384
458	6.940773353392545
459	7.101645914630757
460	6.092959727582638
461	7.2946380404702555
462	5.687245131293484
463	5.574696170570678
464	5.627636766369472
465	5.434697138776149
466	6.597624325344805
467	5.926988763555225
468	6.272182196152594
469	6.189949188100519
470	5.694971200973007
471	6.70552817432973
472	6.179144644056743
473	6.03879681218227
474	5.773143283488545
475	6.110756924084853
476	6.009703574346181
477	5.855212987586856
478	5.448112343498823
479	5.263307901609611
480	5.2954792760376055
481	4.084464265336895
482	6.546181209239876
483	5.374469556655227
484	6.437510991447198
485	6.238896303172051
486	6.492994340441381
487	4.82146826417143
488	6.186527014082379
489	5.807815368728959
490	5.549693915613461
491	6.030553763947682
492	6.291787317526401
493	6.3114666205753265
494	5.553313113677387
495	6.212659293991359
496	5.9402511593429015
497	6.284768322120805
498	6.144131216641241
499	7.113740158586196
500	5.082510830985848
501	6.502372555639696
502	5.898198879387399
503	6.942290708817179
504	6.376698097133508
505	5.91587130831197
506	6.441541205418097
507	4.528928571659459
508	5.460790754055463
509	5.019808035419809
510	6.057845481438562
511	6.571039042933585
512	6.5408236474183425
513	6.216565748226871
514	6.329648717640616
515	6.454033144167624
516	5.890776535297681
517	5.66422480602598
518	6.3368966656384025
519	5.122457448742352
520	4.272856730867976
521	5.824230390303354
522	4.432612157550782
523	6.6268491921339026
524	6.838375603896566
525	6.310373162751569
526	6.2105664724755725
527	4.7719359257633025
528	5.577221968391148
529	6.3029440354183315
530	6.230946246038555
531	6.192803254161306
532	6.417232635943219
533	7.103557893053883
534	5.837308763505214
535	6.400000674098366
536	6.333764612357217
537	6.253779507433886
538	6.121410562865397
539	6.849869180136011
540	5.601838088201475
541	6.6293253023987235
542	5.936650955933146
543	6.706038898867766
544	4.786588887811046
545	5.8726112832713016
546	6.282363784959
547	6.400869843860467
548	7.131386821769411
549	5.4946217464040155
550	4.471086499609307
551	5.771606879604335
552	7.0674203856925795
553	5.069728455236182
554	6.096723194921478
555	6.4465996805912535
556	6.354069650522433
557	5.8146222718351055
558	6.091779583948664
559	6.2243651780903475
560	6.34306189455674
561	6.155756360489047
562	7.659836852370063
563	5.293490672724381
564	6.358984038158087
565	5.230676592891349
566	6.135910229927574
567	7.4492135446053
568	6.193218880483662
569	6.008939095855264
570	7.874252748501021
571	6.652851549111074
572	6.067716259894391
573	6.540390360031531
574	6.123618641481946
575	5.05819176933834
576	6.298226613987936
577	7.238617098058707
578	5.992503224485765
579	5.7207244653060725
580	5.167394017175722
581	5.754655263988146
582	5.745872802293414
583	5.862428811292544
584	5.886494075502817
585	6.3820874268601
586	6.746968605883281
587	5.8063077032898684
588	6.6203771231812425
589	6.092351502560632
590	7.4951193166780286
591	5.453385854843478
592	5.92538183425287
593	5.592821046715306
594	5.298040426792189
595	6.055986411354612
596	5.734498543908227
597	5.793584422236087
598	7.340814582819196
599	5.734041216619186
600	7.083388118152718
601	5.659538585266809
602	6.03785353324278
603	6.175184728443408
604	6.69016458947278
605	5.904395403582991
606	5.793510004634126
607	5.522968617937295
608	6.044802301652575
609	5.564619084067332
610	6.2017547591274385
611	5.681876204044481
612	6.993651734602351
613	7.075151149220931
614	5.660095061898271
615	6.308605963723613
616	5.982038728024166
617	7.1961148303623
618	5.694842953822532
619	7.009040978277982
620	6.9120976790519695
621	7.397439863090403
622	5.22919694738704
623	5.932165318883066
624	6.765543495124968
625	5.732266485072231
626	6.008675842550988
627	5.943456303077535
628	5.596728372900873
629	4.549122531169458
630	5.263799714896595
631	6.8154583676546086
632	4.964608286604441
633	5.893156845513398
634	6.721210941466359
635	5.875764923337847
636	5.225554374633551
637	5.686978302160489
638	5.317328077612911
639	6.071198951664635
640	5.991832209605491
641	5.9006541203505
642	6.411309553825829
643	6.618086705844279
644	5.305138892323996
645	5.0131639697052455
646	5.550360107941455
647	6.348301211583682
648	6.9548913137034765
649	5.872266230605809
650	5.468594630830921
651	5.518148149490695
652	6.219536190297609
653	5.35745562117939
654	6.1926366183838315
655	6.331341118920439
656	6.637842743979911
657	6.6351959001900545
658	7.106165928284948
659	6.17716442631735
660	5.857277890296515
661	6.282776153529994
662	4.579601180298548
663	7.24964986302269
664	7.481294272208205
665	5.648565390850822
666	6.648926878749625
667	7.430987158010754
668	6.059100058036468
669	5.654140118931537
670	5.18285203789128
671	7.233840184169821
672	6.1983940700672315
673	6.606067126336381
674	5.9913185685290955
675	4.8919783569014585
676	5.464734900155631
677	7.335382670690508
678	6.007689406028173
679	7.731360480422154
680	4.989797032684745
681	5.518131093806005
682	6.377058663270681
683	7.76094798641538
684	6.68296596752903
685	6.023755335746011
686	6.274585488981203
687	6.787431977911513
688	5.152690708462615
689	6.431971421789216
690	5.266958785592578
691	6.362085107242985
692	7.244766575096744
693	5.85558915460327
694	5.773310697330586
695	5.383604414694544
696	6.4724079632787435
697	6.6778043444765816
698	6.35330532254884
699	6.787152089833398
700	6.326883875258157
701	5.183472305293316
702	6.112486573285423
703	5.830074590015491
704	5.870500055351295
705	5.86588009599308
706	5.73314642912573
707	6.761332521999619
708	5.739475168938622
709	4.582375368045177
710	6.009872930776328
711	5.728734859331187
712	5.667571276542731
713	6.405100355028959
714	5.712197799590956
715	5.099067944891589
716	6.159135814472709
717	5.899529626631799
718	6.263202397734858
719	6.239276427992578
720	5.358428128706291
721	6.052023151573995
722	5.647653434140187
723	4.966869389987551
724	6.544522094492362
725	6.178969391505234
726	6.762605093095252
727	6.668177045811899
728	4.439879826776197
729	5.27230519222212
730	5.652658946452783
731	6.435790780582465
732	5.709527636489033
733	4.757891166599519
734	6.885509453742998
735	7.1334822671643145
736	7.639983000020341
737	6.4659510575500985
738	6.801647031013595
739	5.435349821547368
740	5.593068157304795
741	7.11016945120046
742	5.2426430257588725
743	6.610789995013167
744	6.32065141371917
745	5.938704985745803
746	6.106951152970497
747	4.90277428355068
748	6.926367287548991
749	5.101413648484437
750	6.463245797952961
751	5.687365855282406
752	4.82222026927174
753	4.9513593687378386
754	6.256265645985527
755	5.45414592292601
756	6.207300681723819
757	6.019233231475069
758	4.592243947853733
759	5.352507900549373
760	5.380869965301827
761	6.1462921961335395
762	6.379268666147254
763	5.139290048701999
764	5.689199449572091
765	6.0455230070409645
766	6.423308509305808
767	6.161736553862945
768	6.148091685531351
769	6.050276234862395
770	6.302161239976571
771	6.568574169767089
772	6.429236095710869
773	4.9790261270365965
774	5.874398529292429
775	5.84524837038903
776	6.567472865513992
777	5.77440549050807
778	5.628726303847673
779	6.034319874095011
780	4.778540498555892
781	5.9361750374561835
782	5.980289409482132
783	6.373567461734638
784	6.622155457187225
785	5.314951022848531
786	6.29540946787068
787	7.20593790024913
788	5.449586294656102
789	6.292802374960889
790	5.586275062656829
791	7.714009861319533
792	5.633820636741196
793	6.163588221288389
794	6.042628265527153
795	6.50305531075823
796	7.366744636551529
797	5.730118807297773
798	6.963945743990028
799	6.238126839112834
800	5.728597726429934
801	6.280708109362009
802	6.353987505291833
803	5.303449142408291
804	6.467642406588076
805	5.596934382202259
806	6.255487960926257
807	6.414540827041492
808	5.95633030787964
809	5.359383299655747
810	5.7302857774848235
811	6.326501597134795
812	6.219173145880632
813	5.183446140691208
814	6.799389181698923
815	6.257684718970268
816	7.0754434385677225
817	5.337725224708927
818	5.625144366439882
819	5.21438574841754
820	4.5830735732183365
821	6.179417286986588
822	6.321065405532236
823	5.791548181282864
824	6.127132636024961
825	4.908164006514092
826	5.357711948409108
827	6.735387084186422
828	6.560261605893694
829	5.41329653353896
830	6.82132709627141
831	5.303004899129379
832	6.636750372961852
833	5.522160600886722
834	5.746554247082465
835	6.634888179410648
836	5.646530824042308
837	6.3240164612388154
838	5.39819470585992
839	5.903809660010187
840	5.306068543071413
841	6.303030150287668
842	5.18970903369417
843	5.678439539965863
844	5.61743367602583
845	6.734227599648182
846	5.887319857649424
847	6.889468992812908
848	5.072612560999749
849	6.284222787583311
850	6.196271482825978
851	4.9391481469527045
852	5.659722010837868
853	6.006802988659519
854	5.700990603910759
855	4.947325870334171
856	6.015385028157782
857	6.260557854865228
858	5.781121088740682
859	6.273496718287788
860	6.5113130411303315
861	5.742433807028768
862	8.106275319037112
863	6.020795118914416
864	6.160188947485662
865	4.418930891784839
866	6.644221178786312
867	6.755002422827399
868	6.18124051670505
869	5.633903758838477
870	5.406035415185413
871	5.327846589579712
872	5.650364235307699
873	5.527367322351148
874	5.640510930232704
875	6.763701195991598
876	5.969221039593254
877	6.025646484418151
878	5.83816999519643
879	5.637237817303416
880	6.062626007729425
881	5.512955115377818
882	4.925048022921795
883	5.878599958833428
884	6.283106606448365
885	5.709759948836443
886	5.814011220404479
887	5.09258970699126
888	6.085729381079664
889	5.754427186699341
890	5.185508291028734
891	6.036111787768148
892	6.582298614615057
893	6.024585887137801
894	5.707395996815259
895	4.5708547159098085
896	6.173887116518537
897	5.302724032357219
898	5.637213836821471
899	6.678957918645917
900	6.539599018432482
901	5.320077759537684
902	5.739192452359323
903	6.466816027183086
904	5.945177603565918
905	6.1536603666103
906	5.989747014959963
907	6.258684966523476
908	6.107506773621675
909	5.325551513566594
910	6.7579462864162885
911	6.666556090051017
912	5.5672542929856315
913	4.773118627389582
914	6.5165130863689615
915	6.689981723523132
916	4.311079077134111
917	5.634661022016579
918	6.753889647840489
919	6.921335588687928
920	5.753813576768152
921	6.475114424605495
922	5.9683532709763805
923	5.745783360629242
924	6.079617928286704
925	6.071757190186824
926	6.519972554048184
927	7.128630708099254
928	6.439661190709255
929	7.111391358426772
930	6.67860199016033
931	5.503822897753707
932	4.5528056280842675
933	5.989159891825962
934	5.11920072385692
935	6.055753304146823
936	5.456849176835801
937	5.247761576056845
938	6.903765905670298
939	6.685702743565502
940	5.414430818327953
941	6.853061999402646
942	5.958809467862643
943	5.178441937577813
944	5.235274429484788
945	5.717391166316632
946	6.242949793427742
947	6.51567595382221
948	7.120738677664618
949	5.665739008402654
950	4.774871876284791
951	5.7423142248083385
952	4.821547560589599
953	5.474482356706479
954	7.188395938741797
955	6.379917910404037
956	7.339271798102085
957	6.730604371844259
958	6.220785696849426
959	6.101351960437439
960	5.111058881411075
961	5.757282288717106
962	6.512199816055363
963	5.06443204560869
964	5.806555758971213
965	6.938001633905198
966	5.9238463888061235
967	5.927264553286429
968	5.849939938803965
969	6.364459135252136
970	5.951106681215132
971	7.17545337700422
972	5.250835742897597
973	5.768125085994446
974	6.184533468200825
975	6.93394671057367
976	5.75755094553137
977	5.519194925691755
978	5.510205163271166
979	6.163595565379365
980	5.530743476007164
981	6.528944946115371
982	4.817525571713963
983	5.255650957422664
984	3.8951094544609077
985	6.076057212692204
986	5.266495976631564
987	6.49824997986181
988	5.6968610031626135
989	6.69184120267164
990	6.1376072926213965
991	5.405687499690843
992	5.416513855704882
993	5.455079607131086
994	5.095437138068239
995	4.69708692284677
996	6.516667635969093
997	5.584849329436785
998	6.27953755496128
999	5.109407540211188
1000	6.004974776594382
1001	6.280719437838896
1002	6.438221011745433
1003	6.626407311502684
1004	7.529217274809655
1005	5.491515760537004
1006	5.520796322754746
1007	5.998096579411067
1008	6.194858699082397
1009	6.113423208638682
1010	6.247697118450613
1011	6.288368965943598
1012	6.264786166937223
1013	5.975774034083931
1014	7.001255243392661
1015	8.04157478038022
1016	5.895443340975114
1017	5.797325717348775
1018	5.307542401255342
1019	6.955483452300541
1020	6.940966015900485
1021	5.904069518280702
1022	6.006015116549356
1023	6.158996431615378
1024	6.144222576265188
1025	6.125481098167304
1026	6.45417626454171
1027	5.291523448005319
1028	6.205865597277547
1029	5.360610223672767
1030	6.618937181382391
1031	4.890322622431753
1032	5.564050605678598
1033	7.085697608670064
1034	6.052330400598955
1035	5.840834429429378
1036	5.942369607615877
1037	5.847232788676463
1038	7.061663750447333
1039	5.917932183976518
1040	5.502845209107086
1041	5.839410868330478
1042	5.331271499172241
1043	6.243785524959094
1044	5.893145356111096
1045	6.104990616518383
1046	7.647288098073289
1047	6.113566750576461
1048	5.390404963163072
1049	6.682150953662737
1050	6.129528169611307
1051	5.5184271851137865
1052	6.435087875135381
1053	6.62503034585259
1054	5.38625782999831
1055	6.6777784171704715
1056	5.603009892063902
1057	6.2882956850360365
1058	4.9600661161821336
1059	6.174989267845046
1060	5.399147809007326
1061	6.36685059312731
1062	7.292942141708745
1063	5.234116743085906
1064	6.438064487842245
1065	5.0349654104276045
1066	5.840534694776263
1067	5.549968189189465
1068	5.644624214055703
1069	5.231654463426979
1070	6.7956076386188595
1071	7.402870845252081
1072	5.812356012555855
1073	5.085515322163701
1074	5.636774619909652
1075	8.000278424196454
1076	5.281764740731729
1077	6.865250866294706
1078	5.427242704026867
1079	6.313636184092267
1080	6.020002560584214
1081	6.597190330101347
1082	5.961098383544013
1083	6.1779385647872305
1084	5.608514981064945
1085	5.407071561153446
1086	5.826317874005153
1087	6.620846175061735
1088	6.377401224622089
1089	5.397193034373534
1090	5.428783244927347
1091	6.3247598432677075
1092	6.340322503789017
1093	6.400363119594245
1094	5.749155280069988
1095	5.9968512769340085
1096	6.123129492299631
1097	5.411463831055669
1098	5.32078379925224
1099	6.21039285720326
1100	5.4083611864109775
1101	6.242830833089293
1102	6.793727417259702
1103	5.8411762419622395
1104	6.3570224113721885
1105	6.396302545369652
1106	6.2719608741507935
1107	5.068008145408543
1108	6.0516456551267765
1109	5.155271500788836
1110	7.042108680509652
1111	6.004932412499329
1112	6.321262689155992
1113	5.007032341246183
1114	6.56858663984652
1115	5.6919374800345395
1116	6.763596988627282
1117	5.678675808698042
1118	5.413207157402329
1119	6.087816244889317
1120	5.62301763980132
1121	5.946647077129455
1122	5.589813764509745
1123	6.367927056123418
1124	5.359690852186066
1125	5.862326836790889
1126	6.129338379707546
1127	5.916288657552706
1128	5.966590784348385
1129	6.337379339278083
1130	6.8247333347636205
1131	5.578711006259546
1132	6.4780810547041865
1133	5.330049478010131
1134	7.212436615407248
1135	6.38015124356607
1136	6.649249788086094
1137	6.393301836934618
1138	6.42537167119074
1139	6.470469731016476
1140	5.74733220932103
1141	6.859440210336623
1142	6.348058843155108
1143	5.438560786571256
1144	7.425702323661307
1145	5.23970191400232
1146	5.67259177700099
1147	5.511917000058694
1148	6.5580784987676175
1149	5.1221096756977635
1150	5.890778230085712
1151	7.053627140514436
1152	5.2027946148921425
1153	6.278144468542781
1154	5.7500873147933325
1155	6.7763179847160755
1156	5.563654504201718
1157	7.170424775993028
1158	5.623736618746382
1159	6.300880345981568
1160	5.677438080272016
1161	7.013625979487022
1162	6.9140438880189325
1163	6.443671553657623
1164	5.932234517548101
1165	6.5827089595361885
1166	5.955351744254585
1167	5.74866934753347
1168	6.5688095364253964
1169	5.812790853889002
1170	5.0813981162034905
1171	6.284840144406728
1172	4.540022557469733
1173	5.014945496472397
1174	6.4153711653221395
1175	5.436771299628737
1176	4.898794045427903
1177	4.68705847448386
1178	5.359675683456683
1179	7.032388866605723
1180	6.157323614969342
1181	5.917492344742641
1182	6.531602703974824
1183	5.187734173547307
1184	6.478823359106452
1185	7.963209097928484
1186	5.9047675328956055
1187	6.125736016198061
1188	6.176268336906408
1189	5.875757741713897
1190	7.282120845463526
1191	6.965292291103029
1192	6.872329379273155
1193	6.134865175335385
1194	6.319929953257088
1195	6.481085657343889
1196	5.179951018986425
1197	5.720807540016249
1198	5.345990642142068
1199	6.481668086915181
1200	5.750375833309425
1201	6.770529979129175
1202	6.954823890151456
1203	4.687370628622982
1204	6.6808547034161165
1205	5.765027680931698
1206	5.747989957919344
1207	6.654369365235436
1208	6.552532869067205
1209	6.935229224982322
1210	5.8615994312241675
1211	6.784585303189233
1212	5.708754374441924
1213	6.475618116271037
1214	5.552395293893489
1215	4.785604266462063
1216	5.476622381850823
1217	6.24412227614731
1218	7.006989858429214
1219	5.290423617507755
1220	5.960063650228012
1221	6.872612545990186
1222	6.3797935271635655
1223	6.670533621011095
1224	4.954871959272875
1225	5.4085503123804095
1226	4.871352706803009
1227	5.821369965078442
1228	5.806648539749651
1229	5.449888098742003
1230	5.66987074741628
1231	5.804578146198764
1232	5.057405999628827
1233	5.326194496560757
1234	5.722959072087319
1235	5.434922965793786
1236	6.5261880541524
1237	6.056690173495251
1238	5.874426271148527
1239	6.216273337896184
1240	5.980801624963836
1241	7.037675356249446
1242	5.428608050302568
1243	6.231833890041647
1244	5.705129103015431
1245	6.329141986565306
1246	5.89518689658005
1247	5.1545176021437245
1248	7.409912532014358
1249	7.351910163944757
1250	6.646796741383151
1251	6.1488490971470515
1252	5.213824085852441
1253	7.602125621203763
1254	6.528484942391515
1255	5.965396156947298
1256	5.45881311331918
1257	5.362111792383391
1258	6.978317249133917
1259	5.547607131265594
1260	5.774107451515738
1261	5.065416671445985
1262	5.423959635780193
1263	6.302725227801905
1264	7.279823821335514
1265	6.188926922614445
1266	6.082428354993821
1267	7.304738454040489
1268	6.488812296921387
1269	5.487010448747738
1270	6.738147947319743
1271	5.5273402153621785
1272	6.478097053456374
1273	6.1846806437771935
1274	5.693155928381851
1275	6.469130081729963
1276	6.803036498130058
1277	6.90035212916322
1278	6.653753014625094
1279	6.34123937622644
1280	4.981400333717465
1281	6.49049249466043
1282	6.710704579777286
1283	5.291118906721329
1284	5.613404727288677
1285	4.900296856278808
1286	5.9668672741390765
1287	5.175984344031248
1288	4.809470804563413
1289	4.752175455458928
1290	5.599080790839109
1291	5.7574601067296625
1292	5.951750758307753
1293	5.263831375875389
1294	6.19693275129733
1295	4.330056840680879
1296	6.500323195665799
1297	6.346819015939466
1298	6.5095823271641216
1299	5.927388623059759
1300	6.363151682109606
1301	6.471447387489024
1302	6.780006059932268
1303	5.197179607266341
1304	5.499002481500308
1305	5.357867767714197
1306	5.0441903451283
1307	5.807321156019016
1308	6.879675512069038
1309	5.918761892146186
1310	6.703973717596715
1311	5.713906732538496
1312	4.8501576824397175
1313	6.2889725511245755
1314	5.791865430229033
1315	6.19032666968325
1316	4.036999385194997
1317	5.815530664189002
1318	5.575033114513975
1319	5.553474738595209
1320	5.462422713526481
1321	4.7439611855335535
1322	6.8758068538930575
1323	5.561247660400113
1324	6.709269580826082
1325	6.627178528612213
1326	5.673136845887215
1327	5.299589637851599
1328	6.171798876981484
1329	4.904726591648623
1330	5.311721136750378
1331	6.330608124244743
1332	6.576389209500381
1333	5.969063465112682
1334	7.122976409088421
1335	6.389991166302934
1336	5.61852094057637
1337	6.010339313542799
1338	6.3864027459235135
1339	6.257938152740655
1340	6.463674472460267
1341	5.746735466980478
1342	6.457109390958694
1343	5.631585141602794
1344	5.562997527716851
1345	5.642522771505173
1346	5.806545966099399
1347	5.926217047630677
1348	5.790571239618161
1349	5.67097699329651
1350	6.031698388836554
1351	6.465013635243572
1352	4.820256779808551
1353	5.516837004931983
1354	6.358269998901373
1355	7.296012904801357
1356	6.585208555248202
1357	5.020175578282215
1358	5.852587558620144
1359	6.799017000760484
1360	6.839418328832835
1361	5.4947912107270795
1362	5.613579787584022
1363	5.586502660683396
1364	5.293145817784785
1365	7.964344724686816
1366	5.4111626567319036
1367	5.627478265576064
1368	4.6778187128194775
1369	4.950220679105057
1370	5.595923116501502
1371	5.483349388633441
1372	5.675642972221025
1373	6.42929041561332
1374	5.313448992066292
1375	6.490688108265973
1376	5.539871992689937
1377	5.516360635771171
1378	7.059694883551194
1379	6.445651573753965
1380	5.768928137598559
1381	5.540807572325043
1382	6.691027273915501
1383	5.518529023013442
1384	6.223303683238618
1385	6.213105836999603
1386	6.1503279249882326
1387	5.430021453899546
1388	5.80621563938413
1389	5.392056638498188
1390	6.923143285219199
1391	6.432476960684118
1392	6.351755817634984
1393	7.243639553642078
1394	5.745537139009684
1395	4.8930081785108674
1396	6.184564518019263
1397	5.515955626515539
1398	6.638926160612351
1399	6.542747113305857
1400	5.973013232573462
1401	5.1580791257035274
1402	4.438875230223251
1403	6.1509526295489385
1404	7.098041237406766
1405	4.750423527879478
1406	6.152522590443758
1407	7.339386518895626
1408	5.400802415795624
1409	5.909157957468944
1410	6.662471551207248
1411	6.3168516964392945
1412	6.4601473471319135
1413	6.8831175322527995
1414	5.955792521955446
1415	5.008176282639257
1416	5.512695568364246
1417	6.014882127684541
1418	6.253209889130367
1419	6.035188774800017
1420	6.774839662258392
1421	6.783327394892694
1422	5.889733960087012
1423	5.577742566926948
1424	7.447765199060086
1425	6.213295606765896
1426	7.354409768194374
1427	6.210644165752456
1428	6.264632201016259
1429	5.682029973237628
1430	6.062999055074949
1431	7.063322747645613
1432	6.8239411318458485
1433	6.706701767421327
1434	6.503836068021359
1435	5.53625710589174
1436	6.9398595126438885
1437	5.237879800347044
1438	6.065805818080359
1439	7.056818835747738
1440	6.605708256887738
1441	5.644632781406732
1442	6.151698230938227
1443	6.619776922302615
1444	3.8882064671830876
1445	5.114630010958838
1446	6.525208243156636
1447	6.088323736796156
1448	5.275909654015014
1449	6.156999874420257
1450	5.79724732328307
1451	6.677864425799011
1452	4.566904669099201
1453	7.137048190653634
1454	7.03665134220627
1455	5.579652795509901
1456	6.562075495811017
1457	6.70497215203131
1458	5.71406690544349
1459	6.792963240315895
1460	5.596212323737116
1461	5.763477506804401
1462	5.348771355622872
1463	4.768057151714207
1464	4.928707833965554
1465	6.131071421470759
1466	6.369367438995351
1467	5.85030148213818
1468	5.981950010272807
1469	4.676358075543808
1470	5.604156288465796
1471	6.212767181219533
1472	5.1227474587891875
1473	5.6222574362414885
1474	5.883709301689157
1475	6.516373009696095
1476	5.796456418588366
1477	5.38510613393737
1478	4.240541009271207
1479	6.004260036533444
1480	6.387670935514117
1481	6.419132172259399
1482	6.241878778440878
1483	5.352114581064704
1484	6.0838683296115725
1485	5.926100197185476
1486	5.539523878768604
1487	4.623052761407086
1488	4.868714339099824
1489	6.416501961081572
1490	7.05665523525224
1491	4.80480160866864
1492	6.845211551450193
1493	6.832489070584997
1494	4.80795260349734
1495	5.360018270375969
1496	6.784498873528921
1497	5.304753149352369
1498	6.3470298045952065
1499	5.810802047291552
1500	7.5810497231893885
1501	6.4014387230007825
1502	5.334577570569569
1503	6.777344948627675
1504	7.473755275894126
1505	6.683249113018974
1506	4.955195875998972
1507	5.54393652880522
1508	6.737499003076837
1509	5.787853977701161
1510	4.662482808994386
1511	6.589550089115571
1512	6.931025213284057
1513	7.0953150803855225
1514	6.644400585644568
1515	6.761085109190187
1516	5.895492383229014
1517	5.486207367763633
1518	5.776783610288812
1519	6.118193382222671
1520	7.147143775698446
1521	5.290171970957485
1522	5.881571017904207
1523	5.1192398411687465
1524	5.588912709161047
1525	7.242722242505157
1526	6.483415400467651
1527	5.409481056258441
1528	6.380537106091372
1529	6.589611991581952
1530	7.014573598522693
1531	5.416585582870004
1532	4.5943407378138295
1533	5.724743414588054
1534	6.984343967423774
1535	6.6080889544935655
1536	5.135706428095307
1537	6.414040293028254
1538	5.822300337900577
1539	5.965145808548721
1540	5.823631935617111
1541	6.152457419121638
1542	6.19971479757482
1543	5.929717493194499
1544	6.920496820023766
1545	5.119638091108452
1546	6.115481003217966
1547	5.090027804761617
1548	5.306109930031068
1549	6.1790333304300225
1550	6.742886706255376
1551	6.374433131781795
1552	6.701394525842498
1553	5.882939846904871
1554	6.034362782879422
1555	6.172958321403712
1556	7.323858593849258
1557	6.338207193814149
1558	6.6832510267267935
1559	5.19387667845215
1560	5.813339758256916
1561	6.550888428231701
1562	5.520483864458381
1563	7.491836339394054
1564	5.4906704154817145
1565	5.6663023471112615
1566	6.9518020351489005
1567	5.916215840601721
1568	5.827512771507506
1569	5.337992760797908
1570	5.742278304436932
1571	6.74541721393605
1572	6.336449250280857
1573	6.95009483947741
1574	7.049543703440577
1575	5.59097085463711
1576	6.358783836436013
1577	6.8291419302488885
1578	4.950887166004738
1579	6.802563818728389
1580	6.211498137039598
1581	5.043683976323034
1582	5.775637166018808
1583	6.222910713387786
1584	7.189768824260682
1585	5.325501205833179
1586	5.742539377705682
1587	5.6027569420508705
1588	5.369958735759031
1589	7.052760186560381
1590	6.746708845222284
1591	6.664835117626935
1592	6.34534249739195
1593	5.042053473232954
1594	6.428679551079403
1595	6.254601698235741
1596	5.947041067784946
1597	5.370127750774845
1598	4.823567980848667
1599	6.336797569619699
1600	5.405880550871155
1601	6.074949970665889
1602	6.501759803336528
1603	5.430743608340297
1604	5.280606812087908
1605	5.826623375965283
1606	4.862938155978918
1607	6.2003929329355465
1608	5.953479809440015
1609	5.510104192632505
1610	6.501496087381383
1611	6.650525828707032
1612	6.912072630066957
1613	5.431529444985483
1614	6.000907934639447
1615	5.798616436542943
1616	5.256575929078584
1617	6.363984119066077
1618	6.648858984839171
1619	6.915818309644237
1620	5.260511385684367
1621	5.137988289236091
1622	6.053020771256545
1623	5.296210140251787
1624	6.012044151841352
1625	6.585703420254436
1626	7.281963996539291
1627	7.557133732782677
1628	5.806250059894999
1629	5.713450184333711
1630	5.143488777011795
1631	6.480524144023312
1632	6.292646201984847
1633	6.194045115110424
1634	6.955939873839573
1635	5.584791374956974
1636	6.297242532859349
1637	6.389571059781772
1638	4.816001023614912
1639	6.464365799204513
1640	6.53484914582011
1641	5.390648708911613
1642	5.1100170962828475
1643	5.330886948012954
1644	6.1850518039124
1645	6.23945964098908
1646	5.341988489049038
1647	6.152398949732412
1648	6.112166475362914
1649	6.9120982147424535
1650	6.093350176593628
1651	5.4461265895009525
1652	6.49592579730476
1653	6.108720308169723
1654	6.465877068004812
1655	7.381483406088698
1656	6.379083391434203
1657	6.327763038073582
1658	6.6051331961061805
1659	6.075405728588205
1660	3.8971763035369804
1661	4.844599561471688
1662	6.5219249162446
1663	6.281464454814947
1664	6.226871285471134
1665	5.839919757843018
1666	6.572473216918297
1667	4.051230556270837
1668	6.226130085470351
1669	6.2856437655003825
1670	6.305620186254382
1671	3.715027119847946
1672	6.617692609899677
1673	6.1687057632836515
1674	5.3099141186103225
1675	5.752998730385055
1676	6.267839746119342
1677	6.1891715437152675
1678	5.865361503308156
1679	6.719286201009527
1680	5.509232979794235
1681	6.535711401777987
1682	5.984070592588978
1683	6.080490453522308
1684	6.8938710090878885
1685	5.942068266946907
1686	5.465269983523404
1687	4.759490628843196
1688	5.667539885345225
1689	5.8220224498727475
1690	5.642445791311647
1691	5.702176610365443
1692	4.043517500843985
1693	5.287498627367313
1694	5.873455483142449
1695	6.397826661284153
1696	5.827771694247571
1697	4.428056727200256
1698	5.896496575756464
1699	6.339421115434644
1700	4.920188435508559
1701	6.185058694198513
1702	6.523411076886718
1703	5.2987321028340375
1704	6.858288636256475
1705	5.560040416788649
1706	5.7591994696105
1707	5.200908771176315
1708	4.64098771114368
1709	6.1246335722749965
1710	5.12646674128094
1711	5.541240708850738
1712	5.762268938272345
1713	6.537018442089902
1714	5.756382837551287
1715	6.2940356549058505
1716	6.775813119855764
1717	7.1674577853621235
1718	5.973684295844286
1719	7.445185380473656
1720	5.658925130040626
1721	6.468426564820111
1722	5.769580500710401
1723	6.2165039399738555
1724	6.392957302687976
1725	6.347731130393712
1726	4.8308651944108565
1727	4.7627552422712105
1728	5.878703157461132
1729	5.5526341623994275
1730	6.521430711868951
1731	5.731393993388684
1732	5.970037731298901
1733	6.214623631780139
1734	5.9414013404234804
1735	5.886166557454056
1736	6.004470277519431
1737	5.730280841518518
1738	5.201928152186472
1739	5.740518927390344
1740	5.491302017251858
1741	6.546701818097221
1742	7.168047781292073
1743	5.712310958339873
1744	5.999808853135134
1745	6.278525583091718
1746	5.744162037110838
1747	5.582080447357148
1748	6.480997926245133
1749	6.250016512601481
1750	5.846214297717731
1751	6.118876767560357
1752	7.628469433514746
1753	4.725953497178852
1754	5.590638418034043
1755	6.179729392918359
1756	6.026502160056095
1757	6.470792100357357
1758	5.723553156771231
1759	6.255466256121343
1760	6.210687298234552
1761	6.387358957597905
1762	6.0058891366486655
1763	5.290909024623587
1764	6.413611130431915
1765	6.124432146652705
1766	5.769472479707591
1767	6.245337627911275
1768	6.540241510660218
1769	6.80115699216359
1770	5.859025942018399
1771	6.15353947915495
1772	5.759971861127549
1773	4.734266312780643
1774	6.668882679210269
1775	5.533339715918855
1776	4.46457138806379
1777	4.966206436299465
1778	5.920809674402699
1779	6.662412499241462
1780	5.169372558170422
1781	5.427338051113664
1782	7.622396167629631
1783	6.390939059136144
1784	6.317553811540295
1785	6.222869738100351
1786	6.412287966368477
1787	5.3679312178606375
1788	6.7206383684857025
1789	5.026096428634207
1790	6.60132014554141
1791	4.8056662904693646
1792	6.684589156374821
1793	6.144577216255762
1794	5.0774682107098075
1795	5.583080829385753
1796	6.263964429090265
1797	6.057614222994413
1798	4.514407668357969
1799	6.97473667501472
1800	5.153976335354081
1801	9.293793229918395
1802	7.731849847300707
1803	6.385318405070012
1804	5.905465060556751
1805	5.944560649364056
1806	5.425528232180686
1807	6.157293612677604
1808	4.938689721893752
1809	5.889429133458179
1810	6.961948734021893
1811	6.271021268570621
1812	6.392713354983633
1813	5.827437742687762
1814	5.238609793620916
1815	7.253510852980141
1816	5.244790207685741
1817	6.135615299289514
1818	5.975277641754864
1819	7.0137544243350725
1820	6.366079619877334
1821	4.834932569805956
1822	6.4553631866712955
1823	6.016757646109909
1824	6.7819882997149685
1825	6.973592348930035
1826	7.789140316291845
1827	5.651823161429582
1828	5.272579575364944
1829	5.869850327019338
1830	6.868105530516123
1831	5.783153153247743
1832	6.069002761546036
1833	5.6373608674491855
1834	6.600836512211782
1835	5.417812427542613
1836	5.242933353145971
1837	5.728202296082269
1838	6.135822704747422
1839	6.635623525307026
1840	5.249072704913801
1841	5.3870755705025255
1842	5.83437379928113
1843	5.353884953503056
1844	6.334169299431289
1845	5.287784417521144
1846	6.047067871954488
1847	6.998419432350519
1848	4.629451025570945
1849	6.753629835762291
1850	6.520121608441696
1851	5.554586671425828
1852	5.077952845679486
1853	6.317576436869179
1854	5.633965455956997
1855	5.750057697063312
1856	6.550185340968892
1857	5.653701844453082
1858	5.282523305570383
1859	5.58843703844692
1860	5.930522831440296
1861	5.650313688320152
1862	5.516903412048123
1863	5.615413217715198
1864	5.110025502700249
1865	5.876958278916954
1866	6.480169130377127
1867	7.242072235204671
1868	7.443474681010809
1869	6.0268437780905515
1870	6.17616183036201
1871	6.463323063449934
1872	5.931384497415275
1873	6.1945371643031155
1874	6.186795968060883
1875	4.9704983993950815
1876	5.069786481898821
1877	6.753294587756197
1878	5.399579399449163
1879	5.8725660634674846
1880	5.8462363237323345
1881	6.005189925190751
1882	5.447829972806007
1883	6.422761380175044
1884	5.976385202351958
1885	5.939916935361301
1886	6.910032216343097
1887	6.219061389703049
1888	4.933138930368134
1889	6.921460856319122
1890	5.6518391709903195
1891	6.595276587468106
1892	6.197461835218265
1893	5.451853755321354
1894	5.0683911368128305
1895	6.706830686756542
1896	5.223533559579491
1897	5.75839274133217
1898	6.644993293170746
1899	6.313458045763481
1900	6.731850989031955
1901	5.213254430250695
1902	6.87507857294986
1903	6.3555105186956515
1904	6.791772438371978
1905	6.300433092284948
1906	5.151450488041155
1907	5.184115106153682
1908	5.863009946930799
1909	5.790085080453927
1910	6.82132788750586
1911	5.592766846225668
1912	5.599823113753581
1913	5.246364407760736
1914	6.828604180654511
1915	6.2933041698498915
1916	4.498544956349568
1917	5.79955405705487
1918	6.152856436843814
1919	6.436347525693815
1920	6.435640774589653
1921	4.756220790038172
1922	6.9061753440700056
1923	6.75545799751258
1924	5.909152190231354
1925	6.471184650901705
1926	6.220321933894108
1927	4.879934368908162
1928	5.650075683145163
1929	6.163909481934217
1930	6.25002903368191
1931	7.359629797812721
1932	5.999717261445207
1933	7.125635413319936
1934	6.356191880346852
1935	5.667603692104077
1936	5.7705403882677535
1937	5.090742854541167
1938	5.810952732828445
1939	6.355501373214647
1940	5.219677681856624
1941	5.848616393708179
1942	5.608673708522334
1943	5.36584477521185
1944	7.640755169657775
1945	5.439331215996803
1946	5.9277088437634315
1947	4.390827540804943
1948	5.5165408552813995
1949	4.717076920746227
1950	6.598898772528628
1951	5.850873912793274
1952	5.623081379078536
1953	6.229073007088155
1954	5.0034689690452065
1955	5.983514474091035
1956	7.117046076276053
1957	6.384293633351962
1958	5.723849617974618
1959	5.80174973346099
1960	6.48885572775591
1961	6.388898954504048
1962	5.666397053641933
1963	6.112777993587467
1964	5.712434661253516
1965	4.883377574278381
1966	6.8502184546809515
1967	4.994162391324568
1968	7.274884480716927
1969	6.903266550260014
1970	5.201223665520295
1971	5.68790214448236
1972	6.137507601054385
1973	6.492596396232808
1974	5.500928507091223
1975	6.1101169842209115
1976	5.080157973497224
1977	6.066218891021746
1978	5.4065185474335316
1979	5.916294297848998
1980	5.234226811111772
1981	4.854361062241799
1982	5.088935042938425
1983	6.015071054004253
1984	5.888678123293769
1985	7.056768503065022
1986	7.167869208846241
1987	5.713888715803623
1988	4.992202099820133
1989	5.968122714601288
1990	7.317532450780678
1991	5.1079975894471215
1992	6.76167375586279
1993	6.858370333551788
1994	6.699896485428326
1995	6.507038974940467
1996	7.367280316488493
1997	6.179015097320424
1998	7.020939255745984
1999	6.54543729275739
2000	5.435193350857675
2001	6.893145019654185
2002	5.579483095994219
2003	5.830916654625484
2004	5.69894646083642
