6	21.129455313907986
7	14.95634217107657
8	16.477630167037656
9	14.088902983593915
10	17.478128554591088
11	17.2867874054069
12	17.213630286131973
13	17.77708970589719
14	16.225426356403787
15	16.88298668292808
16	18.927861920523853
17	15.242820006204571
18	19.141040396693338
19	14.73315067449022
20	18.579978797364706
21	15.929924660168531
22	15.629240426203944
23	17.530991554030596
24	17.32485745357515
25	15.541552277516846
26	19.323557275736338
27	13.206216986992752
28	16.92924612718663
29	16.06249732182197
30	17.60875990982091
31	16.367226763299907
32	16.34989010413483
33	16.723821441271284
34	21.904384506082557
35	16.682252324090808
36	17.910744896632167
37	17.26740349906769
38	18.39294744103672
39	17.139058486090747
40	17.927698822935714
41	17.34931792406211
42	15.425066281553061
43	18.362025962642033
44	18.309973331922464
45	16.55051621206477
46	15.222894839467937
47	17.143931556046883
48	16.298232979453147
49	19.561332469340893
50	16.31186834547884
51	18.037853600182903
52	18.911766329493496
53	16.855597704765508
54	13.787643728893157
55	16.633000207952136
56	16.595955801645008
57	16.930866045853374
58	18.17897534267459
59	19.026555439099234
60	15.128257900052713
61	16.613842778613307
62	15.24816115334095
63	15.767581158496895
64	16.45547653515564
65	17.89115413108188
66	16.635684599627325
67	18.535777575054468
68	17.657521186600512
69	15.12161949669108
70	15.807794163843566
71	18.432301045008714
72	17.919286214705206
73	17.43356887720263
74	14.813398201671378
75	17.887728842788828
76	17.43211023658778
77	18.196458573024625
78	18.618100998276496
79	18.960059874027642
80	19.664203179793923
81	16.778998994395625
82	19.441384754896593
83	17.318872954084945
84	19.967430562300382
85	18.771639443708874
86	14.349581614529765
87	14.987040817260468
88	18.135042682814515
89	16.604203053861177
90	17.53263108504911
91	18.590347465088577
92	16.202458359726588
93	16.86737836115821
94	18.378320395906485
95	19.834137997834343
96	17.128521033053076
97	17.752351590895515
98	21.054381771510172
99	17.524515987342895
100	17.214877499399222
101	17.20416489070323
102	16.457851440197583
103	14.231192285617285
104	15.493602242979378
105	18.23454332060006
106	17.148068631478235
107	14.730309719742603
108	18.4238500004804
109	13.963634743310818
110	17.017681219147708
111	14.357611730885592
112	15.321800324683945
113	16.03133840365375
114	20.103826625368136
115	17.347380969235164
116	17.039446321581636
117	17.367782517559803
118	15.937385763740167
119	17.87757929748088
120	16.119010220100108
121	17.555863897372628
122	16.87131976947607
123	18.69400662501369
124	16.47347554912121
125	17.505186768090955
126	17.189275156901786
127	16.766273433673565
128	18.343948902970233
129	15.407934252188856
130	19.86374314836111
131	16.661238634934417
132	16.04089789882036
133	18.918249260378143
134	16.620674863214695
135	16.688871366050506
136	16.232025531118637
137	18.155221851995197
138	19.29698380413404
139	16.17095033045565
140	14.862306125189727
141	17.66993746150902
142	18.489320737394895
143	9.250594502482272
144	15.41405476346465
145	16.549247642531633
146	17.18074167936087
147	17.738959690059794
148	16.069658915081757
149	15.571622458472849
150	18.9872225576337
151	15.962097189439245
152	21.110904509336688
153	17.579914108410552
154	17.597201604620203
155	16.835349545606697
156	16.19320271053208
157	18.878275094050746
158	17.337400407902322
159	18.116538553960428
160	15.524287228483232
161	19.658747955987288
162	15.438809183421835
163	18.193836939167774
164	15.899213039337601
165	17.053060867602518
166	14.998374574403924
167	19.096625919357315
168	17.091217152677885
169	16.845164661806788
170	14.596262651683572
171	16.656873808059714
172	14.70949481682328
173	16.510426232819896
174	14.283524608358917
175	17.793537270602677
176	18.655889618187924
177	15.760033706140444
178	17.73194024772165
179	17.31839875523447
180	16.856275056002506
181	19.632401957971194
182	18.659245621906123
183	17.30309617950238
184	19.25131116712793
185	12.547908664984039
186	17.411555562382855
187	15.24642360092912
188	15.473761896036448
189	17.9596100462525
190	16.46449798063942
191	15.577948541082922
192	16.36667223610372
193	16.120164111565575
194	17.246047366140395
195	17.872314918587595
196	15.692641087024382
197	17.1757666107186
198	19.051042012677964
199	16.776353869128506
200	15.922165987926702
201	15.979305647075966
202	15.128873096517625
203	16.783765883150046
204	16.28028240304135
205	15.90893614991587
206	15.801930455086298
207	16.93153482132698
208	17.4406825515844
209	18.086529977324062
210	16.38860832885483
211	15.00742897934525
212	16.20553697640637
213	17.72037105948144
214	15.105989929390198
215	16.689698971476258
216	17.037764432043172
217	18.97101060359015
218	17.97077921378611
219	18.04976630337101
220	19.46964696573796
221	18.318117232822836
222	16.234704268266043
223	19.733069303183584
224	15.453517869187076
225	16.6674600915905
226	17.755343113067322
227	14.371185861500463
228	16.10216221067909
229	14.999459734494858
230	13.989150912843025
231	19.034539766583773
232	17.920574939590274
233	17.535730888062623
234	16.81289945862734
235	18.10465669492231
236	17.093835814729484
237	16.900733473980097
238	17.276558730510597
239	17.733329888241194
240	12.022343846721341
241	19.09174668138161
242	16.542809196836455
243	17.3653019645819
244	18.689745276063913
245	16.65736073863599
246	17.24286618557804
247	15.966668266678752
248	13.133610829636522
249	17.45155591398361
250	17.263047172460507
251	19.56757489764674
252	17.85323011356982
253	17.355588634725535
254	17.87256839109549
255	17.232586431464025
256	17.32373703933908
257	19.270986296138574
258	15.435594493854083
259	16.44927889522499
260	20.07758492352015
261	16.22615555344838
262	16.45772308126252
263	17.02786435008573
264	18.32164372210379
265	16.849134114374117
266	18.595454739531718
267	16.92551077206378
268	17.066554826070732
269	16.342844385633857
270	17.377641045698546
271	19.084831034478054
272	15.333698781295064
273	19.011931720549676
274	17.828497542617274
275	18.309647466464842
276	18.23354720196769
277	17.13341548390426
278	20.10033823693389
279	17.52024811190617
280	12.228114355958366
281	17.980685999188808
282	6.964105293009197
283	18.153026361707052
284	17.66071714176936
285	14.231049364219677
286	16.860949996066598
287	17.38822049167473
288	15.336981521185711
289	16.189428234522346
290	17.618919871179042
291	17.94493861374483
292	17.11774614008974
293	18.503632069851463
294	15.028447277939824
295	15.517121734508393
296	14.728614977581856
297	16.411339292761404
298	17.99135316371581
299	16.55352698937813
300	15.796560410290034
301	18.165018771993346
302	14.815756638397085
303	15.518564767863724
304	18.879437271908664
305	15.911767896098484
306	17.716205779397335
307	14.568812609043173
308	16.859539188326167
309	13.967871143746159
310	17.836644000486647
311	17.73332025153531
312	16.370169267193308
313	16.062640422364492
314	17.61641140794816
315	17.508147807766818
316	16.242507015133082
317	17.032706237908524
318	21.233813767675574
319	14.724082810066756
320	17.68431017527708
321	16.341102039437185
322	15.467431553701754
323	16.56858381657481
324	17.546879788624373
325	15.998698267908898
326	17.083358722521094
327	19.079210337430766
328	15.477223295193433
329	18.004575270553772
330	16.73134583180575
331	16.545971040239568
332	13.737455480421582
333	17.214308395314298
334	15.885032319936219
335	15.587106713523474
336	16.931284886794327
337	16.902533841294602
338	16.089916468051904
339	21.11827951233646
340	17.093293257205083
341	16.08415241109879
342	17.07956071085979
343	17.67642653948927
344	20.34320260766347
345	19.402292910564753
346	18.658783030996346
347	11.62259889240137
348	16.232505079681037
349	16.655736745839324
350	17.902303477692993
351	17.144537320238836
352	15.975457634377802
353	17.89986708080278
354	17.778309612848084
355	17.127782954440917
356	18.85624283812649
357	16.436350021884714
358	14.976960570885932
359	15.335514684366645
360	18.55835587112846
361	15.995259387395787
362	17.81512775679039
363	18.013794649902245
364	17.48942696190754
365	18.038045066422484
366	14.202043123906478
367	15.592215226659347
368	17.151207825143636
369	15.529773245373013
370	19.22129895876296
371	18.10673713563558
372	18.336246449166506
373	18.827530455860632
374	15.325793072501833
375	17.94849175185196
376	18.453234506161728
377	16.234943893224493
378	13.450099383922298
379	19.855567974608558
380	18.50194303185331
381	14.981674282871069
382	17.365174699310398
383	16.175463888386158
384	16.5301206115716
385	14.387803429558979
386	16.044341652466056
387	16.1306571597827
388	16.807761097823658
389	15.493391551836751
390	18.030252707460797
391	17.909419678771346
392	17.764589436390235
393	15.05330819721028
394	17.74419035760777
395	17.7089605117129
396	17.884148724469636
397	15.392111002792953
398	18.991712163305493
399	13.097155376444812
400	19.321081961102138
401	17.29375190327611
402	16.56010604702481
403	14.463023310879649
404	19.863874083663397
405	14.201415905313794
406	15.581396503629048
407	17.42239117677876
408	14.831013242582001
409	18.148149860383246
410	18.037586589300528
411	17.654858298127074
412	16.606406456526912
413	17.686431325546913
414	15.91668390924505
415	17.880020616340506
416	17.359161869801188
417	18.991706444654426
418	18.447399435529732
419	16.57567989612368
420	16.594865859725978
421	18.50882785671121
422	16.20543152343712
423	16.504942536715877
424	14.08703749248454
425	16.926182233459336
426	17.21130436777977
427	18.469721065259534
428	15.101436033147554
429	14.775365641458716
430	18.61127757846698
431	16.29879364681126
432	17.42006508827098
433	14.592892111990356
434	16.489158841280993
435	18.15129086362885
436	15.52635700028554
437	17.00245441444965
438	19.784202891725
439	15.247618670749343
440	17.268632049255377
441	15.950912161166343
442	18.577531833274406
443	17.972923979867975
444	16.13885386717728
445	10.460505852407282
446	17.992917228108585
447	12.307730361697361
448	17.47704757501764
449	15.59608009806671
450	14.562602364693172
451	18.495857059498633
452	18.156269409255156
453	14.757057798403547
454	17.369698708522147
455	17.70490557883838
456	14.309188607484103
457	16.11809012522106
458	16.699567263873288
459	19.774776805178696
460	19.787648229018938
461	15.755686068032528
462	15.460636298334778
463	15.920335672662727
464	18.154394026543013
465	19.088492801460923
466	16.065620288509823
467	18.561238515483172
468	17.587299796489024
469	18.563776882658242
470	14.437461422174238
471	15.421166169238996
472	16.496612594980334
473	15.679588442219718
474	24.56006228628993
475	15.838724988490194
476	17.31787957449647
477	19.068051107175688
478	16.39541146780674
479	19.551394910883243
480	15.908875990912076
481	15.3030384672634
482	17.33273011317203
483	16.060552639941108
484	17.11257617602631
485	17.63453510977706
486	16.012798664614174
487	17.40464737169027
488	14.908375604496921
489	17.47872761354863
490	16.97594164905124
491	18.381456559261665
492	19.56435760652602
493	15.93280616656905
494	18.074368137301175
495	18.703695224738027
496	17.596859605474275
497	16.804737928615943
498	19.754273317426005
499	19.59370009039828
500	12.993013607476206
501	17.74083232265526
502	18.849122009683924
503	17.807264341351623
504	19.372762456821825
505	17.065639668658964
506	17.07257834356955
507	15.481860835047842
508	16.098360508186055
509	17.059255265861882
510	14.54261632910597
511	18.36659694374944
512	18.31798409743582
513	19.17803254981282
514	15.218050421344307
515	17.416425091656407
516	9.776246632891178
517	17.209172688275217
518	16.804036230560683
519	14.822085026804125
520	16.832421218774325
521	16.342152698554045
522	19.385124406308197
523	18.19716750002239
524	18.417521668723833
525	21.56577274561013
526	15.454082191072791
527	17.924111860440124
528	15.214455400950762
529	16.715966203209
530	18.031491396610964
531	18.612026603095064
532	16.737941820598028
533	21.07601550642756
534	15.450247812298974
535	19.55775210426702
536	16.691233398254333
537	16.353410428602334
538	18.149275157604098
539	17.216018235111743
540	18.074499694823615
541	15.32925556631033
542	16.051148080474537
543	15.284437827099115
544	17.352951278082198
545	17.122231968591933
546	14.391444012855045
547	16.14772070237901
548	17.678622875507475
549	17.01804159747453
550	18.983287455778886
551	17.621758718352556
552	18.64686129084545
553	14.759435690260704
554	16.18840002323942
555	20.20798871155366
556	16.088016992996085
557	19.239949824898627
558	16.42844124080367
559	19.693604138900305
560	17.244749130979635
561	15.667264456455873
562	19.148814097543074
563	13.451866001766554
564	17.27534954711025
565	16.815141422170495
566	15.344701827211539
567	13.996689216725514
568	16.912886394913308
569	17.778213613965754
570	17.670846864836978
571	14.982980927111887
572	18.781025310857952
573	17.842497786223248
574	17.939727848179338
575	16.597487513850776
576	13.07348136193627
577	16.557578503468903
578	17.136128150610876
579	19.096126296426775
580	19.925761059442134
581	15.224078888919903
582	15.92428234013884
583	17.0794347943061
584	15.187194980505081
585	19.136763171541325
586	14.599927462443867
587	18.598142374595025
588	16.332816317725797
589	15.023601995858048
590	15.073549123918637
591	19.13624858080286
592	15.441829957553875
593	17.331813284150957
594	17.127099990813765
595	13.677348518768436
596	18.79717834967993
597	16.05224836014414
598	17.650137563140046
599	17.93571290804818
600	16.184237035335972
601	16.483020523175377
602	17.29594384378888
603	15.413193091790781
604	17.820497981693826
605	17.834357393234846
606	17.72180079732495
607	14.983153841764434
608	18.92014268866381
609	15.356733352652002
610	14.835949210854162
611	15.387370958089473
612	17.64437157260009
613	16.18706473442393
614	15.182688825878515
615	18.951607616600985
616	16.793523582924106
617	15.039530058996272
618	19.264211187022738
619	18.91653372674272
620	15.942986038754224
621	16.42900930429769
622	14.510975264018635
623	17.22484233829079
624	14.678151302095111
625	16.49888874859782
626	19.04607597796712
627	16.491888423689662
628	17.796749753651675
629	16.609781977874988
630	18.283636062507327
631	15.134738180564497
632	13.30150965049177
633	17.81219287391785
634	19.607530901087628
635	15.668015290950152
636	18.909396055154502
637	15.867224610965422
638	17.64791012570853
639	18.714425827713136
640	6.199796652942161
641	16.0114252002574
642	17.252143167534594
643	16.403162337969583
644	17.60158790772955
645	15.440608353023567
646	17.134096767433473
647	16.309305175885704
648	16.803735144308046
649	15.98241414812519
650	15.234288115078574
651	19.399625567824902
652	14.893550946613523
653	16.18200777709838
654	16.463887462508865
655	20.221926323631052
656	16.656474304530676
657	15.294755811393927
658	17.140250642028242
659	17.329610602500136
660	18.150115116331726
661	16.356270094666087
662	16.94505317241243
663	17.880778619949442
664	19.248539546104013
665	16.583825834193785
666	16.8878693843761
667	19.572585439737935
668	17.141407467259558
669	19.630430841961733
670	16.169761343396246
671	16.485190897401317
672	14.143202760673622
673	17.58504143359161
674	18.363135184407376
675	17.704984525692204
676	17.049378819013125
677	14.947848122481158
678	19.00258777328047
679	15.417851863842037
680	18.43072397927898
681	13.947857586849075
682	17.348293464223964
683	18.811200546686567
684	18.324642231759437
685	17.05886769222138
686	18.920660956380335
687	19.389490279377274
688	15.431484487868481
689	17.765843002693693
690	18.455399396049323
691	15.443369308313876
692	16.98662639709261
693	20.9232565474754
694	17.979966153151747
695	17.284594839273485
696	15.6727802428549
697	20.2798936384913
698	18.81536525445255
699	15.83901541846254
700	16.158571545659672
701	18.67182772675202
702	17.665608436892544
703	16.929697223294138
704	18.346494654995166
705	18.78199256742698
706	18.459142036658744
707	16.626104481832083
708	16.686859784307767
709	18.26616722067595
710	15.574076317215585
711	19.246107631595805
712	17.647133688798743
713	16.7792629292582
714	19.913079579139684
715	19.018533764544
716	16.830344597170612
717	15.925369401169883
718	17.57658007131389
719	15.480946840310935
720	16.72425226206759
721	16.865277652148745
722	16.161267291499996
723	16.227223686228196
724	18.809089174068895
725	16.00981919009064
726	17.58033510308688
727	17.845323357257566
728	16.778055654812587
729	17.321666901251344
730	16.411171942912826
731	19.3090640122228
732	16.165780065620343
733	16.14503117237605
734	16.122521018534897
735	18.34741248976878
736	17.345826151341186
737	15.939204654612912
738	16.233379784783985
739	15.528279068386341
740	17.192228468701266
741	17.719040905674646
742	18.14732606146019
743	15.790374623892191
744	17.500944244716084
745	19.18608082083953
746	12.89546527553378
747	15.064931173045434
748	17.54766502871178
749	16.968567166343735
750	14.23270158156825
751	17.52432940499378
752	16.814964921485934
753	16.47414055375527
754	17.177719646455657
755	15.467344118594896
756	15.314101827197623
757	18.26156790456402
758	17.54480491155714
759	21.378114693499427
760	17.18743260401068
761	17.864965234783014
762	16.529592114405006
763	15.852393034469145
764	16.801521423221857
765	17.901902876165106
766	16.377902914037445
767	16.912138310676646
768	15.957834050943898
769	17.09609846707762
770	17.4662330025042
771	17.519038111606804
772	18.103590991682722
773	18.033820568982772
774	17.30970470756633
775	11.737895504736237
776	15.638969569647868
777	18.873347471105788
778	10.613172336593534
779	18.57065950631028
780	15.112330430629664
781	14.409744968787782
782	17.120688983190103
783	17.643955710534513
784	15.86486896543171
785	16.0415588210512
786	19.91852572896832
787	16.016588808856174
788	19.894246275042597
789	17.878644030770687
790	18.272000744796426
791	16.75639205270529
792	18.81598997260948
793	19.34646371401774
794	15.810183540045362
795	17.099206793511687
796	17.292865013454573
797	17.986537283264347
798	18.84638838998805
799	13.613892555012674
800	17.2733853765062
801	16.53056149255135
802	16.345904839175574
803	18.481104387363995
804	17.21958024584574
805	19.176152738608653
806	18.48786726418831
807	18.975298079225126
808	14.005205447770148
809	19.417255692471585
810	15.18480785704361
811	17.12773263306142
812	15.762930872071301
813	16.146097229380647
814	15.389730450390148
815	17.091162324594084
816	18.451961233629845
817	19.008543136779746
818	16.501827111028316
819	19.876366732150352
820	7.76308937802678
821	16.78888570264514
822	14.686608241501744
823	16.741431513807807
824	16.47467758933212
825	17.67801157828274
826	20.332739385926434
827	13.863100849854288
828	17.698698081007667
829	17.14105948387251
830	17.275218245005494
831	16.647291066735004
832	16.93948793625565
833	13.80342488955585
834	17.556692873895578
835	15.976445011103552
836	18.460187518396722
837	14.76726820036235
838	17.078266054519077
839	16.97750950718869
840	17.516802058441435
841	14.772334894377376
842	19.117095248519227
843	16.415774803237497
844	17.289961140782864
845	18.269260642695812
846	17.019238091758726
847	17.11983918061724
848	17.280452671705543
849	18.162090096625413
850	13.97288594788406
851	15.317432656220003
852	17.054969799030722
853	17.18864428144731
854	14.248188037998668
855	16.013211906864306
856	14.871419693943743
857	19.774354703723468
858	16.003508517337995
859	17.488437467716643
860	16.352654029724437
861	16.705339911565968
862	17.37546857248273
863	19.023016684499623
864	16.04959053245248
865	18.193645638553622
866	15.458666941863566
867	16.63071467159551
868	18.362237026755192
869	16.662558568927384
870	15.403270392707782
871	16.16749351468396
872	17.07465194463129
873	21.372678339387914
874	17.201198434393913
875	18.931322533762405
876	17.282853971059644
877	16.668947609939746
878	17.414405624044285
879	16.592930746673165
880	15.642575187546829
881	20.58987238895248
882	16.388443315835676
883	17.925203985781135
884	15.156736493442441
885	16.14690392014576
886	13.436602469527303
887	15.37042190790116
888	17.686743854246554
889	15.098381964654239
890	20.670458862809888
891	19.622977758513034
892	19.377425485076706
893	15.936305472716413
894	17.161676835852024
895	17.424956426522357
896	14.844308931183631
897	17.44168778116873
898	17.368456653814317
899	18.52398477668735
900	17.55764331992017
901	13.367694763184772
902	17.50268723586974
903	18.2733743089731
904	16.46709016864682
905	14.974422373902053
906	18.552357058856856
907	15.630620620366573
908	18.017679815549048
909	17.406071463304396
910	16.084482175057694
911	16.344355724320828
912	16.78603252607007
913	19.924597989507983
914	17.448439199901237
915	16.274252935740417
916	17.97651764415135
917	17.501122005078443
918	17.334754750717586
919	15.76407411322437
920	16.329778491733908
921	15.130445365450727
922	18.285584606181008
923	19.077579701307336
924	16.72637087505744
925	15.221093020543746
926	17.645262634737612
927	19.05777343492378
928	13.792933072027111
929	17.538519235466083
930	16.79604081242748
931	16.433114009054844
932	17.595204945480585
933	16.75943161259301
934	20.028302186131967
935	13.80543507201305
936	17.945589344814607
937	18.24795597771778
938	14.944559605673073
939	15.668542931717502
940	18.037701411360697
941	15.686601608362322
942	16.08009178751937
943	17.262940132339157
944	16.742691361304963
945	15.565159463894087
946	5.868681435335682
947	17.124557790747332
948	17.849260301264522
949	16.744504634031646
950	18.395017150230434
951	18.56347952606302
952	16.435844707429073
953	16.42957773461487
954	19.11742002271424
955	14.267382785116762
956	15.779451416734354
957	16.50647265367957
958	15.624499013536314
959	16.286953072027035
960	17.580713451126826
961	17.994176386105476
962	7.758855236554519
963	17.55839766987995
964	16.413261564666918
965	16.734933850108714
966	16.43781448402497
967	18.101689735990373
968	18.190755011848122
969	19.50208660697734
970	18.07248393360314
971	15.67245927581098
972	14.628071934713356
973	15.882139763757586
974	17.489712754086135
975	17.45496527562276
976	19.39157597270273
977	17.656575956363543
978	15.347426227079655
979	16.711846103787995
980	16.889110056841208
981	19.070222498574626
982	15.352938510494848
983	17.66496820446324
984	16.214423719954087
985	16.735322322581695
986	16.873814910439414
987	17.371975401499576
988	17.07436383585329
989	19.631301063008753
990	16.63715548821725
991	19.39574005917283
992	15.995882254131375
993	17.91412795238171
994	18.633220182294025
995	18.200432714021552
996	19.014950630243206
997	16.97928375184944
998	17.86336778468913
999	17.91622012978714
1000	15.96459269289472
1001	18.7410999458013
1002	16.597160075027205
1003	17.842136791586515
1004	15.182053445212786
1005	16.956943790015472
1006	16.906518128352474
1007	18.340047511608443
1008	18.18895321822357
1009	18.07214315120739
1010	19.244482487276006
1011	15.69128064788063
1012	14.966569365476971
1013	17.567096493499758
1014	17.399862326378933
1015	17.44134862586015
1016	18.08717854338404
1017	18.203532392249105
1018	17.579682571938346
1019	18.79503022397494
1020	15.622321125084104
1021	13.195422402670923
1022	18.73602211722702
1023	16.22865426397572
1024	14.143873453983423
1025	17.51870581051684
1026	16.105114565470426
1027	18.88825301895733
1028	17.524089226188455
1029	17.325708748536535
1030	15.582511159893503
1031	16.711052047113945
1032	18.70148384622224
1033	16.5187630607835
1034	16.71753589885882
1035	15.441208119235892
1036	18.065143204716733
1037	16.491793805393552
1038	14.370312079706006
1039	18.910898987228144
1040	18.99576150063481
1041	16.496029544691993
1042	19.22270652296567
1043	18.913769035872072
1044	15.084175823638567
1045	18.707253913479118
1046	16.042887675531624
1047	16.811853721721562
1048	19.02016968995412
1049	20.20955837829886
1050	19.99873394027439
1051	15.129587602653457
1052	16.734290980675024
1053	15.371085960038224
1054	15.05364128907705
1055	15.985176591610724
1056	19.893718646816968
1057	18.916726327933887
1058	11.052235828042313
1059	16.974910423494944
1060	14.89917296051069
1061	17.570566604799016
1062	16.945176978230435
1063	16.903216766126633
1064	18.839465932934544
1065	17.34441748799756
1066	16.06024467412466
1067	16.69349663798001
1068	14.823536841397393
1069	17.3471334216541
1070	16.411792955876358
1071	18.21975646669242
1072	10.585221582624529
1073	18.31021984878462
1074	15.831055112663158
1075	16.039639427728783
1076	17.02735529266916
1077	19.325115498236453
1078	13.908599352007204
1079	13.898260551556977
1080	17.16062431108107
1081	16.789763971938587
1082	15.356550872023043
1083	15.703979961045123
1084	17.607412208513058
1085	16.642634961283765
1086	17.73051932966687
1087	17.440907942352254
1088	16.995853048944845
1089	17.415768101690336
1090	19.36319581098471
1091	14.2185406140777
1092	17.153206793180118
1093	17.82666041597103
1094	16.266399349629257
1095	13.215111327869112
1096	15.006998693379455
1097	17.63286167597189
1098	14.342197508680103
1099	16.394828417898214
1100	18.601354706270108
1101	15.897744814255274
1102	18.72749057073146
1103	16.50820812424412
1104	17.789477976064664
1105	17.76380381745962
1106	12.74464377562593
1107	15.541918229284189
1108	19.702251231092145
1109	11.368996534791965
1110	20.711361701334496
1111	19.329520421893186
1112	17.372538903786335
1113	18.121520309456365
1114	17.604104254744016
1115	18.27548541866828
1116	16.849201510100297
1117	16.676132034136966
1118	18.51485033474027
1119	14.594874318056512
1120	20.96605408108943
1121	15.175478825537528
1122	16.849021694825495
1123	15.846512835189376
1124	15.889307366400026
1125	18.488895447103907
1126	19.5756194457855
1127	16.721135207073978
1128	16.512838947882333
1129	18.537572491199484
1130	16.340562158939427
1131	16.551002550811972
1132	15.98156630786018
1133	17.667181609933323
1134	16.36601453385819
1135	15.254216897143227
1136	15.828267469167647
1137	17.84559949966783
1138	16.25274940984728
1139	18.02110025567878
1140	16.81505175541155
1141	18.589854203821982
1142	16.819089923771646
1143	15.44997641529484
1144	16.432765410439615
1145	14.287305785117171
1146	18.81444351506595
1147	17.60604301728225
1148	14.840887720275123
1149	17.45625898333189
1150	17.018090491978608
1151	19.051093224117643
1152	17.15756875236814
1153	15.816664022840744
1154	16.203984404243528
1155	16.027369820016418
1156	17.950730820791797
1157	16.01708136740266
1158	17.338248201307465
1159	16.192662153099665
1160	17.453424633634405
1161	16.52474965089881
1162	19.54155104810123
1163	14.107275302338307
1164	16.617094838497508
1165	17.656651947352035
1166	13.43179094642759
1167	16.24002879773953
1168	16.431671152082274
1169	17.18554107094936
1170	18.769673268674957
1171	14.88685283732575
1172	17.99150987851995
1173	17.149773112240148
1174	16.45893636038623
1175	17.5006654763696
1176	16.51547978041858
1177	18.640696049112982
1178	12.797985163017627
1179	18.211387105910205
1180	17.56845304979477
1181	18.11950888467427
1182	15.655668984860815
1183	17.495338306645863
1184	18.42170392267539
1185	18.12480448210187
1186	15.512682744379466
1187	16.574474493496208
1188	15.037716916665948
1189	17.259209535071907
1190	18.58256053914582
1191	20.172818465540185
1192	17.673320333373212
1193	18.792286006905336
1194	17.44973511937411
1195	14.560085355637371
1196	17.372729314781235
1197	17.86282798787579
1198	18.973383086015463
1199	14.156251151385911
1200	18.09014060865317
1201	18.519300019156866
1202	14.44276684636428
1203	18.29171028154784
1204	15.468233802870792
1205	14.991974811113668
1206	16.155481057111608
1207	16.877637301036156
1208	14.431814831022596
1209	16.813223838882962
1210	17.253599035526243
1211	17.03603174631
1212	15.893970804903548
1213	18.086099160331933
1214	15.851475536243525
1215	18.031401173680486
1216	16.643104534963257
1217	18.875442207917146
1218	18.347935867750557
1219	17.04470174777838
1220	18.693120396327835
1221	15.896734875726647
1222	16.10610808209593
1223	18.994532066860007
1224	17.803585912512062
1225	16.57932244700108
1226	17.112899807893406
1227	18.845732259106658
1228	20.53422733120374
1229	17.799729116534774
1230	16.98453030453529
1231	16.110965952554945
1232	19.74799170623569
1233	17.47723942526524
1234	16.975735423968885
1235	19.037579983948188
1236	19.285042698973005
1237	17.549201593032883
1238	15.38480831785479
1239	16.84363558605779
1240	18.818234817937103
1241	15.81968688249444
1242	16.933434628988138
1243	19.117320491305957
1244	17.630541720286832
1245	10.710713022814266
1246	17.34021333403461
1247	13.792646663539161
1248	15.938056783663342
1249	18.715927515919603
1250	18.294543724178393
1251	16.17124971483111
1252	18.5932634607862
1253	15.738448752965981
1254	20.286141994255694
1255	14.129833338420472
1256	17.740584539251714
1257	17.40239672015073
1258	17.74980973211648
1259	17.885451840362354
1260	17.025497150057614
1261	16.140751513697435
1262	17.53312300764156
1263	14.114425599334936
1264	19.710382460006734
1265	15.828184978764815
1266	15.79594468955271
1267	17.656747984001413
1268	17.150779725522554
1269	12.79926362151413
1270	15.733218302298337
1271	18.682734069407235
1272	17.492237779958586
1273	15.189798594599633
1274	16.74947140886284
1275	16.804354935538495
1276	9.58555663193767
1277	18.93948586711505
1278	14.974386330810376
1279	18.10113648621428
1280	15.972018553882338
1281	16.554566637391243
1282	19.018821603949977
1283	15.474141196180135
1284	14.79352970276601
1285	18.737192522140685
1286	16.722914245910943
1287	16.77792171035796
1288	16.210390201816335
1289	15.221551728092205
1290	17.144458144295456
1291	16.953837350284605
1292	15.660089455620325
1293	12.780049293508473
1294	16.93785064813976
1295	15.948734931671611
1296	16.659667225166533
1297	17.02360582973808
1298	18.151169437613884
1299	14.29047097421218
1300	17.85385812408568
1301	18.21411256494382
1302	18.254926880973432
1303	19.342178081307505
1304	14.933255068880195
1305	16.159018039978687
1306	15.002356888682305
1307	16.784044932172215
1308	17.775665246358546
1309	15.499660732470847
1310	16.837275888602292
1311	15.893904173774473
1312	17.146817042144963
1313	15.682530893648588
1314	16.219427339965478
1315	16.172978139752182
1316	18.62328107821006
1317	14.247612536755494
1318	16.76970326359151
1319	17.54570216592849
1320	18.375853042623493
1321	18.42486506375273
1322	16.33094542104878
1323	16.54420148583797
1324	19.401538722989812
1325	15.14051027425314
1326	21.275946466019377
1327	18.107427777066547
1328	15.294375323855784
1329	17.7634572643501
1330	15.327165395045443
1331	16.360387861823767
1332	14.130263284077435
1333	18.7643529017862
1334	18.57865787639965
1335	16.842977244704862
1336	15.186459611076861
1337	16.292358135084633
1338	17.59258480726753
1339	19.44704485737755
1340	16.15110223557214
1341	16.84076955255508
1342	14.464203051025628
1343	18.132034824683345
1344	14.590054198360832
1345	15.792650055152352
1346	19.991745616203243
1347	16.691766247930286
1348	18.4704366007929
1349	15.914939756967527
1350	20.161985188518123
1351	18.29720456409268
1352	15.029212457861556
1353	19.14323664582559
1354	15.972988271948967
1355	18.999921755785714
1356	17.702940504842747
1357	17.391067353913222
1358	17.738684255240972
1359	17.662644733439464
1360	18.812381600173048
1361	16.96238178060532
1362	15.34289020103543
1363	15.589837043973374
1364	16.77427351887434
1365	16.90973782308827
1366	18.056001791198995
1367	7.727799818851054
1368	17.404673697150674
1369	16.675868022068503
1370	18.0048170427005
1371	17.606426418209136
1372	14.209631032597247
1373	18.85713155343675
1374	20.147821564063594
1375	15.106076575315704
1376	14.50336833979708
1377	15.900931273123787
1378	17.635576238285896
1379	15.532807209908164
1380	21.370882935390842
1381	19.771670526291906
1382	16.269476791855414
1383	17.44900203625689
1384	18.414664879427566
1385	17.436783842623743
1386	14.887110135318053
1387	16.838466324923978
1388	16.23808959994465
1389	19.122348977132546
1390	14.439970361567102
1391	18.561358151444775
1392	18.025818105450224
1393	16.966234327789863
1394	14.450508708364907
1395	17.4046404562901
1396	16.849228042147
1397	15.731723496491224
1398	16.40778002081763
1399	14.227070031935824
1400	16.37862186861792
1401	17.638568527406047
1402	17.366510457495437
1403	15.263932476842614
1404	19.741218955800218
1405	18.972914119214693
1406	15.345127749039783
1407	18.585297666031693
1408	16.4321340419788
1409	15.038381728641689
1410	15.150087412596605
1411	19.69151691333867
1412	19.025895481014103
1413	17.340911790577913
1414	16.42587460086057
1415	14.955572030608725
1416	17.955504761120732
1417	13.440999194704505
1418	16.116942818688514
1419	18.673922843261494
1420	17.745659542547976
1421	17.591653529252422
1422	18.925957571284016
1423	16.97885240188413
1424	14.066438956663287
1425	15.907528054083231
1426	17.234269670680963
1427	16.211953140449584
1428	6.41612453653258
1429	15.12525858175122
1430	15.69753758222515
1431	18.003385438132156
1432	18.32989928392395
1433	17.08676786570827
1434	19.567105915611528
1435	17.868740300495766
1436	14.59210706634701
1437	18.12365373765793
1438	14.980451649590048
1439	18.335746639629914
1440	17.44265696106013
1441	17.881514011533
1442	15.522666744546704
1443	17.707313880283753
1444	18.36056423385441
1445	16.13949369648899
1446	19.852895424213436
1447	17.229533600170672
1448	18.54792880237801
1449	17.171056651123198
1450	15.306862059045361
1451	18.92797542612506
1452	17.154084598807046
1453	16.84222480265359
1454	16.995765810212884
1455	17.935483729821904
1456	17.12398534377088
1457	17.287853424316037
1458	17.126859549111686
1459	15.832297415968801
1460	18.62998213362121
1461	17.146117328403598
1462	15.391162674554275
1463	16.71533187216093
1464	18.512988122388848
1465	19.157581297798522
1466	15.299093031129518
1467	17.498238204771653
1468	17.587092745232784
1469	15.4338549814187
1470	17.386413302904852
1471	16.848528323695064
1472	16.84312082922141
1473	13.837265878846567
1474	20.217192253125106
1475	15.338187846952888
1476	15.916696425319751
1477	16.21961116656661
1478	17.44028875862481
1479	17.22102747706785
1480	19.09070445918532
1481	15.644511302956149
1482	16.30142822907539
1483	14.85022990198863
1484	18.56751510145181
1485	14.744047831422735
1486	17.503631814687978
1487	15.757664975883882
1488	16.868092144900906
1489	18.229323509845038
1490	16.084590328578866
1491	15.476119017694145
1492	16.34322429833034
1493	15.139235222110969
1494	16.94220133214331
1495	17.83205906778467
1496	17.959053723621615
1497	17.293135929280513
1498	18.22155654638854
1499	14.375079704791476
1500	15.238271946027918
1501	18.51660725832386
1502	16.530261703699068
1503	17.723750011597975
1504	14.846962266567383
1505	15.673984592298934
1506	18.794332262219307
1507	20.675567902672693
1508	14.540013625758473
1509	14.565737985412289
1510	18.02740414543429
1511	17.138390191886575
1512	15.285791246357878
1513	16.58722861899364
1514	16.689488713429974
1515	16.109740496698723
1516	15.04835975967923
1517	18.139834478769966
1518	15.510445440053571
1519	17.98775698749542
1520	17.09205601080404
1521	17.44688863336574
1522	12.756965143107143
1523	15.335756544236434
1524	16.505586423158515
1525	14.83867347580522
1526	17.833705748952482
1527	15.021412641355049
1528	17.11773731815879
1529	17.387983874700744
1530	15.506927458417355
1531	14.11061996406212
1532	15.426649265248766
1533	15.645544914020734
1534	16.930145106461442
1535	18.073798936381593
1536	16.9462485786085
1537	17.660284667562824
1538	18.45213949594209
1539	17.25803899366985
1540	16.6584335108893
1541	16.431227327874037
1542	16.706145973079874
1543	16.490355708883726
1544	16.496261920278116
1545	21.03502999487298
1546	9.218916154108369
1547	14.89187897491698
1548	16.84475063024177
1549	17.20841417835519
1550	17.78362302392792
1551	16.812246323747818
1552	14.854832027854014
1553	19.963034628467383
1554	14.810301856189252
1555	13.528920208346486
1556	18.251012882391688
1557	16.42823577236904
1558	17.88716246600679
1559	18.908726379920985
1560	16.512240753777366
1561	17.727760479032863
1562	17.417781870982765
1563	17.07387382753838
1564	15.243271614701953
1565	16.773557082460382
1566	16.55109955359483
1567	16.052266686756894
1568	15.72141520349668
1569	15.829499344658721
1570	19.232232067477888
1571	15.464655282590538
1572	17.388582153581517
1573	16.810778442442878
1574	15.939381728121353
1575	17.841950456792375
1576	17.12187069418308
1577	15.237429940867768
1578	16.127713513804405
1579	17.605659834784838
1580	16.9642330409785
1581	18.361746731918217
1582	17.90730520367201
1583	17.764943951419188
1584	17.48806401749607
1585	14.771617929792903
1586	15.920253031076046
1587	18.946522678856855
1588	16.911325488843307
1589	16.06648600422079
1590	19.43765678424776
1591	16.565636742147618
1592	17.212461004066668
1593	16.30391897035408
1594	18.96320488808276
1595	16.737462210950667
1596	18.871913898708993
1597	18.3886211310708
1598	14.871218854860306
1599	18.187367959261135
1600	18.827541051286293
1601	16.76898258115206
1602	17.66194853835557
1603	17.300564832147693
1604	17.51817497522746
1605	17.840977214684244
1606	19.46156783877113
1607	17.377209555177334
1608	14.30396676307028
1609	17.237382321315817
1610	15.344825666290898
1611	16.80434585127062
1612	14.402071944678028
1613	17.79753097162452
1614	15.73034049083002
1615	18.17254568243865
1616	18.734937834555463
1617	17.313686458027394
1618	14.417820788692989
1619	17.14223085906512
1620	16.13753262290611
1621	18.4050783116116
1622	19.63617345957941
1623	17.95126428145904
1624	16.856879294166394
1625	17.122368810983374
1626	13.370523646636427
1627	16.71975656280061
1628	17.92381673790889
1629	13.397508450692184
1630	15.658932525071403
1631	18.474171288780333
1632	17.074210622247776
1633	17.231440804587574
1634	15.361804720681256
1635	17.89860224016802
1636	17.854153890487588
1637	13.913186932729948
1638	22.73522205535788
1639	16.404856466468615
1640	17.618614380533888
1641	14.365680900675342
1642	19.19867732352577
1643	16.391300504842754
1644	14.983087172591558
1645	18.508566847068437
1646	17.83978636894752
1647	15.562128574433057
1648	15.010300459749507
1649	16.76747633757152
1650	17.248295879733803
1651	16.86471700754527
1652	14.644737143978572
1653	20.61255891972612
1654	16.83423761130486
1655	17.744142519282455
1656	21.725588791274564
1657	16.646590050431264
1658	17.719665384301578
1659	17.74798267855631
1660	16.66833213267497
1661	16.87380581473846
1662	18.93421792138127
1663	17.200994467503687
1664	14.170261067815591
1665	16.215906881394332
1666	18.702200995049562
1667	17.163674476614688
1668	14.344845282350983
1669	16.66372603365744
1670	17.83047958087908
1671	18.818734171494963
1672	16.65003474891156
1673	12.918755231511984
1674	19.27432696518713
1675	14.297284602784835
1676	19.028607504661366
1677	17.008730465172572
1678	16.59045785406962
1679	17.30737300941837
1680	15.362015803035264
1681	17.33520792054023
1682	15.792045422610862
1683	18.5444949309853
1684	16.968201074364668
1685	16.421099336020667
1686	15.451707360830724
1687	17.060618533414196
1688	16.352034869866156
1689	19.419386988547235
1690	15.502854588505857
1691	14.444895954475411
1692	14.666578535096903
1693	15.707203844911419
1694	20.200009250827655
1695	17.608817753104848
1696	14.961179227031515
1697	12.99790096555941
1698	20.123160558807395
1699	17.524458725592122
1700	15.391437348325482
1701	17.200792762506552
1702	16.733621231553013
1703	14.61611242172453
1704	21.01973481330416
1705	17.03788011452692
1706	17.794240095404138
1707	15.151768462227086
1708	16.755074200087595
1709	17.49275262666957
1710	16.06807918028374
1711	16.460054140648953
1712	16.245442276271476
1713	17.677320072224344
1714	15.563220020086737
1715	17.154861574508733
1716	14.506891005460535
1717	19.718863333736618
1718	15.008416489320192
1719	16.675794942358984
1720	16.405611904110586
1721	13.933176539424778
1722	17.455589582134007
1723	15.907354695167063
1724	17.049004366415204
1725	8.416298477139708
1726	18.286298816684017
1727	14.338161486627845
1728	18.68323696267851
1729	19.35210990881637
1730	14.645158537786783
1731	17.942457740108722
1732	18.39898591630161
1733	17.690989071610385
1734	17.245301510838328
1735	15.62371494640829
1736	18.252936751109083
1737	14.349120805600911
1738	17.949931502949248
1739	17.874954101464244
1740	15.105798142323227
1741	16.41559654146078
1742	15.792544102738061
1743	19.974807240675684
1744	16.022490587846978
1745	17.83745515201537
1746	19.986856190560264
1747	17.44660627948551
1748	18.69842152796663
1749	13.787034018187905
1750	19.420959362056404
1751	16.98463047089033
1752	17.744636451781698
1753	17.862246033217524
1754	16.972002466871203
1755	14.792380231284188
1756	20.17048488874444
1757	17.119631751239908
1758	16.737909120564506
1759	18.480516877756347
1760	19.158179195702804
1761	15.343708403144946
1762	15.921617467343525
1763	18.35993664738682
1764	17.525483176392125
1765	17.413873384505028
1766	16.400463086681587
1767	14.68748599321781
1768	15.006668040907678
1769	18.453756685758073
1770	16.65540842679811
1771	19.038660157400862
1772	15.547298977732577
1773	16.296296987028327
1774	18.75179672861744
1775	18.28702306909836
1776	10.293209903616164
1777	15.037854435146214
1778	19.28439814902254
1779	12.350060165631321
1780	16.602816153999747
1781	19.547287946043788
1782	18.489153285884107
1783	16.661110130317034
1784	16.44479808713054
1785	15.726601842664303
1786	17.680778663502238
1787	15.861107920189514
1788	16.840724543943494
1789	17.52170885077862
1790	13.721779726030814
1791	18.091771295189016
1792	12.798761885199282
1793	16.476246786125003
1794	17.70096742333725
1795	13.620434535097697
1796	16.248704972583802
1797	17.688347987738588
1798	16.324498526753693
1799	18.248245663654085
1800	16.414638817173373
1801	16.254322605584647
1802	14.972944741352695
1803	15.188288631806042
1804	15.04877843104557
1805	16.54676025645346
1806	19.18205688888936
1807	17.589481967950025
1808	15.177300676954596
1809	18.501762299450697
1810	17.32259328569134
1811	18.129342266959913
1812	15.340527515621103
1813	16.954012930309315
1814	21.148658887040803
1815	18.09962250187911
1816	14.002818227971575
1817	15.482859415790717
1818	17.174043246595417
1819	15.584559444384649
1820	14.997258880314597
1821	18.125723950903524
1822	16.747216309329044
1823	16.976935640233062
1824	17.363676393043374
1825	14.368425481898635
1826	12.064826349327632
1827	16.2784600186427
1828	16.377294836016034
1829	17.716136406046196
1830	16.634243710637787
1831	13.440903829114914
1832	18.23253518007798
1833	15.752201258340406
1834	15.681524831880914
1835	16.698032459747754
1836	17.60563071552286
1837	18.070324032683857
1838	15.066229628082029
1839	18.71773071534498
1840	18.32117387192214
1841	15.987795745003192
1842	17.191839041071944
1843	17.25146505031677
1844	15.865681124186855
1845	14.839082006977584
1846	18.476124183322128
1847	18.610002451062943
1848	17.994609838584438
1849	19.34732400858062
1850	16.02131735373428
1851	16.743262264976636
1852	17.0914175322868
1853	18.00210816021051
1854	18.424886691947712
1855	17.785181677116483
1856	14.118358131767813
1857	17.125778557088537
1858	17.091104494800337
1859	16.711121143044924
1860	16.569131900751312
1861	16.358505599816255
1862	16.98936818181254
1863	17.870148034147327
1864	14.674895068865736
1865	15.608975456312086
1866	15.79425499222707
1867	16.319209110018814
1868	15.830682006063938
1869	19.313542435899926
1870	14.497518842350692
1871	16.21992916147497
1872	19.591885650980934
1873	14.772435070650483
1874	16.140015794313513
1875	15.829801822552549
1876	16.548966579736028
1877	18.144771193130154
1878	17.164348590883982
1879	20.127692384517733
1880	16.543187798664086
1881	16.441044414415956
1882	16.1041855789866
1883	18.554853296235457
1884	17.2369095545015
1885	18.035483036299254
1886	16.234568813347973
1887	17.984229155875013
1888	19.747671211211127
1889	18.603874216202733
1890	17.178840742116858
1891	15.198452067927324
1892	17.271892803795637
1893	16.164387376248932
1894	17.393294985327106
1895	18.920342452672777
1896	19.35121417303602
1897	18.287524552676285
1898	16.107624756463338
1899	21.460680473410182
1900	18.92826532294717
1901	18.904315338009795
1902	17.636915079107872
1903	14.79677795952153
1904	17.34025644812099
1905	17.969887027478556
1906	16.428472614358856
1907	17.43653038715245
1908	15.881109670980369
1909	16.33761755200976
1910	18.934132740736025
1911	15.255107080688079
1912	16.562629125366474
1913	16.74610219189226
1914	19.210436284743746
1915	16.686100423488703
1916	12.6995218520086
1917	19.111515510890282
1918	16.80047022741733
1919	19.436011479361557
1920	16.3858891284691
1921	16.6031655843326
1922	18.523842956062428
1923	18.585906217476563
1924	18.628844650520854
1925	14.451263779125435
1926	15.89929776593498
1927	17.24813254864162
1928	17.762594002764672
1929	18.012168251727367
1930	18.339175466707303
1931	14.571219137942297
1932	17.248862186371678
1933	18.324809577981277
1934	19.325004254159847
1935	17.45529523155192
1936	16.52666894159892
1937	18.379438923651676
1938	16.00962578584008
1939	16.522096787402525
1940	20.77052878513259
1941	15.735353547874112
1942	18.489558008351278
1943	14.478627579244993
1944	15.732846606036183
1945	14.686193298491606
1946	14.988009733708829
1947	16.4346979697923
1948	18.865575094715776
1949	13.117341507868277
1950	16.581254951475504
1951	19.628992159363058
1952	9.069905296317302
1953	18.36800197696415
1954	16.346084723777146
1955	16.196780310792914
1956	16.24507145084927
1957	15.083645270184867
1958	19.067672871138083
1959	15.089257296375107
1960	18.477649325264476
1961	17.023742710419967
1962	17.505530038079954
1963	17.644481221002113
1964	14.398160045391705
1965	16.790463658230145
1966	13.65050220973981
1967	18.769903757395998
1968	12.887670175354604
1969	17.563050785415765
1970	17.691874919542187
1971	17.9114371442187
1972	16.140568404277648
1973	18.348915227812277
1974	15.181295178421932
1975	19.08759173414204
1976	12.531307720554134
1977	15.511527258015581
1978	16.30610548403929
1979	17.796942358524326
1980	16.21077214920331
1981	15.760575850210444
1982	18.2762235848239
1983	15.175237513627408
1984	15.989341423546627
1985	18.154486254668843
1986	14.61720308022235
1987	16.600452965678702
1988	17.590095350593987
1989	15.062970708062837
1990	16.693274808578007
1991	15.867763006569707
1992	17.645636637297716
1993	16.083644714256163
1994	18.02637661240512
1995	17.924713193967534
1996	17.56933333868427
1997	16.518806141731105
1998	19.12269599246065
1999	16.734567365328008
2000	15.651261970234124
2001	18.068785100162064
2002	16.625683004557885
2003	15.822522728399623
2004	17.58487978248004
