6	20.114863563190674
7	20.60183109272527
8	17.746535521471962
9	19.47138938476132
10	20.13076370996682
11	14.754511416449796
12	16.65919173398367
13	20.630840507113334
14	17.525614026641854
15	21.16371142853009
16	16.860255689151625
17	18.85162772564815
18	16.147261484131032
19	20.28494154120937
20	19.120334035697958
21	17.050673214062968
22	18.342247160427398
23	16.348302382348525
24	20.15892961294792
25	16.751117162098097
26	18.099295403574796
27	21.87654005556653
28	19.141402259098168
29	20.109513597271697
30	24.18522946410856
31	21.709450022558386
32	22.92764702157012
33	18.952921628304466
34	17.319282677901658
35	15.76804941910797
36	19.644831858157115
37	19.76539247512375
38	16.401659123005963
39	18.165364494724038
40	15.396883858050279
41	20.588570090223367
42	16.898028349114544
43	16.161455781887877
44	19.985057227118368
45	20.076904842039042
46	19.70712129590801
47	16.768534966523085
48	18.024484783714914
49	19.26142383042011
50	17.591690038449695
51	16.057427431761838
52	18.726004206645786
53	17.8464072837319
54	21.561105235073114
55	15.124657051497385
56	20.710376960566578
57	20.828181738566023
58	19.777240454882666
59	17.25176468650114
60	20.133324256330717
61	25.78991813863133
62	17.895382231083705
63	18.611593791809323
64	16.527522664493397
65	18.423319730337926
66	19.42140511977358
67	19.989220981229966
68	17.136307317044594
69	25.430896836503397
70	17.552302408249123
71	18.110034363351808
72	22.608158076389422
73	17.864013753009896
74	18.209755409950958
75	20.664608580171233
76	26.680632278181204
77	17.57819926847225
78	19.015336957777293
79	16.54053375969345
80	17.65755025717427
81	18.325230396407438
82	19.30055116078639
83	19.176236683730384
84	18.870922753140803
85	16.866376834538574
86	17.34688943292479
87	21.935498274714195
88	23.729923007202938
89	18.22110001468383
90	16.651009481881125
91	18.425097211981484
92	21.27137158599858
93	22.6871026307226
94	18.374905757188603
95	16.424710255592395
96	19.491603339416578
97	17.303805635711615
98	18.67909847786936
99	21.639111333686742
100	18.791596040028725
101	18.587209435278286
102	16.631076458114197
103	19.175397879281284
104	16.801205660231467
105	17.614509708814584
106	17.841811705212184
107	18.949678319343075
108	17.216552411723434
109	18.330206769392042
110	19.71484789592323
111	23.011109011589536
112	17.92000954000528
113	18.68145776928679
114	18.04572863376511
115	18.014041031766844
116	19.077108281508448
117	16.661024772206655
118	16.975088971423247
119	18.496397529819713
120	21.94297352232648
121	14.959668659498718
122	17.679401069774435
123	18.702559186259958
124	17.119496816441096
125	21.5362511882322
126	17.686582225199984
127	17.9752977541359
128	18.238030351699663
129	16.875111102214724
130	18.153678878331494
131	19.309875974788966
132	18.380604111314216
133	16.757346781748808
134	17.64028703717375
135	18.087599064705394
136	19.385592270701938
137	20.19483155251257
138	21.642278265525118
139	16.002412124708645
140	17.679734839624352
141	20.300456011724158
142	18.55940337903684
143	15.425223000783443
144	16.81818552126513
145	17.90763029810382
146	17.405025730852685
147	16.226601599040926
148	19.24325455508556
149	18.3952376634447
150	17.89055077082594
151	17.829129237255792
152	18.628776738075477
153	17.037458768071648
154	19.026211776685383
155	18.469116864519574
156	17.752055035715248
157	18.124007384660604
158	17.759164581301118
159	18.18909650757982
160	17.45937780852799
161	18.24952463067645
162	20.198740610085284
163	19.403776796973453
164	15.641277729902649
165	23.72573596692261
166	19.624839845164566
167	17.012848937695725
168	19.853844612117975
169	17.859880191754616
170	19.4628552436443
171	18.171130024583405
172	23.26261165963776
173	15.814165673181627
174	20.24354040132195
175	17.55596757152428
176	18.030961649682574
177	18.62252499783842
178	19.688843393118265
179	16.908635039042565
180	19.765582376472594
181	19.896811758937126
182	23.882673964791547
183	18.94620151693166
184	18.90057808366001
185	20.305000213223394
186	17.56927825205535
187	14.948359609157832
188	18.96691575474744
189	19.96984782434629
190	17.8108278586119
191	17.34812548473164
192	17.994948133374585
193	19.426714097156562
194	20.641346771607356
195	17.95809837207059
196	19.24860810609867
197	20.32818110288281
198	17.655778372740315
199	16.987235190850658
200	17.031298958695842
201	20.313479918163054
202	20.31816568692193
203	23.797773821182833
204	16.065522077862017
205	20.747059783673635
206	17.64668474760838
207	18.06983048867276
208	16.474907450614346
209	21.110297251884713
210	18.95950212801108
211	18.65694683240604
212	20.072660060447987
213	17.765232837619543
214	17.66837276752954
215	17.500417671077628
216	16.925680628880098
217	16.430251354765808
218	18.092622762278662
219	19.43544208879818
220	18.043913541132007
221	16.83889616706151
222	21.380133133344692
223	18.42415882003281
224	16.049560167302843
225	20.028764926087188
226	19.006959009655148
227	18.39891868247996
228	17.98442235415673
229	15.849249870738607
230	20.566618771146302
231	18.983753510173848
232	20.21280996941906
233	16.080738238536288
234	16.05294592510214
235	20.446765646705657
236	18.358091255393337
237	19.520690474120784
238	18.574125089452515
239	18.778084571104824
240	18.433912157918556
241	18.322435630437855
242	19.55129099599435
243	17.00196574805186
244	18.567182497547652
245	18.04689785412522
246	19.026362269553005
247	18.236512075463445
248	16.989725875127508
249	16.942713018319076
250	17.052967965721937
251	20.168791078588466
252	18.314055922517582
253	17.911015290654774
254	17.237189731638257
255	17.579328899584336
256	28.07697223859413
257	18.200626415352115
258	22.423569727021537
259	20.907135662480723
260	15.530579481863397
261	18.60217563837262
262	19.289413291122305
263	22.00611861631515
264	21.937129171075867
265	18.58073246475639
266	20.624468584750396
267	17.10162056980264
268	17.837503467254933
269	19.245188965431332
270	16.59158022111369
271	17.40326208118241
272	20.25388977208786
273	16.17616454423289
274	18.82066076334333
275	17.084191668339862
276	16.673627242736984
277	19.514525989923882
278	17.072309330968313
279	16.948378291485522
280	19.630952483363746
281	16.911967808535042
282	19.804874406162917
283	18.00212719696145
284	18.480037510778857
285	16.395850862806885
286	17.526775383244967
287	17.57569865458645
288	18.205964306944093
289	18.220832779173197
290	19.001687569172645
291	22.906708858694763
292	19.36826377314981
293	19.4504251538033
294	17.2319526179499
295	16.76261926897519
296	17.183942533354003
297	18.1306509954828
298	19.203441838134417
299	18.18100852719018
300	18.17952188934595
301	19.75719158393676
302	17.7141269468379
303	15.839357560871713
304	18.085275923467027
305	17.67932720434813
306	18.932647807309298
307	16.78882820842322
308	17.952550852454852
309	15.704218293686319
310	18.55834932547979
311	16.797668765582653
312	17.239102716076967
313	16.816521558339115
314	15.93348257568524
315	21.89191471598436
316	18.615922035884292
317	17.058937796776775
318	16.262668594222642
319	19.93791537782146
320	19.603361800156893
321	17.567277570507333
322	16.928642147987073
323	16.435985198562065
324	21.064523129093384
325	18.69799545249388
326	16.68794887233642
327	19.216621512958014
328	21.14123835669455
329	20.345717005548067
330	16.51360614227843
331	16.134936068361345
332	19.6989237951165
333	18.010946987429634
334	16.765959477783568
335	15.327823852201067
336	18.581075087914037
337	18.164141318780214
338	17.26164404110574
339	16.83781021090564
340	17.184656313575104
341	23.033709042145567
342	16.32223028450639
343	19.801240828980966
344	19.315411711837875
345	18.21072994996476
346	19.089086548225687
347	17.593792583053002
348	17.631367858141374
349	17.839642504321333
350	20.55714376052609
351	17.23445117519662
352	19.18798739770945
353	17.991355693618328
354	18.281612236263754
355	19.695009462672665
356	19.7266343022784
357	17.42539247921959
358	17.484392189978703
359	22.07911693002944
360	18.27210673567606
361	20.089938169019096
362	16.86186663073219
363	23.688221972765557
364	17.558130451543818
365	18.308378260831574
366	19.409965589872517
367	18.00545707599006
368	19.273513532986936
369	18.415783040096617
370	18.038047467136302
371	16.497326349765487
372	16.820867198426615
373	16.884241315057395
374	20.000157076768694
375	16.311095612052927
376	19.02120312530027
377	17.111025665505117
378	17.203945901396043
379	21.414450708244907
380	18.97319366542312
381	19.39510417836977
382	19.08499829384156
383	17.401241467253058
384	18.33365615777886
385	15.048378919367678
386	15.629430462619318
387	17.56379223711583
388	19.885638591945135
389	21.99036062892992
390	19.575049877804386
391	17.54994076663313
392	18.583504597770197
393	18.083020444057862
394	24.684901519950564
395	17.000472820972266
396	17.501112255611226
397	17.76237428052965
398	19.187484055233654
399	22.528876393259754
400	16.59046153546154
401	19.487528333602793
402	17.197593403960344
403	18.788250610630367
404	18.447745994461002
405	15.883087007870376
406	17.536371161236236
407	17.729786811575117
408	18.446756221137157
409	16.370491197737355
410	19.705198423552286
411	18.207348134218545
412	18.961202535238822
413	18.28955421785631
414	17.2157310154289
415	18.868757757948647
416	17.392006007117867
417	16.518938988090667
418	16.12873309103993
419	20.713528433700272
420	17.737979097074977
421	16.51870363364218
422	15.737868786978296
423	23.520935400447343
424	17.10179184879682
425	17.462654001397564
426	16.403646168975918
427	20.804687464456386
428	18.861113757335115
429	17.536599776882213
430	23.648100467865664
431	18.457623075702514
432	17.039209473660932
433	17.908231811559485
434	18.29813583712661
435	18.731305192831268
436	20.35429219611943
437	19.45217336916625
438	17.380290465849946
439	16.772654228410254
440	16.05320994842593
441	24.1465369320384
442	18.6057853960449
443	16.49498053421774
444	15.905664543641436
445	18.079603518538704
446	18.286035983292095
447	19.28975424724386
448	20.40025082883617
449	19.114706078101314
450	17.145989034719992
451	20.719781846598774
452	19.067166206194088
453	20.77599248195196
454	25.632803664840488
455	17.642002084717497
456	19.549563508000574
457	17.70005543173913
458	26.021177231326874
459	18.59992910564873
460	16.444471108318645
461	17.55070073970516
462	19.193393804124767
463	17.414540387389525
464	17.62498710679993
465	21.743502813562294
466	16.345657797051327
467	18.957767971921324
468	17.860684307460907
469	18.72184054091695
470	20.052458199085475
471	18.689148815477413
472	18.96196983135504
473	20.401012139001978
474	17.268651674353922
475	17.461792307316088
476	18.004283751162887
477	18.08211448203344
478	19.381038014832093
479	17.60835001648714
480	19.46407974909446
481	18.862356983572294
482	17.20682314139887
483	16.782858476131707
484	20.616211879444762
485	16.821457363705935
486	21.00473102878364
487	15.410883840995666
488	19.31533282723373
489	19.01773789949045
490	19.633139778614957
491	16.161743734292138
492	18.19362965822802
493	15.565922220436219
494	19.686707002729406
495	17.69163197685836
496	22.857428064384063
497	18.217663802673275
498	19.473707201306144
499	17.855055344072213
500	21.51586100940957
501	21.29978718598473
502	16.157392320943156
503	18.763550885670288
504	18.705992130195508
505	16.93782670379394
506	16.150724523915223
507	17.87473078175063
508	22.74576800707042
509	16.191954229028912
510	30.805884458347766
511	17.478606490350405
512	24.562882831988023
513	23.670506504457688
514	19.094464468152456
515	16.568391597408336
516	19.607237768466195
517	16.58003374637014
518	22.52868727620469
519	16.193536431094717
520	17.85273783895333
521	18.190266742686852
522	16.593952977065264
523	18.042943436947024
524	18.715275344904512
525	16.545155040626213
526	22.534772382875495
527	18.63792461685003
528	18.028836385724652
529	21.355097045744316
530	19.59501926977127
531	17.902662045203936
532	15.551583621978521
533	17.30901202230404
534	20.604908174139492
535	17.235383856780928
536	20.415910164026954
537	18.962878225282545
538	23.8348331314628
539	18.336711209340137
540	20.368717678462136
541	22.300511302862486
542	17.44474804221736
543	18.5395614902518
544	17.37339711051275
545	18.452854018136193
546	18.922964366540143
547	16.73441527257885
548	17.20643542483639
549	16.454346696967555
550	18.115794572237533
551	16.41053263053982
552	23.417720284867524
553	17.581094758791732
554	16.639057243815625
555	17.593449522387658
556	16.54267517336083
557	17.431922397856397
558	19.70925134493712
559	16.25975301157693
560	18.422322916281832
561	19.90663549915495
562	20.389155728425433
563	19.97519847766089
564	20.35778787067412
565	18.954720005815926
566	16.964160431762256
567	20.740922365169972
568	16.640731977566965
569	17.494772366700037
570	17.86585321023254
571	16.867356351120787
572	17.31220194153022
573	18.556394453493372
574	18.106853597630295
575	17.25092667628487
576	16.81147859061814
577	19.747140380972045
578	19.129261373564272
579	19.177745269133936
580	16.838510139631
581	23.853884936352685
582	17.547552580476108
583	17.943142080451018
584	17.793805710167195
585	16.640365121490806
586	18.788948284507367
587	16.293440824798825
588	20.23842225383326
589	16.30065958848984
590	23.907061045847108
591	15.364710441880478
592	17.63119931075263
593	19.722222728809964
594	18.086672798963264
595	18.431067132868577
596	17.54799635954987
597	19.424239171302304
598	19.20869267318917
599	17.464312178151467
600	21.135173267811414
601	24.969426716514864
602	21.586321424181655
603	16.006049492651538
604	18.379267037674296
605	18.808475637499413
606	18.646081778507856
607	18.104890661203534
608	18.461503259738926
609	19.018677316802894
610	17.73030710652845
611	22.05044375831241
612	18.614663220060283
613	20.63715980215784
614	18.953643315781267
615	17.186392965612978
616	18.69891814465819
617	18.091451515903465
618	16.317756347632635
619	19.019489199658757
620	16.644348075744347
621	17.391563062943295
622	16.529139474055867
623	26.89735276893541
624	17.015264215762727
625	18.02264448150315
626	20.330465344738688
627	18.126510103733743
628	18.532649704938134
629	17.410284056188537
630	24.79356853616405
631	18.823469452704302
632	16.719248955283547
633	21.68241935471636
634	15.47692916065654
635	18.744388551019473
636	17.735964711659054
637	20.312944022361947
638	21.316643012652133
639	22.375961714853474
640	16.975669084610644
641	20.288444437855535
642	18.491495048902625
643	21.160982632686984
644	18.701757290342357
645	15.990544954211348
646	20.86968248143421
647	18.071916001178938
648	21.183211097637574
649	16.95823702060117
650	19.545623207478926
651	18.32706247536275
652	16.270967494411575
653	20.55593033533395
654	18.818049167900988
655	15.763324461573834
656	21.306249008828882
657	16.737043919334283
658	21.143715907071186
659	18.956162390240934
660	16.97175830260335
661	17.701449920980636
662	18.726618949472506
663	19.625000137638892
664	16.318538322769612
665	17.60613380445284
666	17.04778109023708
667	19.054636663371497
668	16.996021010353346
669	18.768377099775314
670	20.21855216556287
671	20.705250279004446
672	16.57128711039103
673	15.679786839841817
674	18.6968214879296
675	18.953429854621227
676	17.75148489063505
677	16.25825905146617
678	20.029744352758627
679	21.42056264450413
680	21.111270521230292
681	22.05276367912708
682	17.03370433455307
683	20.52472156155411
684	17.337247573141443
685	17.90115406915235
686	16.952327634588038
687	19.4490822025383
688	22.920026984637452
689	18.376040699109435
690	18.151145335219336
691	20.310914009230064
692	16.216219163818838
693	19.083472703296977
694	16.836750695189565
695	17.62508572294345
696	17.69914686272167
697	18.081385330105125
698	21.036820926845326
699	21.68141605109317
700	17.11881611298939
701	18.228484025916103
702	16.270779796284028
703	19.66237763989193
704	18.1736541106124
705	17.57994185784796
706	18.130129831379843
707	21.198928512169715
708	25.41238832372201
709	20.03615061144387
710	20.733060654226897
711	16.462361081148543
712	19.31559218294816
713	17.474453137617093
714	17.118283958897408
715	17.112368923742906
716	22.583538848046295
717	18.23258018114025
718	17.90624908917234
719	14.736839968928948
720	18.816578992418943
721	19.416166150978263
722	18.891120251085837
723	21.22262294968024
724	18.378880541529863
725	20.546179023614968
726	18.061747770159855
727	18.023688368225702
728	15.4964615271943
729	24.018469131501163
730	20.550419014263458
731	15.89336007664855
732	19.900611298480293
733	18.365260138480853
734	16.410248362167145
735	16.662456090606977
736	17.32012319429729
737	17.822017759141147
738	15.99776372501427
739	17.582943945726814
740	18.384056432125593
741	16.95496703724983
742	21.397463708607297
743	15.745153653032675
744	22.58901549497297
745	21.503496785852604
746	18.178566351831737
747	17.502072633571167
748	17.70579656660802
749	17.670501095743383
750	19.103134707314894
751	18.246805395334675
752	18.536301732110267
753	18.908021616125282
754	17.416229213161085
755	20.78808619607977
756	20.08417634496551
757	18.215101179525632
758	17.982465017240177
759	17.5061605188663
760	18.087523241550663
761	18.131133297198176
762	23.352093194076357
763	17.49464334484907
764	19.238938469616524
765	17.51442519639915
766	14.26655137318885
767	18.48317953477621
768	18.742502708128253
769	16.0126046517794
770	20.922539175528353
771	17.034716040834926
772	22.047185082239164
773	18.17355305342547
774	21.240366083470658
775	18.558833991330708
776	18.163488336476103
777	15.844928951074834
778	20.160228575972724
779	18.82572886570623
780	17.88786513967534
781	16.174148338952012
782	19.250110891464058
783	18.15178644600409
784	18.445073914059595
785	16.6940242222912
786	16.994690584940837
787	18.66111404657101
788	17.259519371676088
789	19.059225651843008
790	18.2378702511749
791	17.64756316504107
792	18.394542695620718
793	20.718414944492054
794	19.012828964250122
795	18.884590325860092
796	19.096689270520333
797	16.778968017333682
798	18.813932887928633
799	22.010547501658504
800	18.29596173620343
801	19.798563768782188
802	17.900791219864704
803	17.686834649633425
804	20.495855165698757
805	21.756155055441447
806	20.77750811388818
807	20.52834305527046
808	18.817415643765248
809	18.299758186557614
810	14.325673459915715
811	21.1871248642279
812	20.637238727758813
813	17.481428627605784
814	22.578361567056906
815	16.720562674337998
816	18.85070733308299
817	17.417567973355382
818	16.594681844411014
819	18.099062385170587
820	19.24786683954465
821	19.615856721854975
822	18.858997016013117
823	17.261690009911295
824	19.963909664153107
825	16.951732212203204
826	21.587882963326674
827	18.058447355867173
828	17.42117149825208
829	18.41848823181273
830	20.525786238717654
831	18.76482654679101
832	15.379409418597401
833	19.795656682774425
834	18.52480581085602
835	19.163522929434016
836	16.245890036602283
837	21.3714657394951
838	18.680071998937695
839	17.653606381390574
840	19.209266268122917
841	18.235306555434363
842	16.951664017129225
843	16.114109161803277
844	16.325778272526804
845	18.784345325681954
846	21.011864116080996
847	17.948246781769175
848	21.471547719099963
849	18.183999166016
850	15.830183529200786
851	22.17954564089711
852	19.580327065256625
853	17.563821495451243
854	20.346910638758953
855	18.017777915795847
856	20.27009474671848
857	18.646729002865712
858	15.996644065940174
859	17.20013967349006
860	17.980980211025383
861	18.714934215773138
862	17.78294350588413
863	17.080839282041946
864	19.074562752715654
865	17.40251615469211
866	17.37214286585652
867	16.441047085506067
868	19.069551755686916
869	16.840009716192725
870	19.66888929947163
871	19.382666061937424
872	17.52937620636303
873	16.405757664644625
874	20.759426866935637
875	20.000730865478737
876	16.905760486335296
877	15.855332547754168
878	23.538528563750045
879	16.99033730850594
880	13.328647111651662
881	17.19766484374931
882	16.661876985093397
883	17.30129179655584
884	17.86220463794889
885	17.717234179288212
886	21.449923333074064
887	18.849373392300045
888	19.309411934997527
889	20.922680766490636
890	17.584767087926874
891	17.92906828382772
892	19.67652484391613
893	17.447843845812866
894	18.18874165195822
895	18.645012409550198
896	16.739800568466308
897	16.508290760658564
898	19.320077871425863
899	24.751755096556735
900	15.514636734126773
901	18.832863593067312
902	20.419463438004197
903	18.84115789988088
904	18.938211147730343
905	17.095184874983335
906	25.58105424523388
907	16.412112593977287
908	18.71936738107915
909	24.424631347803963
910	20.146107080342954
911	17.50475191264413
912	18.916107398383144
913	20.515370424227225
914	17.62918216050289
915	16.46597035147373
916	18.579663463158067
917	17.26614663764414
918	18.520071348953273
919	17.755865864360178
920	17.60952485533541
921	18.857225365411594
922	18.71525672844291
923	17.5066842160366
924	17.19685666433846
925	17.576478232712383
926	18.992011220220594
927	18.66178758897877
928	18.36634205106053
929	21.32716247753441
930	17.156208722942974
931	18.17370696205524
932	15.859024221191332
933	19.570901099442334
934	19.78926463874473
935	17.50458393464796
936	18.594394556906384
937	18.130524940941925
938	17.638583885257873
939	17.772279100153472
940	20.461625823509443
941	18.83550238196826
942	21.311374299189385
943	17.582559054317905
944	16.987081983907533
945	16.40186901698524
946	15.510744598530106
947	19.091844708995065
948	18.784973161629335
949	18.946018285956235
950	21.76093104183019
951	18.259515133356995
952	19.894768471605495
953	17.568676678125485
954	24.080124922545355
955	16.049940904485993
956	18.65084074717015
957	17.015029629334457
958	19.850580310375477
959	16.79659614756626
960	16.67811944679695
961	21.522467532750156
962	20.077842580986694
963	18.733220844553284
964	19.54308911348926
965	20.101899463635043
966	15.977723907952642
967	20.412858969586004
968	23.834639329879014
969	16.245526447529084
970	20.272297940462174
971	17.53074905164837
972	14.513807741879566
973	18.411049451626603
974	20.111414066166617
975	19.04250241877744
976	18.630904266190058
977	19.333252091811467
978	19.507875358995694
979	17.77813576945874
980	26.792574032812844
981	19.339257236669287
982	16.782732669950928
983	17.245846392705285
984	20.760724168432514
985	17.819811690534326
986	19.98718086444828
987	16.3432109036243
988	19.427319552650317
989	16.314299659351384
990	17.934637174046927
991	21.266895154074422
992	20.40458169931339
993	21.302889016040258
994	22.66566346854456
995	16.044602225497066
996	18.136756189522664
997	22.967681328093843
998	18.609055941221484
999	18.63112196627443
1000	16.51694404634699
1001	17.80699451882004
1002	17.775202791870637
1003	18.026533735769753
1004	19.650416491340124
1005	16.06888397303177
1006	16.755085594966076
1007	20.185780447635228
1008	20.284602152467592
1009	17.79233770377591
1010	17.818159743613677
1011	22.54703863575668
1012	17.782007605202185
1013	16.51143368313079
1014	22.451517619068674
1015	22.203389708596085
1016	21.000912751811082
1017	17.581631348597252
1018	18.019830312049535
1019	18.908799274234166
1020	17.96054413960679
1021	15.830805410092973
1022	18.00300101020204
1023	21.926278552560447
1024	21.17756208603903
1025	19.36370887429862
1026	18.394290248132894
1027	18.35356174676432
1028	18.609643809184874
1029	18.058204326039256
1030	16.279753456516616
1031	16.911238920004955
1032	16.151686866755764
1033	17.47459143481208
1034	17.68868107547956
1035	19.398619919694642
1036	17.97815347753099
1037	16.488416005384913
1038	19.080287945780743
1039	22.379538747850198
1040	18.128487348688914
1041	17.771583289173513
1042	18.589991392185247
1043	17.785216805605902
1044	17.49092751711607
1045	17.45597217017127
1046	19.71869019908751
1047	18.451613082353617
1048	18.876328059149763
1049	17.786915037357673
1050	18.982176937377798
1051	19.36926978569478
1052	22.088561678135935
1053	17.978732706216928
1054	18.546643037433203
1055	16.8163663083049
1056	24.27996257550426
1057	18.81816251912096
1058	17.403975965798292
1059	19.550293369534693
1060	16.586679019892056
1061	16.858124009327874
1062	17.02623876446041
1063	17.03253305871337
1064	18.924657546514936
1065	17.078523305926606
1066	19.79902284688782
1067	21.43963655174467
1068	16.288451811543812
1069	17.8818819551009
1070	21.441208758089168
1071	16.646950218133583
1072	17.352062116682646
1073	17.593972433397237
1074	16.772569652703694
1075	15.622157777617263
1076	17.986630892651156
1077	18.039108521159505
1078	18.202773464442643
1079	15.904708614551224
1080	19.033625051755696
1081	18.435721542032315
1082	17.685086902067997
1083	19.04617874411014
1084	18.399901304910113
1085	19.467211558148264
1086	19.718914880357726
1087	16.76111466258906
1088	17.215562167027567
1089	18.60289010269584
1090	20.35669636886715
1091	17.974427089898935
1092	16.603827598548133
1093	18.361594446362385
1094	18.463345483164577
1095	18.738970084554452
1096	19.087156799018636
1097	16.491798297878212
1098	18.469096445413015
1099	19.31362537287682
1100	18.99091313212501
1101	17.627081249411024
1102	14.726698757940904
1103	18.320356240200844
1104	17.528608154606722
1105	17.18990618144063
1106	19.6891234907447
1107	16.265499349523992
1108	18.0177922638961
1109	19.16636698939626
1110	25.520359763894483
1111	17.330221822438762
1112	19.0233523578092
1113	19.255233333119133
1114	18.11126251131596
1115	18.984554175712848
1116	17.19798498127299
1117	22.356626820649993
1118	18.27695075887078
1119	17.226709739034494
1120	17.75571807473898
1121	16.475049559241526
1122	20.335194283316884
1123	18.762436036748113
1124	18.07710294546776
1125	20.463142735858646
1126	16.857166554084888
1127	15.883387059733076
1128	19.509141301916678
1129	16.446184337076073
1130	16.80312889774079
1131	23.026535521246533
1132	20.584580200365192
1133	22.002419718248674
1134	17.46288589973934
1135	18.12747117361453
1136	15.879184134607204
1137	21.092309885192662
1138	16.689975402067862
1139	18.1492582796627
1140	17.2985371950146
1141	19.89034503150562
1142	17.080828945449692
1143	19.15343458794735
1144	17.75615505587838
1145	16.178269259282388
1146	24.398617314819905
1147	18.030757496122863
1148	20.26172096036038
1149	17.351171199326462
1150	20.15701451527543
1151	16.996356976265087
1152	20.52949115215633
1153	18.397316921984643
1154	17.285697316491696
1155	16.739239348238335
1156	16.911464718250752
1157	17.247552122599963
1158	21.94305163797955
1159	17.47485637846601
1160	16.674447277948882
1161	17.7845229534036
1162	18.264994836486196
1163	22.278135851634524
1164	16.553536936815362
1165	19.126664314096335
1166	14.856858590261254
1167	22.484100327168296
1168	16.43986114524115
1169	19.955284498230693
1170	22.52196663570643
1171	17.8268092946407
1172	20.64982282043784
1173	17.05345509545991
1174	16.020503386288233
1175	17.957718798980668
1176	16.363106616690537
1177	20.719679708721483
1178	17.212014966066583
1179	18.204590796507855
1180	18.84797968212313
1181	18.04090596239598
1182	18.210538583378508
1183	17.111464017488974
1184	18.897596915912192
1185	19.512338622156133
1186	18.138293676781874
1187	17.282893699916222
1188	17.598152745507214
1189	19.841667019602795
1190	17.268534650679168
1191	19.09517015706903
1192	21.035588732502443
1193	20.680053060734643
1194	20.30925082054264
1195	21.9755146189238
1196	17.816147367819212
1197	19.61643271072063
1198	17.82684930696826
1199	18.738903063896306
1200	20.615080980702484
1201	17.250318891516265
1202	18.77646951797884
1203	17.701434991309757
1204	18.074426180133834
1205	19.032867786703477
1206	20.28205710813636
1207	19.454896749364554
1208	20.744974689325318
1209	27.09822507484499
1210	20.01549856620244
1211	15.792182510930745
1212	19.990517742668644
1213	18.35044965177695
1214	17.39926699296314
1215	18.223982823913982
1216	19.149181451485493
1217	21.79790534993361
1218	20.689853216844078
1219	19.099934081620788
1220	18.688844756317287
1221	21.46752617507182
1222	17.441750119446077
1223	19.108253227741542
1224	19.07236446227762
1225	18.41624777756571
1226	18.628630899714636
1227	20.78719268879439
1228	19.276606949903496
1229	15.504831197706268
1230	16.836445898796363
1231	16.75629470100208
1232	17.227044723591664
1233	18.005675785122033
1234	26.966458647105586
1235	20.47446317297484
1236	17.586495633668484
1237	18.218340048056024
1238	16.91662952426693
1239	17.352552785581025
1240	18.716333357966505
1241	15.348856163258683
1242	19.932112473698606
1243	18.040614099005207
1244	19.112503340590354
1245	21.609141896803713
1246	17.632595693364486
1247	17.79685110446224
1248	18.758869067004973
1249	18.407209684934994
1250	20.047843050872608
1251	18.967682728207016
1252	20.628761050943286
1253	17.477531459350658
1254	20.322903795086585
1255	18.689535812474787
1256	15.468743479193147
1257	17.862924892913366
1258	15.659378964573879
1259	16.8262455050038
1260	16.98391141365187
1261	17.72438767118516
1262	21.442484901715282
1263	18.62109992067473
1264	16.489536311517337
1265	18.539612606298505
1266	16.657292567158585
1267	18.626044049684424
1268	18.580961342793888
1269	19.664850102011336
1270	17.017322804699738
1271	19.58646148185556
1272	17.86886306148488
1273	18.790586694389724
1274	17.849261718114246
1275	18.658236535135075
1276	15.281792849625983
1277	20.658865026583555
1278	17.063118151267584
1279	19.319304761968763
1280	19.40372853266308
1281	17.966097966429583
1282	19.109731277762677
1283	19.535440408542534
1284	24.036401467672217
1285	21.112547596205363
1286	17.187918399059352
1287	20.122706185575225
1288	18.275986653418755
1289	18.69369902312958
1290	17.730536049597763
1291	15.867881709709764
1292	17.943089658251584
1293	19.66004115008578
1294	27.007601724059594
1295	20.21658591539599
1296	17.287435518163775
1297	16.866923372001004
1298	20.02769386213597
1299	18.02067254632884
1300	20.5367080665892
1301	16.582197852768438
1302	18.91550716014988
1303	17.33598377724799
1304	14.97161120754201
1305	21.42570103086376
1306	18.518736724067146
1307	17.600016101035482
1308	18.977410350381483
1309	19.86101971069972
1310	19.194160327952844
1311	17.3588334854729
1312	21.852123243480623
1313	20.258702079225756
1314	16.984217806866294
1315	22.066804600838648
1316	22.958610108256753
1317	20.045832685830344
1318	16.987755521507935
1319	19.15498220967129
1320	19.518228715216868
1321	19.987903613673183
1322	18.117252928366803
1323	16.862979523366953
1324	24.90497268785839
1325	18.327644173637964
1326	17.863490230175962
1327	16.40912142654946
1328	17.23970368955805
1329	17.03698866238507
1330	18.186145470278678
1331	18.23205866983871
1332	17.193533635420366
1333	17.072880049807214
1334	17.66984829163266
1335	17.329668502998143
1336	19.53642475374556
1337	17.795318412176595
1338	19.14096790271495
1339	21.626985701946786
1340	18.11438372361652
1341	19.20332311588009
1342	19.578623839986644
1343	18.915183000874183
1344	21.715634705797616
1345	17.532875944976695
1346	17.944021296421333
1347	23.38911399128372
1348	18.01480329319369
1349	20.596254299747788
1350	19.542792536206044
1351	19.871987823204005
1352	19.759788599232625
1353	21.028522618408143
1354	18.94615312386304
1355	23.925199065260433
1356	17.449383681220933
1357	23.219124149688035
1358	18.478275282582377
1359	14.990876152707568
1360	20.229894000191607
1361	23.774412976620642
1362	16.57883548724647
1363	19.66486425731176
1364	16.581105079625132
1365	21.15574208235961
1366	17.089904055358808
1367	18.639053907483078
1368	17.926730679681377
1369	21.641648103868857
1370	15.438283623925312
1371	15.425973357850403
1372	17.828690261778807
1373	15.862147681269562
1374	22.19743253170284
1375	18.402025875802604
1376	22.847202180212157
1377	19.539779099117403
1378	18.935492497597906
1379	18.768874855429335
1380	20.060371253340104
1381	17.7623246174836
1382	21.220913310456325
1383	17.1699460548209
1384	20.485378966450558
1385	23.368383996763868
1386	19.245738255785824
1387	16.188446902837125
1388	24.497990170827784
1389	18.71186436962929
1390	22.58561442761828
1391	15.694147704465044
1392	18.30226196516305
1393	17.4760802785149
1394	19.002475003749133
1395	16.780396648282185
1396	15.838895768927847
1397	16.9327629531337
1398	19.99848310170928
1399	19.626005310560668
1400	16.74211155866316
1401	17.02089849950183
1402	24.001703965189137
1403	21.95307575171769
1404	17.043261847938993
1405	18.963754325801897
1406	20.914509766564077
1407	23.065716191843904
1408	18.90145544951043
1409	18.21615344705589
1410	17.77522328668373
1411	18.099259566481006
1412	15.88101883501161
1413	17.275518096936867
1414	18.65463936310978
1415	21.93051955005122
1416	17.18718073100974
1417	18.20398157651151
1418	17.362965079774668
1419	18.034602421157373
1420	24.401344126243735
1421	17.832336548466756
1422	17.82001035593982
1423	17.36665313069243
1424	20.065151857748237
1425	16.787700847045265
1426	22.752255853374812
1427	18.71141486305957
1428	18.0623956530711
1429	19.314161022277702
1430	17.666134571453604
1431	18.97208037641725
1432	17.289368623326457
1433	18.530477143525196
1434	19.293108016394488
1435	18.362898627213916
1436	20.172523332804086
1437	16.428480052689434
1438	18.799993280576157
1439	24.936971612213377
1440	21.956996644999638
1441	19.018912099212645
1442	16.57178491635502
1443	21.13401999391902
1444	18.056471310149973
1445	18.73072181225243
1446	18.78693905626782
1447	17.35868639550291
1448	20.15169504059192
1449	17.572700497137703
1450	16.73075571011732
1451	20.491577771845563
1452	18.34238605887629
1453	17.681541251385227
1454	17.156696594251446
1455	19.326055459393075
1456	21.595429389686323
1457	18.855915193350732
1458	28.274041759306176
1459	17.616888737655245
1460	17.235842315585945
1461	22.241899113379123
1462	16.691599731719954
1463	24.17137423157692
1464	17.53963006000466
1465	17.144495897850117
1466	18.091418004998317
1467	22.601069944017656
1468	18.39417395654968
1469	20.305684271629207
1470	22.943168487746586
1471	19.286272249592002
1472	19.96757183934512
1473	17.455454019995063
1474	19.003794811196265
1475	21.869660944556625
1476	18.983008720255455
1477	19.587137598178483
1478	28.56434517589191
1479	19.136696581129343
1480	20.851299203857977
1481	18.317059805879417
1482	17.427922390640322
1483	18.32496207907042
1484	17.426911155977365
1485	20.28806730389032
1486	18.063684446306432
1487	19.44188594108952
1488	19.92390874551223
1489	17.7785003098301
1490	19.779459979509674
1491	18.159605354914028
1492	20.040872077586496
1493	19.08225715284546
1494	19.611555402521677
1495	16.89173475014656
1496	19.619526651509418
1497	19.05304476519613
1498	19.847221737526805
1499	17.21238426313872
1500	16.922050324392817
1501	21.654495647112125
1502	17.567618941590027
1503	19.697085881131617
1504	18.48328853834731
1505	19.239932865467853
1506	16.108475125735886
1507	17.982110009606306
1508	23.698944289823814
1509	23.45842643983078
1510	16.424322580956222
1511	20.193882779604923
1512	20.051205198213115
1513	20.25922358380194
1514	15.009015935204493
1515	17.947274162496726
1516	21.206354236400998
1517	20.825040168076335
1518	18.891604310855634
1519	17.428644263879395
1520	18.423489104149603
1521	18.54283140203476
1522	22.39912835771351
1523	17.833727038863838
1524	19.825115390859967
1525	19.371651850234674
1526	20.74123736010548
1527	17.791309510595358
1528	17.592634570746768
1529	21.23921577461099
1530	18.38341878578649
1531	18.704852286229823
1532	20.518611796601537
1533	17.02556116458436
1534	18.972967062026218
1535	20.852516986910874
1536	20.306787062577705
1537	16.761906326117536
1538	16.66812918460745
1539	15.272667096015446
1540	17.567644572933204
1541	15.96957763425226
1542	18.744709661429408
1543	18.409418646390712
1544	18.194992673288134
1545	22.92200459758466
1546	21.163667030166835
1547	20.78037946299142
1548	17.57482683492514
1549	18.82361899074167
1550	18.74065117581437
1551	19.47774537286642
1552	16.218298791957945
1553	18.702768925014276
1554	20.602536550849553
1555	19.33670873630367
1556	18.145647979735468
1557	18.680509208294097
1558	17.67216618208341
1559	18.295659623958635
1560	17.717659524758346
1561	17.822641659382974
1562	15.213623463033489
1563	17.379667840060954
1564	18.63467835777185
1565	24.99591845740162
1566	17.742837292545786
1567	18.298494561195927
1568	17.745224766290367
1569	20.064822335442496
1570	16.689889154042415
1571	22.375564614756275
1572	18.211122605823103
1573	18.707585738126742
1574	18.132096524386725
1575	17.316313098743557
1576	18.70263162423142
1577	17.477556361641014
1578	19.722542155918198
1579	17.76791750511805
1580	17.791913736464554
1581	18.779843014516782
1582	23.449723888481795
1583	17.648947813282057
1584	16.911810388580005
1585	17.412367078405804
1586	17.9418200566038
1587	19.974548823530363
1588	19.391082954640357
1589	16.676460641092095
1590	22.185251816392835
1591	19.932380929413462
1592	18.290220860933633
1593	19.055128543459894
1594	18.413952071764506
1595	22.57533169618842
1596	15.776396633927444
1597	19.845462607452646
1598	20.102424233631396
1599	17.89108013897678
1600	20.07716102664859
1601	18.238283115301535
1602	17.591606430723058
1603	17.05056865249246
1604	18.11370990605792
1605	18.594637245477106
1606	19.62098649099661
1607	27.83379989889727
1608	16.313146400534443
1609	17.10329270026593
1610	15.855563558434369
1611	18.821265227178596
1612	17.915279001230374
1613	16.798017094966355
1614	18.37439559600217
1615	17.140662884346746
1616	18.725609257710975
1617	17.440730373452727
1618	18.567994499475592
1619	15.978274467210708
1620	19.229515392087738
1621	18.35027449415522
1622	20.20362033260207
1623	22.54737146273126
1624	17.16633344722712
1625	18.081140391166425
1626	19.214334577051623
1627	20.702671245486496
1628	18.39982776199307
1629	19.35867333123787
1630	19.175816816188252
1631	17.120220757697187
1632	16.19514322127649
1633	17.373428076753676
1634	15.137663443995363
1635	23.75989058856542
1636	20.971576549232196
1637	19.076469305898634
1638	17.486516195894318
1639	17.999761132933642
1640	21.750764252581366
1641	21.24717916908869
1642	18.70624289407557
1643	17.065742494863308
1644	16.277370765458375
1645	16.207524334823784
1646	19.288977407166854
1647	17.754422746696186
1648	18.43544498095518
1649	17.83399071147461
1650	15.353258816962608
1651	21.67172631638294
1652	18.65405750472835
1653	20.181259882734675
1654	30.066692992645716
1655	17.763964820848777
1656	19.37701122939498
1657	22.86141137851244
1658	17.94841591941351
1659	23.880522073548356
1660	18.023464024616803
1661	20.40595833997109
1662	20.014433613864387
1663	21.171611529385753
1664	20.752874598267294
1665	16.171000981533037
1666	18.278812778774384
1667	15.315109305554705
1668	22.515519598058585
1669	19.417603370703837
1670	18.49635533056658
1671	21.298141015669035
1672	18.352530799779398
1673	18.822298765669814
1674	19.6010116410484
1675	19.06547811594889
1676	17.854327803928754
1677	19.127230216071688
1678	19.3599356376857
1679	16.14000279008888
1680	20.625054076995344
1681	17.886142872106763
1682	20.471668166960757
1683	17.87315912094423
1684	18.979028168156567
1685	20.843742855828346
1686	16.070020426726458
1687	21.303237012348838
1688	22.182482577939517
1689	16.546691079294153
1690	17.34006693213672
1691	19.630528878260805
1692	17.86203506446909
1693	18.57991538225653
1694	15.33304265846382
1695	16.231980453328923
1696	17.87518944007655
1697	19.60181811125591
1698	18.40926236550304
1699	17.684621900785714
1700	18.84094086829931
1701	18.429429524125798
1702	24.257040152248617
1703	15.742363813258708
1704	16.77244284489162
1705	18.567818177303046
1706	18.539238637062507
1707	23.17025258440355
1708	15.452987219177139
1709	16.922943132691383
1710	17.175893094609492
1711	20.23340250620718
1712	17.66713172855445
1713	17.928357271404536
1714	19.35394744691439
1715	19.653493300091387
1716	25.414582582137275
1717	19.02422611064654
1718	19.459915765933694
1719	21.006426764295124
1720	18.070952798867104
1721	17.18171249232434
1722	15.667628780606778
1723	16.007354679684607
1724	20.2155366263941
1725	16.909974410780706
1726	19.569692899659277
1727	18.70516206831552
1728	17.540858766155353
1729	23.75065934506396
1730	20.170995303165082
1731	17.618887089227545
1732	18.92521583943806
1733	19.455815223121675
1734	17.515361840199844
1735	17.179829994775353
1736	16.942774279211996
1737	18.831387785733416
1738	16.999602854001996
1739	20.390185219424893
1740	16.772283558420153
1741	20.992835913601862
1742	22.99198605932179
1743	17.930392288884224
1744	17.928591503894754
1745	17.60848343354051
1746	18.63205662399258
1747	20.890167726965217
1748	21.190352095295495
1749	16.67264477592893
1750	17.755065842580354
1751	17.096976908510552
1752	20.55829197476019
1753	19.06270301235374
1754	16.359709397007368
1755	16.749669204499998
1756	18.29378980268874
1757	15.342470051941628
1758	17.908949631763708
1759	19.86564955711788
1760	17.683507854690436
1761	20.878663183352206
1762	19.736372426876592
1763	17.5103660581528
1764	17.496855058094333
1765	17.60790668055415
1766	16.71932293526576
1767	20.06637106197221
1768	19.834981279435734
1769	19.32027475360999
1770	18.013254758131144
1771	16.32336061373216
1772	17.296170774969603
1773	18.114960585958233
1774	17.452633274901334
1775	16.465066968901084
1776	20.95781756385917
1777	17.229982657919233
1778	20.241101268784337
1779	19.650744528738272
1780	22.252495208062186
1781	17.38104727940985
1782	18.616305714805037
1783	20.130396343690034
1784	17.01900811068804
1785	17.638273383898195
1786	15.483741948922397
1787	19.841320963971416
1788	20.60972199696017
1789	17.39500344710161
1790	17.847676828875148
1791	15.705675545761862
1792	20.920841813995885
1793	17.21296263815653
1794	20.94664369697286
1795	18.438046240427397
1796	16.925859783252236
1797	17.704094175902277
1798	17.91437092395231
1799	19.28407674933784
1800	23.779498677526135
1801	18.990618556014102
1802	18.62096952142821
1803	19.875004421875236
1804	17.57310032588925
1805	17.673077636302033
1806	17.680624629358615
1807	18.44075059757984
1808	18.78478538252267
1809	18.665451361671124
1810	17.260908437653836
1811	17.200713284572867
1812	24.183761716253038
1813	18.72012362057077
1814	17.307628567662448
1815	19.348894213614138
1816	18.184343452453614
1817	16.240717425785395
1818	21.021369930060068
1819	19.677378937434188
1820	22.09261190294288
1821	15.68621235171136
1822	21.07231302062551
1823	19.59569255598355
1824	17.49784740202291
1825	24.655088401665644
1826	16.856830715807156
1827	19.18140874903442
1828	18.681662705447525
1829	17.54221706113616
1830	17.620910388155608
1831	17.15856702216635
1832	16.70086151299524
1833	19.08721153095585
1834	19.119144591578767
1835	18.365594267017862
1836	19.3028128138447
1837	15.51652862493671
1838	17.244037816025394
1839	17.248376586003754
1840	17.23311258163303
1841	24.625052233305592
1842	17.117810439403492
1843	17.54431020517368
1844	16.685823107195063
1845	17.557610264392377
1846	21.421105692930954
1847	24.92939433369611
1848	16.967494275093834
1849	18.19279519532693
1850	18.384581166658673
1851	17.45100151804276
1852	18.676497812138688
1853	24.571350363922786
1854	20.782454950567118
1855	18.15699895816215
1856	25.472295517011926
1857	18.470407629633282
1858	17.312578408419096
1859	19.578107859240845
1860	21.64314157273743
1861	21.061144342329353
1862	20.598130282069754
1863	16.840296156768655
1864	16.764107567622446
1865	16.79000972619542
1866	19.244483825014903
1867	17.07261572564902
1868	18.101957629745204
1869	15.077783852815628
1870	18.69852657809834
1871	24.456078069712966
1872	17.8633064881866
1873	17.694956672479485
1874	17.838743913787766
1875	20.774930766317993
1876	17.092787158345647
1877	18.13945104529494
1878	17.785247151721634
1879	16.539774630090687
1880	20.101935558082914
1881	17.78301845880536
1882	19.14153237053324
1883	16.693741881976496
1884	20.06423478027185
1885	17.229142615767685
1886	19.498845268257387
1887	15.64194314909224
1888	20.78667543248998
1889	16.92878947092686
1890	18.272826567274304
1891	18.64660723682298
1892	15.650325025613842
1893	16.876347116744544
1894	16.507545753484365
1895	17.594963257062577
1896	15.8760338833011
1897	18.930063225838634
1898	17.816311521648334
1899	23.200443006257583
1900	16.49575199176454
1901	16.961675632241267
1902	18.595583089092443
1903	18.30863414363771
1904	18.857062526284718
1905	17.568620866169315
1906	16.10306450040438
1907	18.850815559639596
1908	19.860616170004697
1909	19.682186504500866
1910	17.11420169651528
1911	17.48507293640963
1912	17.097362667536608
1913	17.09740389379809
1914	18.30506582925235
1915	19.156217458106024
1916	17.18762820199836
1917	16.20108577807581
1918	20.542334953527245
1919	20.399545082817152
1920	16.025035875245965
1921	16.86473058529198
1922	18.667237671426847
1923	18.14977747696269
1924	17.076790199373445
1925	22.290813888987113
1926	17.49337126546335
1927	17.069235772185493
1928	21.13071298762626
1929	18.29301277194948
1930	17.28115774557675
1931	19.870303473662496
1932	19.740631361154374
1933	18.897040177781932
1934	17.903291755392274
1935	16.74723927556029
1936	18.59742960424046
1937	19.493856958015105
1938	15.82642729025584
1939	18.65745515997904
1940	19.818987716868932
1941	19.017442397507175
1942	22.327878934154736
1943	18.83545544020728
1944	20.303451962292456
1945	21.899899699745028
1946	17.40804829630233
1947	17.385125422363032
1948	18.553360412290203
1949	17.139315668247246
1950	15.984876326546527
1951	20.569521629432185
1952	15.98050104497113
1953	19.25645478633069
1954	17.66372847055797
1955	17.038970852066996
1956	17.92893125395113
1957	18.39451654835676
1958	21.873622770157624
1959	25.5400014193075
1960	18.07553039710632
1961	19.483569262128892
1962	18.155570770017803
1963	23.33537102129117
1964	18.574243971140966
1965	18.37275153271854
1966	16.252521593718686
1967	23.398360756911195
1968	17.577976609114558
1969	16.32041471544653
1970	15.97927404572935
1971	17.840360866153034
1972	19.826712739909432
1973	20.441611343843125
1974	20.48272653665537
1975	16.84986610791125
1976	16.96757763277111
1977	18.244221260519446
1978	20.30624610054432
1979	16.593807396448582
1980	20.38952141352074
1981	17.25966940121219
1982	17.57598951150124
1983	18.49797976033154
1984	20.234443196629098
1985	18.713250503304327
1986	16.0735122989825
1987	13.582134707871338
1988	17.721391345130098
1989	20.980723510913247
1990	18.904684742830188
1991	22.125103162183446
1992	16.224511854338925
1993	18.003817821867646
1994	15.83211778344897
1995	19.135789932730734
1996	22.567333321176232
1997	16.19821635349136
1998	18.96451709083123
1999	19.448605832108296
2000	18.071414935523837
2001	17.55335008782239
2002	24.660645788107985
2003	17.557220595132094
2004	17.984855001152027
