6	17.008132598402273
7	18.495884210343814
8	22.621464470024677
9	17.49671066281254
10	20.9259756996506
11	18.581781822459824
12	18.111434936101325
13	25.817054994026435
14	23.244610120970357
15	22.68294586909871
16	18.713146725190065
17	22.151970337086297
18	19.576489443080284
19	19.71002080596348
20	22.170331329607247
21	18.952060198261332
22	19.783830131639785
23	23.205588172551586
24	17.895646893784207
25	25.42059139862747
26	19.75192065481169
27	19.97987778925223
28	20.514490547316573
29	23.83877778370336
30	18.403101236410087
31	20.17048895788019
32	22.148275114400274
33	15.674911951534936
34	19.77286044192739
35	30.97921689835943
36	19.081600994183223
37	15.995089920638524
38	20.594493791920495
39	17.82208547256562
40	21.835486264776915
41	25.665960595809963
42	17.255183112338603
43	19.59020505996271
44	20.99304410872346
45	20.83678160387801
46	23.733472435755314
47	16.259297349800494
48	22.466297180138564
49	20.153042062102845
50	17.856818511845987
51	18.211985658422467
52	25.68539818587967
53	18.694486686172638
54	19.109310027498868
55	18.963683875171323
56	13.80524983505784
57	20.954951245782148
58	20.906729195550316
59	25.01118351717263
60	18.17149310497171
61	20.304822548502383
62	24.96826560527049
63	23.335288662949864
64	21.60182744650065
65	24.189500178843446
66	21.18970281041247
67	21.333304728268903
68	20.629397946893214
69	20.837098800550333
70	21.75885582149792
71	23.584647613001287
72	19.858524572612293
73	21.95101397491817
74	23.628660141009888
75	20.047412177191
76	20.455173005794194
77	20.571735212184482
78	19.300077281567386
79	21.243899024913844
80	18.249210335972847
81	23.502975971457968
82	23.139671470334626
83	19.61575757728491
84	23.799149871314217
85	24.568300055928958
86	25.770935750155495
87	18.902101184577532
88	22.070605630507252
89	24.81683992275094
90	23.284372593218826
91	21.015281745074716
92	20.825386750079662
93	25.833691368630106
94	19.5764953284177
95	18.490080737403332
96	18.154059902470408
97	21.301815796216246
98	17.20750962169286
99	21.040565895516494
100	21.268949573610332
101	22.199072656386328
102	20.108073953533214
103	22.89383683118091
104	20.884297055619086
105	21.4472115999137
106	20.2306203274545
107	20.375070189587102
108	19.240720082087723
109	23.16978720213094
110	18.024318327502026
111	22.660806589993786
112	24.138279109574235
113	20.02769574779833
114	21.202078593117086
115	23.112348333424052
116	17.82407336173382
117	21.839994715123677
118	21.29105114873802
119	18.911212481515804
120	22.366404323663865
121	21.535732768926493
122	19.80376390958619
123	16.87096256472864
124	23.014006990097265
125	19.451601320158343
126	18.772924102534223
127	22.68850745300869
128	21.344302708996857
129	25.18530145005577
130	21.13346787760529
131	22.087638598355323
132	18.562958946210177
133	19.736146099601854
134	20.855211680445624
135	18.958779315554004
136	24.205112322600986
137	18.93745043676098
138	20.561352339975734
139	19.8364831497554
140	16.398377146564442
141	22.894440896767374
142	22.922216195982124
143	20.16728129510975
144	20.087462046918155
145	18.73348697473167
146	25.14429742497198
147	24.25887714697954
148	21.715845116344465
149	20.345705835075005
150	20.019435154891614
151	21.845467078557704
152	20.02010227114896
153	19.276031874406566
154	23.775976197983887
155	21.966204014602297
156	20.473766254880847
157	18.38101001479746
158	21.397325285695416
159	27.390288998600752
160	18.09109169932388
161	21.82227787647336
162	20.247424355811457
163	25.532300298189018
164	21.22813167256733
165	19.43660964458
166	20.34425237089354
167	19.062451900345746
168	19.99368866094256
169	26.72311890309333
170	19.273427524114755
171	23.98570876657724
172	26.538965176197095
173	19.083807256550063
174	18.043386171246365
175	22.819669688838378
176	18.207280820088926
177	19.6010175803699
178	19.698176437843852
179	21.83933224601649
180	20.614724220350514
181	28.893401144535165
182	21.173857048443573
183	24.804712357273925
184	26.489261006433818
185	18.873674723400335
186	22.650685174878163
187	21.21893051790003
188	18.59692111567014
189	19.17585717052053
190	22.57470273926031
191	20.897344848675193
192	20.119634258911663
193	17.727067180320525
194	22.49948785274076
195	26.235293682319668
196	19.719745694914423
197	18.483384352720652
198	23.99865415323869
199	22.867363992671635
200	16.602748245827872
201	23.267565678324683
202	17.96021642742271
203	22.557328098925655
204	20.12803431846098
205	22.58671446080753
206	16.333740084365434
207	19.282467475230696
208	24.83058303097661
209	17.33608701320932
210	20.964757549072385
211	16.11645818624238
212	18.26767526356062
213	18.69475589151593
214	25.859596691875435
215	15.974444238573955
216	20.511897001267226
217	18.09966025515496
218	19.586742317608316
219	22.597321558910828
220	19.86103269383418
221	24.382214186197125
222	20.541586349697422
223	18.70958436050475
224	19.862013238111192
225	21.152983211940462
226	20.07472707727695
227	17.555139178824774
228	18.44909674397744
229	21.345633978815435
230	26.667199369153803
231	20.169038906891267
232	18.53380979495893
233	19.928164824112123
234	18.604183637659517
235	22.344083341352885
236	20.35416873468469
237	24.564047479193526
238	19.77764578857582
239	19.074371655661224
240	19.77879465260908
241	18.483806690821734
242	21.266677173195657
243	29.648496960143788
244	19.09772536830685
245	17.445637187068563
246	22.897225886246705
247	21.84214046411867
248	18.64658310937986
249	19.380627917509905
250	20.398782608411704
251	22.045877450402234
252	20.839002162162632
253	20.063028074171555
254	19.891944088907387
255	20.58544034985789
256	21.232921338296826
257	23.216786879734844
258	26.817774765208753
259	18.823211409633775
260	25.25658514330846
261	16.652274795837002
262	22.721834688996296
263	19.29131004153597
264	19.103650701790652
265	17.03064512407142
266	17.37143524424838
267	21.000140226783888
268	28.62043528066806
269	18.82709437644433
270	22.009671257220138
271	21.353857860735676
272	23.573810545043255
273	21.173294736733574
274	27.493417124898734
275	16.720651852565222
276	24.980710088184498
277	21.23129328541444
278	20.542200253812524
279	19.157209453728925
280	26.52175855734903
281	28.18021595255006
282	19.817134021060927
283	20.2347420030189
284	20.730467992798463
285	16.913420977412237
286	19.549327340934884
287	19.233456051650087
288	19.053952553841686
289	15.574377869297804
290	24.119059733214176
291	20.280480732952597
292	22.32724270428298
293	18.69088789923669
294	20.45380414931027
295	18.517996578637934
296	18.929161542586556
297	20.28749594100188
298	22.17260804796152
299	16.84135976530888
300	20.569634070543973
301	22.529694116335897
302	19.202268369317313
303	21.724623523311845
304	21.16391911531987
305	18.05217483577778
306	23.98608583344263
307	21.70426027792121
308	22.805518041735496
309	20.413944281405826
310	22.21584994943114
311	15.38262538801235
312	18.741102024687596
313	20.470209403000023
314	24.785111251485407
315	20.612987072313263
316	24.20097985145593
317	21.86438093657198
318	22.015093866652652
319	24.7405375117744
320	19.096579013632848
321	20.51513472417599
322	28.730088758869652
323	16.98394960037051
324	21.13707966271864
325	17.55727515434626
326	18.51790246848866
327	17.156141924692374
328	20.68586174833239
329	17.1920555657171
330	19.18374742901263
331	30.322668678796617
332	18.942760984734587
333	26.882783385182847
334	22.18799323894644
335	19.256268070462514
336	16.662271041720025
337	18.761124765520158
338	16.915769203824105
339	20.85911774947675
340	15.87773495302702
341	20.891909058793598
342	20.040426283590413
343	19.01990018565694
344	16.098554100808382
345	21.3156239254713
346	18.94556262516893
347	19.704752308981476
348	21.66993898922331
349	21.71900464618146
350	19.101860655328732
351	22.331079021272792
352	19.68009033680021
353	22.593678601076256
354	19.226302768898996
355	18.881194919671138
356	20.329056235074148
357	18.095762373291556
358	18.93187218472447
359	27.51428350997028
360	18.669693884296127
361	18.745825084349054
362	18.869905678106228
363	18.365789663333757
364	20.480998965351194
365	21.23715083331774
366	19.05369326632975
367	19.30809151805821
368	26.870367519962713
369	21.522447518199662
370	22.88098863610116
371	15.81101474696742
372	21.15663994933374
373	18.582614507665674
374	21.329546189394932
375	17.95751394886299
376	20.56242336417587
377	21.68071521160014
378	19.038142667483637
379	15.605924099609158
380	24.266516250531403
381	24.10177997608087
382	20.969810115119596
383	24.183761531592328
384	20.476545519787695
385	21.24995052476951
386	25.14803060431675
387	21.31280925401814
388	22.783918764830258
389	23.53217572623849
390	19.193042322163187
391	18.614761400700477
392	18.3311774286977
393	21.026295388633482
394	25.009899200165158
395	24.18975661004139
396	19.55031118221715
397	22.882308243585744
398	20.15916099618688
399	21.64966603019067
400	20.9003087669623
401	18.627916238389194
402	29.06853414600591
403	18.623155347486318
404	20.40971505603001
405	18.893792323130093
406	18.833934190199646
407	19.11419343234186
408	20.546335857515103
409	19.397374602322955
410	20.53177789752008
411	16.972144422611517
412	21.846522391424514
413	23.268798899271026
414	16.707462034972558
415	24.040465632806637
416	20.72275085961834
417	19.923044182611836
418	18.65463282153675
419	21.945878232558
420	27.087276868917495
421	21.406690727185357
422	18.5651166560348
423	19.376376499971748
424	23.34913981596953
425	20.307188990551012
426	18.478724170551526
427	23.257326843843046
428	21.750530296700653
429	21.51168162354136
430	19.94001561155414
431	20.205192235741052
432	23.387051120115277
433	20.01359669944879
434	22.092982544284578
435	20.399974940782016
436	19.39199320503103
437	17.48498950800307
438	21.773568860118736
439	20.023067851763727
440	22.600324217906916
441	22.09152225994416
442	23.617622270849427
443	21.954794369898188
444	22.052988324883337
445	19.27192872401186
446	17.52791656309855
447	20.5503621917956
448	23.43111846013516
449	21.151275024483247
450	20.48412411804311
451	19.865408446145505
452	20.259241803904857
453	18.12030514781826
454	19.536081192165952
455	20.40659603376019
456	22.740178124850296
457	19.19986687974819
458	17.60972343161344
459	20.071149140179745
460	21.393888277033167
461	32.390423892200594
462	18.30329033216945
463	23.31615310633788
464	18.808010444174332
465	20.15938711631939
466	19.550378253965864
467	16.593542556757765
468	22.694761194688823
469	24.750854368482525
470	23.2180489953827
471	17.848473250620632
472	21.452031887840104
473	20.51871925627035
474	20.292491191196312
475	21.819176474091364
476	20.255640465521015
477	19.92717614173307
478	16.676123105795558
479	17.134226676508163
480	21.148198351193955
481	21.09919520945908
482	17.39076010720718
483	19.485922369797184
484	21.26346833239296
485	21.879244062487818
486	19.351452243313126
487	19.34003686628865
488	21.482828502507086
489	22.40842220423114
490	17.390519929564416
491	20.795340797779822
492	20.346569149732936
493	16.416807689798336
494	23.4794375389144
495	18.143738578485102
496	19.117195940557615
497	19.66023842725211
498	20.018700075212436
499	24.01371888794141
500	22.18327293816942
501	18.890415215191336
502	38.726070297826716
503	17.937445894999726
504	27.684631837852745
505	26.88797785881543
506	21.222679138069655
507	18.189497033295545
508	17.86458232163825
509	20.523543955911435
510	20.80363159195413
511	18.337929796697015
512	20.87547558690809
513	20.61186098117851
514	20.924742633178113
515	20.580358902998462
516	19.297040441744944
517	19.714490139266868
518	21.66265387667776
519	22.316183782781632
520	16.93642675262776
521	21.09839530935763
522	18.13348688945407
523	17.837596672042903
524	22.083352275789142
525	17.938022758375563
526	22.30502414291065
527	18.433225923356076
528	18.832155616247583
529	17.604111500027088
530	24.787317956466914
531	18.81191576843688
532	25.096374141273195
533	21.0382242825048
534	20.105528624175843
535	19.27928088092834
536	20.88505148651252
537	21.08691331823951
538	29.251005801629656
539	22.008729946494196
540	18.12495543678233
541	22.398161433390616
542	21.02268856956221
543	21.407994107173565
544	19.221640035617522
545	20.64633852698919
546	20.839923059281702
547	20.463359345427307
548	22.639060075541714
549	20.52085467656691
550	14.732205342326779
551	19.058883523195668
552	19.348425242452464
553	18.942841421311293
554	22.557099234234492
555	19.713756288888785
556	16.276653564525102
557	22.687754486763403
558	18.061703714996924
559	18.285917519560567
560	20.123186860546532
561	20.85174355895504
562	27.084331540914718
563	21.175971699867546
564	20.063319132117492
565	20.55564743740361
566	21.431322206654965
567	19.391728408287154
568	15.503759278869257
569	22.540466453143782
570	19.128580419571204
571	23.022758431779597
572	19.459537149085946
573	17.887601557691532
574	18.029736050925052
575	18.504214150761662
576	22.392389396922226
577	18.67378995638413
578	24.1157903614083
579	17.7078943417182
580	19.996758689020023
581	21.56471518399617
582	19.73521521281081
583	18.417232586197432
584	24.71048756090535
585	20.782755682801294
586	20.85811202871803
587	17.727782787504236
588	20.274781357857
589	21.41977563719091
590	17.365370464398815
591	27.058076201703322
592	26.010730159571253
593	16.92427634651316
594	21.45440166534119
595	18.01553586135132
596	21.49249503300015
597	19.585492280820954
598	21.92505913573162
599	22.10813968219224
600	20.93607934928367
601	21.410180173162164
602	26.666667600320135
603	20.31053713733578
604	21.459271445566706
605	20.766369283995658
606	21.776478063188343
607	16.206897001777264
608	19.46560055521283
609	21.039831381797306
610	21.864901292142754
611	20.691391001004583
612	18.242100565097644
613	30.727581948064504
614	21.619130426465244
615	21.338158436180997
616	18.695977389181888
617	33.76651656340224
618	27.287770692313124
619	20.785982468279546
620	22.507899451350124
621	20.077986367229773
622	20.53523051035984
623	19.075238558819947
624	21.910985888595597
625	18.741377515456957
626	24.730999890637275
627	16.29734590320862
628	22.392313823567626
629	22.78013267755159
630	17.636086247839827
631	24.09834193945124
632	19.690407703670314
633	27.346919684730338
634	19.354739840501946
635	18.5829867407929
636	23.972653903935377
637	20.85016091921272
638	22.499513472083358
639	22.623107067960458
640	26.669471841593108
641	15.67048464804005
642	18.920847515504235
643	21.985165718145883
644	18.805226168129593
645	19.749019896608146
646	20.2951678494299
647	24.10028808625904
648	19.869097132649934
649	20.006263181325405
650	17.093188414390646
651	19.146669893912275
652	21.197801158272107
653	24.03387320272071
654	22.557256451101992
655	17.902282192955393
656	21.964437528680634
657	20.09064571365803
658	19.5327333918356
659	19.129018962802768
660	18.878686975705975
661	23.38949095512843
662	15.475031104165678
663	18.907625960155634
664	19.108029758667627
665	20.648377002168107
666	20.171501726315793
667	21.155226859943735
668	16.36955738289282
669	20.85603416979029
670	21.726374606565244
671	26.7429364256328
672	30.06704796611943
673	20.965274260203763
674	18.343224764141876
675	21.32576171629286
676	17.241091927837502
677	22.696229639162897
678	20.319156102976066
679	28.000628106195816
680	20.495860840316283
681	20.96371846395187
682	17.980128925307543
683	20.26388361097867
684	19.483937712537017
685	22.427394122553807
686	25.026007138313016
687	18.071703290723043
688	22.290729194106383
689	21.261338497625033
690	21.48488273686639
691	17.842671815779504
692	18.22307051815248
693	16.98121831358801
694	18.85756873794618
695	18.752735516861623
696	23.079583539247203
697	25.06091286062847
698	22.154984269654705
699	19.87708190030258
700	26.310366333140568
701	21.21148801114417
702	20.685785251697386
703	23.157530980535768
704	21.723179473303304
705	16.219173093008894
706	21.911827781509693
707	22.79435729257153
708	19.075745959300548
709	20.528909449982063
710	24.807582633175965
711	19.870213966609512
712	23.769058130071816
713	21.046798019986248
714	21.07017684053685
715	19.424565525038975
716	20.89706013289705
717	21.621592261854182
718	18.722121356311256
719	39.19684847288786
720	20.67617390893328
721	21.21084359271466
722	21.56263576708964
723	19.592246922935274
724	19.54099033905368
725	18.89326422834049
726	18.39298165061175
727	24.024386993311346
728	21.206809619869578
729	22.22498844053027
730	19.771880852743326
731	21.59215599201391
732	22.15752645916291
733	20.287530009306714
734	22.46631958954441
735	15.519151084331263
736	26.853277893999422
737	22.102056439341847
738	20.822338573054626
739	23.051234084379708
740	23.018379613647568
741	24.70485382150666
742	23.483342173874885
743	22.03306115652507
744	19.694039918514054
745	18.834632164401313
746	25.181112637380675
747	19.09416292143578
748	18.686865821504632
749	22.034072687001704
750	22.70254241210333
751	20.31242807344684
752	22.45599719281346
753	20.932358132693917
754	24.791182320099324
755	19.786107134511532
756	23.558714247741296
757	19.911312839140628
758	21.74302944151872
759	15.450695838463227
760	20.855964885035064
761	20.398619802492803
762	18.169294280542193
763	20.109497496980474
764	22.613166853281655
765	21.393934737069202
766	24.521951490614274
767	20.78092540666595
768	19.723351362928913
769	22.577130544586588
770	18.629939454882603
771	19.78625686733403
772	22.64553214940124
773	20.372533365995224
774	21.211600028806934
775	15.665539057914996
776	17.337550289624843
777	20.382842744407693
778	20.94396052494868
779	28.366931175071176
780	20.809874287388144
781	16.953289117474508
782	21.39615984570819
783	30.27896907255527
784	14.556959090741085
785	18.653519663201035
786	25.2082028978556
787	17.784275220606702
788	19.425320478782634
789	26.165892065790104
790	23.620444265742304
791	23.42881638958954
792	23.06430162784842
793	24.152210221753474
794	19.706381812760018
795	18.810525190940574
796	21.37424415149144
797	19.694302885736516
798	18.935407949302657
799	23.46063219594433
800	20.39231145402778
801	18.956210312435253
802	19.606998578521598
803	21.757449577911757
804	19.1682776160003
805	22.779922339970906
806	18.794346319584832
807	19.351135366292418
808	27.25817225449466
809	17.45741103023239
810	20.156239485558316
811	24.685749562365736
812	20.299254457155048
813	20.073027126189018
814	19.709256212074447
815	22.173815838817973
816	32.10152133477134
817	22.105866421330056
818	20.590175840443493
819	20.11647447243025
820	22.211514768168854
821	20.586102823613064
822	19.417677463482946
823	25.83197418891359
824	22.22418247677066
825	16.78089537640834
826	23.511458888413355
827	19.698900606437864
828	26.579426566586488
829	20.79544929598864
830	21.58421241996361
831	22.42099278040929
832	19.47560575413723
833	20.499870650896455
834	21.311305242478138
835	19.653912932369952
836	20.58531517712548
837	16.413805557904265
838	21.669688818353713
839	21.279498911997447
840	21.81128295122043
841	19.765201741999558
842	19.209280432982435
843	19.192582905676822
844	25.317408950491927
845	18.721839525374477
846	20.999886006011717
847	19.10114575049556
848	18.7250817922826
849	23.548310772874487
850	17.890043324546422
851	20.28688115446301
852	21.638404399383273
853	18.747848393482855
854	18.572766708493212
855	15.727619055616042
856	20.611154474348517
857	20.77531293512118
858	20.69235357878885
859	18.779274342733096
860	16.587176135051994
861	21.185115128474415
862	20.926525836411574
863	20.392208274081035
864	20.979951776137998
865	21.48741928484592
866	21.310070913082455
867	20.684152057427085
868	19.57557462481782
869	18.848276305969378
870	18.636547759534817
871	22.817480202995224
872	19.629167113381158
873	17.82227855016155
874	21.25766928185237
875	21.425400379970068
876	18.747403010678426
877	17.006149190543827
878	24.528442274967137
879	23.003339912182536
880	22.51376039549055
881	24.189942790254573
882	16.644627232202435
883	23.78978772702782
884	21.329538967695132
885	22.690234332450004
886	18.133914283519104
887	21.66695027953503
888	24.152674783798457
889	18.70265413784278
890	20.562718838205086
891	18.29886591549342
892	22.405835046043915
893	20.370767763292847
894	16.14983448881158
895	22.335203518501746
896	20.138453718738255
897	24.561979593145143
898	20.043941772971515
899	18.062437894264637
900	28.139612372915543
901	25.595303242454783
902	16.733691475043695
903	30.336486533031657
904	17.552895661446797
905	20.396327357013973
906	19.769405608341575
907	20.82973179128185
908	18.494403227503188
909	18.578492922875867
910	19.210379138661164
911	19.675499763645348
912	22.28651658008762
913	21.596844797098562
914	17.153391798749947
915	20.399123068162872
916	20.504320065058224
917	21.124323347708348
918	18.697302011241845
919	23.924405196638137
920	25.018090892963947
921	22.066855526302714
922	21.294086172690857
923	22.98912072424995
924	18.839117201503385
925	21.584308585683306
926	20.560079781894586
927	18.6132867653556
928	18.354654780188056
929	22.432389939276177
930	24.32773076707963
931	26.553467097633373
932	16.42995421869336
933	26.21564904031568
934	20.458691023887095
935	19.139364192609495
936	20.15488419262291
937	18.581580696557165
938	23.053751504489856
939	22.82374007764156
940	23.47950716996314
941	22.318597437954455
942	22.377515413791542
943	22.1819146829065
944	19.71429603870958
945	19.02999392835259
946	20.232028866907196
947	16.759421879512956
948	18.32251514921753
949	19.803491001649117
950	21.35378654065542
951	19.871674668485323
952	20.954495419028785
953	21.616028367576796
954	21.948115505579032
955	20.912737857201137
956	20.67304046909703
957	21.415484501328745
958	16.95629936600393
959	18.441066695439595
960	19.093618637656327
961	27.12193634260766
962	20.65106799500063
963	18.222277588233677
964	25.257778625924892
965	16.970968548212632
966	17.614447370463683
967	18.606543096957534
968	18.945917031003177
969	17.95657504596787
970	26.695616471093246
971	19.970064449835835
972	21.646088574150262
973	25.390849105185563
974	19.9022910804711
975	20.560300911081104
976	20.410031075374437
977	27.273310960350752
978	21.08274406490437
979	16.116078968723304
980	19.76600117927859
981	18.845195623377577
982	18.121832900720566
983	19.440872587101516
984	15.641859781736022
985	29.98285677655273
986	19.366950751537548
987	21.226919166606795
988	17.58032793428333
989	19.466951932994938
990	18.898170512835108
991	18.2760728086613
992	23.517051626674775
993	18.25262068189933
994	20.087248177479275
995	20.00792499139373
996	21.273719674125978
997	15.949038979206883
998	19.23669680988523
999	24.854349472256906
1000	22.041092672426668
1001	20.633177592156745
1002	19.394361751435067
1003	23.612493298857267
1004	20.57260079274212
1005	24.711092235464093
1006	25.972161308911918
1007	26.6165027695035
1008	23.15603821678087
1009	15.780100365184868
1010	24.327118754460983
1011	19.003622538790943
1012	18.96187489735603
1013	18.61663945469939
1014	22.69937753867829
1015	17.058584646417295
1016	21.240860743296206
1017	20.625802936253407
1018	20.453739489964693
1019	19.411457452661836
1020	17.78889840145034
1021	15.599888773791662
1022	19.535869503318008
1023	21.189366783894737
1024	26.539853943244403
1025	25.36651887609738
1026	26.764559406706695
1027	23.351444190106598
1028	17.48258571379556
1029	19.739957612568105
1030	21.47950991975171
1031	20.686878318717444
1032	21.515066531224196
1033	21.7796536957491
1034	18.957166289335547
1035	17.761452964782052
1036	22.1520429583073
1037	19.56373311984793
1038	17.653718345798552
1039	20.02441693782138
1040	22.418403247571618
1041	18.832231332153064
1042	24.156360451101524
1043	20.23373357514493
1044	21.47201800291493
1045	19.231872901002365
1046	26.60966739771803
1047	21.97893265352468
1048	27.49644357018063
1049	20.202626777617763
1050	17.437002355967454
1051	22.122249012778898
1052	21.612630019353343
1053	23.311711300264246
1054	20.319164693953756
1055	18.95991062479178
1056	24.031024314040888
1057	29.467400729718307
1058	26.12498067037489
1059	21.286565521676724
1060	18.967825854888787
1061	18.922226517387415
1062	19.571699544681856
1063	22.166884633175776
1064	21.504962820588844
1065	19.953563732163307
1066	21.771166279302527
1067	19.611164333061957
1068	19.194186201877013
1069	20.987486964259432
1070	16.73996928468015
1071	25.764763097943025
1072	19.640933416247115
1073	20.72626272054776
1074	18.37266468790853
1075	17.956271998654557
1076	18.170384920462418
1077	18.327248364301592
1078	18.75824214360078
1079	18.36179838110693
1080	20.130199394032328
1081	19.081550597940804
1082	18.89786627458816
1083	21.741622907872163
1084	19.62317442184744
1085	20.247279593170187
1086	16.13602877382244
1087	23.32319137630199
1088	17.35372151577824
1089	20.971315382308184
1090	21.041107357499033
1091	19.584561973645275
1092	17.822769954921228
1093	20.682107754884353
1094	21.095570724477234
1095	18.78319627667366
1096	17.30965401269796
1097	20.764667996352692
1098	17.877430755813393
1099	19.041089557485456
1100	20.096436166445237
1101	20.165830496326087
1102	24.45771466714351
1103	21.76924677203748
1104	19.58743743305306
1105	19.143368293218252
1106	17.700716522257977
1107	25.074942014084254
1108	16.540728154043936
1109	20.221984435114113
1110	17.277679633264516
1111	18.752137632230703
1112	18.55038741246764
1113	19.480206357785
1114	22.6377164099536
1115	18.828975377756212
1116	20.685597488484174
1117	18.66533611760475
1118	20.46828821326236
1119	20.627055938231933
1120	17.31381734496681
1121	24.785971451135776
1122	20.232937886609466
1123	21.725486260474376
1124	36.63646824402794
1125	19.27120538375567
1126	20.687057955355353
1127	19.85887069193445
1128	17.977192258441143
1129	21.071626214135904
1130	23.600406601011905
1131	21.160865435642084
1132	22.72123613014507
1133	22.619613629953463
1134	18.62521963395634
1135	19.055137229351594
1136	19.871969471007052
1137	25.001503680947128
1138	23.309490402576735
1139	20.340728741890583
1140	18.369695771704965
1141	19.360682078943057
1142	20.17535265992437
1143	26.525344038265757
1144	21.20896211870835
1145	21.207079497564553
1146	21.997539401499257
1147	20.407267754313757
1148	21.98734389246078
1149	18.928371538764473
1150	20.78022377042571
1151	15.71516318157228
1152	20.796866944174944
1153	21.695670937034066
1154	25.594246654354258
1155	21.315943911712726
1156	30.44895130448805
1157	25.09387769226902
1158	20.712894976049263
1159	18.509857988328342
1160	19.142557386818435
1161	31.0559703308055
1162	17.703152688268876
1163	23.2466545851063
1164	18.80089873397473
1165	20.369173053262415
1166	24.513830413483085
1167	22.883411644074574
1168	21.942012975985985
1169	16.63950313132123
1170	19.87317280820571
1171	22.627633345846355
1172	22.922182386381525
1173	19.23134900374611
1174	20.999200628669215
1175	19.84382087062113
1176	16.195324798768933
1177	20.29098069158328
1178	18.291308330850054
1179	20.487936822844237
1180	18.861928532693252
1181	16.216957206731397
1182	21.050367205243848
1183	23.247810978430593
1184	21.145935312195338
1185	26.391437551891432
1186	24.925862338116584
1187	21.08770377036989
1188	23.19768317380554
1189	20.179703703033738
1190	18.62049785964898
1191	19.71731186517567
1192	19.498115705752397
1193	20.219237807566326
1194	19.922658319974712
1195	24.163160199780638
1196	21.145024180775398
1197	26.359406732155296
1198	21.435584864406845
1199	25.968363937226204
1200	21.05689628335442
1201	18.725545012585396
1202	17.89348106793742
1203	20.047658214157675
1204	19.22569159769987
1205	20.794805726867967
1206	23.46429375401931
1207	20.613290670693146
1208	18.456974398562064
1209	20.832818295071633
1210	19.372670927235426
1211	23.116891056815017
1212	19.759141588036286
1213	18.546106099347142
1214	24.50607683927205
1215	22.67168967876315
1216	21.82267053909521
1217	19.294620158791076
1218	22.857556497096084
1219	18.537407234149306
1220	24.819987193160493
1221	19.658606284634313
1222	25.296270947781768
1223	20.16299661261495
1224	20.470348173423968
1225	25.960925931267692
1226	24.7131265416803
1227	24.456893924044884
1228	19.567817967249525
1229	18.331824756422602
1230	16.848597629194533
1231	18.289892939051303
1232	20.377485723304563
1233	23.080391997244668
1234	18.146709719210463
1235	21.02327707168741
1236	21.97847384373502
1237	21.02850078046322
1238	18.029834644639667
1239	19.419560083319084
1240	21.409159133300907
1241	27.60824861728597
1242	22.69797898868007
1243	18.72412672141567
1244	22.985695299826627
1245	17.595539136827494
1246	29.764900991889842
1247	14.539311035798164
1248	21.11884626125296
1249	23.83245534299592
1250	17.586742729359926
1251	19.024632737224486
1252	17.86728315591239
1253	22.851152967606474
1254	18.04279285242122
1255	21.804457989012253
1256	20.832833143326027
1257	25.56135907466181
1258	27.191604641652965
1259	18.95084050319702
1260	15.529783245244223
1261	23.390346082288143
1262	20.129181682287406
1263	22.845955442945957
1264	20.59373458389503
1265	18.84083992719379
1266	18.62817793756874
1267	20.32782031111318
1268	20.426388966221666
1269	20.335881001564626
1270	19.13042796302902
1271	30.163383837982774
1272	23.865159208430644
1273	18.75411397268822
1274	16.1896489510989
1275	18.226182461943523
1276	22.42624646882951
1277	17.96526046055369
1278	20.06579399893013
1279	21.650035474151508
1280	21.61446629936377
1281	20.08834697683428
1282	22.257517572317738
1283	18.48302137645249
1284	21.644183675449373
1285	19.407225880389618
1286	18.74483549376345
1287	20.443438465515435
1288	21.639550588031334
1289	19.86362255252984
1290	18.45395367837511
1291	22.748920933743058
1292	19.26937915664748
1293	20.157627055050668
1294	20.179012323271426
1295	19.330995895634764
1296	27.69031174724881
1297	19.41563154847333
1298	18.999198601518472
1299	20.26147201235061
1300	18.029865063910542
1301	18.243383266616014
1302	21.371187862075896
1303	16.946887397892507
1304	18.457110759873803
1305	21.63098683913468
1306	20.276753579496326
1307	19.76884148158133
1308	20.932226333481427
1309	18.179502064762346
1310	20.656322363156665
1311	16.53609646350378
1312	18.95233815965346
1313	18.29733914383612
1314	17.648819793824497
1315	19.90322718297153
1316	18.616032409955682
1317	19.793312135318324
1318	26.48897833365672
1319	20.400750434175798
1320	22.736787373739634
1321	16.176945796308363
1322	17.232893754277498
1323	19.77117444676312
1324	25.740691608667156
1325	20.738683468671045
1326	22.03695534700657
1327	19.942272802692166
1328	23.875346076252963
1329	18.84210248572914
1330	19.20336059487596
1331	19.989862206648105
1332	21.148961444376727
1333	31.272761837462895
1334	30.553356068848554
1335	14.534284502492639
1336	21.643741464210947
1337	16.693235258530716
1338	20.54568814928306
1339	20.307841580977446
1340	23.456273232445216
1341	26.532068888067442
1342	21.67660946788674
1343	18.810189407657493
1344	20.093823727437343
1345	19.8285608156429
1346	19.95541879099774
1347	26.2704292316533
1348	21.43024605778463
1349	22.048497034158036
1350	20.160133424580323
1351	20.862068683041596
1352	17.58911373360421
1353	17.389532627594956
1354	21.812093780829798
1355	21.279244987895922
1356	21.33623772566823
1357	20.08936792952975
1358	17.321790375676937
1359	29.750488676577426
1360	20.139414494769504
1361	18.805065038961025
1362	23.174187650990174
1363	18.97990382123081
1364	20.68722751029813
1365	22.767296808851615
1366	15.911037398262748
1367	17.799875653820905
1368	20.666807169590065
1369	14.954562900039795
1370	22.325410393963786
1371	21.74108799979701
1372	28.959034768542658
1373	18.110594456794402
1374	25.336179879404245
1375	19.997215822491853
1376	23.359571009611276
1377	20.471464874657194
1378	21.54154327661575
1379	19.98443937261461
1380	18.27053835257588
1381	19.952426533582184
1382	18.797089536038754
1383	16.887314758165495
1384	19.58121108820955
1385	24.27105740240318
1386	17.726444109901784
1387	20.17988234620974
1388	23.501622984510114
1389	20.9697926187317
1390	22.10155835140464
1391	23.04102226293725
1392	22.273622991333745
1393	20.03552495579412
1394	18.28337494038061
1395	16.21794888987206
1396	24.027896091051954
1397	18.749925289102247
1398	20.917506145729153
1399	18.62136615761936
1400	15.661879536471572
1401	22.230882504762715
1402	17.990282562250894
1403	19.063344736445288
1404	20.37698641316092
1405	22.878589038684545
1406	19.0227101942228
1407	25.457174238110955
1408	19.354771880056852
1409	21.22599329094319
1410	17.894728857147175
1411	19.580304800737487
1412	18.823945008089336
1413	27.561732320344046
1414	19.645599676052196
1415	18.087754738440832
1416	18.897732006869692
1417	25.04585426563426
1418	19.816568689372314
1419	20.768350802420173
1420	30.354747167819262
1421	18.216002595186648
1422	18.020746700365137
1423	18.845685431895415
1424	19.381115585634554
1425	22.394828238039103
1426	17.988897261219098
1427	18.61650497965576
1428	23.398277699377754
1429	21.2284051201851
1430	21.271744629013398
1431	22.43546376553855
1432	21.056339022202884
1433	18.95940909762691
1434	25.58487260469701
1435	24.443075217503228
1436	22.927760203949443
1437	21.55263201352985
1438	19.550019180257063
1439	17.760154866059473
1440	20.807632021739014
1441	21.690711168388866
1442	21.275592363734045
1443	19.987757073797503
1444	21.328621594153127
1445	17.58034762252203
1446	22.133734059651857
1447	17.559875973102795
1448	23.888142035426267
1449	19.06966098181663
1450	20.719729208029612
1451	28.395779024985064
1452	29.63554606189704
1453	19.381405216330233
1454	19.126299083243
1455	20.53712212561664
1456	21.95518822067842
1457	22.98458218203159
1458	21.47080240544828
1459	22.78121767371126
1460	18.429898212619054
1461	27.636177197794314
1462	16.68295092150263
1463	19.235565305667116
1464	21.466841352223497
1465	19.762974906743345
1466	17.078826526201738
1467	25.373314625193956
1468	20.742669844972916
1469	18.75198637729045
1470	30.31217701764674
1471	20.148568675139035
1472	16.932092602516057
1473	22.33587308949463
1474	20.200590223337027
1475	22.858603834386553
1476	20.481505890250585
1477	19.389108048198555
1478	19.344508518066366
1479	21.13240530666248
1480	21.6671644327027
1481	30.583376907241227
1482	24.446594930540243
1483	17.30759900532728
1484	17.84905419984675
1485	25.057425232360732
1486	19.302289845095054
1487	20.03225305841531
1488	21.882187793512944
1489	20.96189896835086
1490	23.281414650426346
1491	16.282962382765533
1492	17.3095470301198
1493	20.613174012351212
1494	22.53540326214371
1495	16.87020276156881
1496	20.60520534389013
1497	18.788105615417912
1498	20.526794566496118
1499	24.23241285647798
1500	21.276831066594585
1501	23.743571917522477
1502	18.44729314761473
1503	20.744388954332436
1504	19.59981885016501
1505	19.85964293267871
1506	30.010208099106606
1507	16.817378868577414
1508	20.516454549583916
1509	22.519778638993923
1510	22.288500897833547
1511	17.73302419441329
1512	20.51396193340862
1513	18.121986389284004
1514	22.31696722366827
1515	21.28735086684436
1516	23.190576547676407
1517	28.107071112724952
1518	20.984340192933256
1519	21.84914775590517
1520	25.404498358034555
1521	20.14416453300852
1522	19.828512462038393
1523	17.431357126244055
1524	18.440952095616577
1525	21.08624624618743
1526	19.56219232508447
1527	23.828569461745712
1528	24.300177066756504
1529	21.0668020453709
1530	15.827176121698882
1531	18.65606088438963
1532	23.107161073815234
1533	18.271333800077592
1534	15.962665858559266
1535	19.99645455053739
1536	21.738937757630733
1537	19.52136834070737
1538	21.17928445605139
1539	16.699948270964835
1540	22.44027124475163
1541	22.295023799709355
1542	21.485040301348395
1543	18.828294051017895
1544	19.606949776919052
1545	17.29078788550881
1546	29.35971301878689
1547	19.442280313919568
1548	24.554098778497426
1549	15.74616945454618
1550	19.840682583410413
1551	27.111088775987568
1552	20.753123756616557
1553	20.728619201048076
1554	19.83964505170472
1555	21.64389742147894
1556	15.843543471905457
1557	18.06752138300406
1558	20.460262127882956
1559	20.00436042587399
1560	18.882715727793293
1561	19.947091062689715
1562	21.291840255191065
1563	17.54634434045203
1564	21.124702125371744
1565	22.02163251301493
1566	20.968703924505135
1567	22.36414459746054
1568	20.01550103911114
1569	20.884263443863556
1570	20.339923542522676
1571	18.650966926309355
1572	18.62286385064612
1573	20.764286868934867
1574	22.971542751401042
1575	13.502575688064098
1576	20.22562799736398
1577	19.20581017697396
1578	21.646631065756083
1579	15.7687329442997
1580	19.893678781977442
1581	17.710875715129077
1582	23.680568799168963
1583	18.834362641991383
1584	27.512409495483215
1585	21.80933134952454
1586	20.590038575179843
1587	20.15499586094234
1588	17.543970927951257
1589	16.553634267896413
1590	18.04249989921306
1591	23.67033800128666
1592	18.15543329580342
1593	22.85490069527432
1594	19.88423130616185
1595	20.723150055847483
1596	20.178752493767842
1597	35.49475089768306
1598	21.241383506371488
1599	19.988735899967143
1600	18.817202359477253
1601	14.243159890739033
1602	19.672559172432457
1603	22.498104614193565
1604	19.642046775759404
1605	18.588023794155855
1606	22.702883324050344
1607	20.68821167643867
1608	17.801328854103172
1609	20.16743087574092
1610	21.79740297421455
1611	19.411191791140784
1612	21.442576732899962
1613	19.25305667657071
1614	25.559369441904973
1615	15.687785898326323
1616	18.660323940338973
1617	22.049185655199622
1618	20.616887246251395
1619	22.139042491129096
1620	20.84224105842482
1621	16.35428490302321
1622	19.746722129908353
1623	20.52662989267529
1624	20.7659004253045
1625	18.907182763089914
1626	25.33043466113472
1627	21.58271815291711
1628	15.723081505591315
1629	19.249371595667217
1630	21.481086297592224
1631	21.408641864796618
1632	23.212355235028404
1633	20.45118414940696
1634	21.087954186385566
1635	23.383420159468454
1636	16.659028950829192
1637	19.64553626653672
1638	23.811603269710137
1639	22.798835605860223
1640	19.957189227451085
1641	18.93091969917271
1642	21.60159285531845
1643	26.417280462740955
1644	20.57482599516985
1645	20.504556844949434
1646	25.21485834359919
1647	23.465179933363405
1648	21.196239711644868
1649	16.15127578904571
1650	19.732708651409485
1651	17.505743714957497
1652	24.039046880608012
1653	19.063945493074865
1654	19.234605866477786
1655	17.60039890630784
1656	19.671160282802997
1657	22.852590691373226
1658	19.17908564838193
1659	22.261468646452105
1660	24.088084805446368
1661	17.92188020449342
1662	26.965889080808847
1663	24.909504482515857
1664	20.220093552464867
1665	17.415530221472643
1666	19.546105609716975
1667	23.926345711173354
1668	16.999636660277282
1669	20.35841858478756
1670	22.410988900620634
1671	21.84468553184032
1672	19.850347365016695
1673	18.877405222854577
1674	19.572035753255125
1675	16.484114312623262
1676	18.952006254805667
1677	18.970881434294636
1678	19.88955608251649
1679	21.240123429893476
1680	17.551505299799533
1681	21.029553829940866
1682	21.194016570426232
1683	19.095709674275493
1684	21.18079685124879
1685	21.902521087089553
1686	18.351756147078156
1687	17.4780858115065
1688	20.584488372663536
1689	22.357044161143712
1690	17.425224860641173
1691	19.623816282626997
1692	24.93112740304503
1693	27.26316399462276
1694	19.19517050087041
1695	19.07777859382784
1696	21.081926448746177
1697	22.60770953044225
1698	19.53190821355524
1699	21.057078551477357
1700	19.924416879923747
1701	19.31494450085863
1702	20.12170828277286
1703	16.76785625163579
1704	23.9099011766084
1705	21.456286494991094
1706	19.287022163339245
1707	21.916325668174334
1708	28.821264138950458
1709	18.127043516116007
1710	18.774259428858798
1711	22.523331608619987
1712	19.052275083702593
1713	22.29601810229207
1714	17.98522388504754
1715	21.796977347485388
1716	21.441230810974364
1717	21.00939413873179
1718	22.16742598121306
1719	21.416651925892044
1720	20.733549489775303
1721	19.76264887738328
1722	21.345605022815892
1723	22.908855606205535
1724	21.542250688385998
1725	20.683322565366495
1726	21.59256821341114
1727	19.45557856689286
1728	22.653396224104135
1729	21.044207122228627
1730	18.632680153121733
1731	19.377679527350534
1732	21.013396215618258
1733	20.314392410569933
1734	20.855333835676348
1735	18.274119708325657
1736	18.595991032951133
1737	21.131321323494536
1738	30.12160427373601
1739	22.66755992557221
1740	20.541165684304477
1741	25.180508258780844
1742	24.231886298689
1743	25.58746294291375
1744	21.32862368290256
1745	27.129216009907203
1746	20.90059836373742
1747	28.911816011620825
1748	21.360731678052076
1749	26.50271836616395
1750	21.844050813499102
1751	27.758854959226614
1752	19.54626634224108
1753	19.213475834431414
1754	19.13171945599867
1755	21.686483428789515
1756	12.056119690682474
1757	20.23879275915533
1758	22.483363263214144
1759	21.948690673096607
1760	21.663718571771692
1761	24.90072428584972
1762	23.55634881770616
1763	17.193005827850097
1764	21.614353687104106
1765	20.962732942739073
1766	20.064586853910928
1767	17.72019498291047
1768	19.016959766028606
1769	22.90070206057691
1770	16.44129309922573
1771	27.72727739380728
1772	19.300670825132446
1773	19.201454414915787
1774	19.64447870597986
1775	19.390145983879588
1776	21.617593051465093
1777	20.932781947839228
1778	21.313588077213527
1779	25.50666312563729
1780	22.918308406078722
1781	21.122324003098424
1782	16.555346112249286
1783	29.134077676380738
1784	22.936235709520787
1785	19.040640030833657
1786	18.494851780248187
1787	22.291316691782036
1788	24.483465440614196
1789	19.98271643957511
1790	18.24523820509203
1791	19.350450668448154
1792	18.511122383303967
1793	20.082396952377167
1794	19.728061402620582
1795	19.200176391430432
1796	20.963586056409987
1797	19.593524082622896
1798	18.01550428050381
1799	18.57391173641631
1800	23.177192183093183
1801	26.505199280414672
1802	20.397895131592282
1803	18.347454291211346
1804	19.337250583275008
1805	20.161489070757316
1806	22.689832872136808
1807	20.32941248961008
1808	21.37656626224899
1809	22.99628483430099
1810	22.88434939444794
1811	25.673794410626673
1812	16.687466457285435
1813	20.775934512784275
1814	22.593590837987723
1815	21.57891972384076
1816	18.058391245497237
1817	21.561544855536763
1818	20.383477467200557
1819	21.89007956170124
1820	17.35706599273512
1821	19.183481936235285
1822	20.86282821281813
1823	18.63334978805677
1824	27.008858837319345
1825	22.53777426683504
1826	19.279559340689268
1827	29.327247590468442
1828	23.986623593474118
1829	22.54200544020429
1830	21.506766104909783
1831	20.714866391099665
1832	18.22601528183025
1833	19.84714911273581
1834	18.792394020538023
1835	29.47692548448466
1836	20.019551598703643
1837	15.883251385911452
1838	22.722689020676317
1839	19.829289197561923
1840	20.04214189862515
1841	27.95747155438315
1842	20.08171003953419
1843	21.03967603090311
1844	16.682270421438652
1845	20.34248766971762
1846	21.135587549294833
1847	21.940687823239557
1848	19.42100583863849
1849	19.153869752259926
1850	21.044936223800793
1851	25.06374378304463
1852	21.94717864418734
1853	24.088774146206386
1854	19.230924487487563
1855	21.460294713481115
1856	25.38556134973381
1857	17.147356338994168
1858	21.404001809877197
1859	20.106380801798558
1860	19.96842198164257
1861	21.32616729834438
1862	22.240920533684243
1863	25.569202455507895
1864	18.886185016476418
1865	19.498709429964244
1866	19.24340542849234
1867	19.726548485189923
1868	26.06755562930771
1869	19.282630403321235
1870	19.96706966660713
1871	15.517917702775723
1872	22.71062565157966
1873	24.300758609079402
1874	26.847878559259698
1875	21.37220134090684
1876	18.98126640596176
1877	26.67668709951045
1878	17.850187139023305
1879	20.275963869744626
1880	22.098142081666737
1881	22.14734054065019
1882	19.916477980620616
1883	15.64715783003843
1884	20.765311072120028
1885	21.885597244744062
1886	17.824713134710247
1887	21.04630070017903
1888	20.786301260508306
1889	18.57736071225201
1890	23.80314309389042
1891	18.976171691614535
1892	21.533930759862713
1893	20.16440719798688
1894	16.974941196729475
1895	19.505705981170117
1896	19.910283586609044
1897	23.499343498712562
1898	21.97655965735494
1899	18.032058040332704
1900	22.81628895563951
1901	21.085991062199586
1902	21.439547589065615
1903	21.691068707014317
1904	27.80208000227004
1905	17.0895273705665
1906	21.087866448766917
1907	24.720734817705775
1908	22.133906158444006
1909	20.080510595526135
1910	21.647724673815095
1911	23.92924698994092
1912	18.353366355371566
1913	18.937635895936502
1914	17.54308080382658
1915	19.20521789773867
1916	25.37386092040979
1917	19.10202431920033
1918	19.918708373536738
1919	20.336030320043406
1920	23.91688974536239
1921	19.172480996981903
1922	28.255475832791678
1923	28.691013399480006
1924	21.075239560433307
1925	18.53051015947802
1926	24.2807422247654
1927	18.521951952781393
1928	19.773525293582647
1929	23.410730504672284
1930	22.77369866175729
1931	21.71152026427247
1932	20.575165863815897
1933	23.819361248340662
1934	20.352235516664855
1935	19.286802605461098
1936	16.702823996993487
1937	21.433750895172125
1938	21.050597549836905
1939	17.51150239519775
1940	17.623482382039025
1941	17.658186516437645
1942	18.193857098837135
1943	20.781011571827488
1944	19.19369223380379
1945	18.014562168936244
1946	19.288384399817634
1947	29.124255663715303
1948	19.75917940863251
1949	20.179448878834272
1950	21.844105540932485
1951	22.338513653622403
1952	18.33627863402944
1953	21.69832323186386
1954	22.69433977068143
1955	22.587226871567378
1956	18.55148161214458
1957	19.168516485144696
1958	25.290106911754318
1959	20.115751077023408
1960	19.573041812043325
1961	19.918692511545185
1962	26.954932479960323
1963	14.722130396464111
1964	19.665665139394466
1965	20.743809026728538
1966	20.64452087315353
1967	20.763819985245522
1968	16.42647755611688
1969	19.07947743653835
1970	17.887115445583902
1971	20.39870171736995
1972	19.037839622709612
1973	18.498657000918854
1974	22.591263479497915
1975	17.09781696910872
1976	20.848862673035235
1977	21.639298615450006
1978	20.056940917456522
1979	17.439013141815124
1980	28.49127963313651
1981	19.42242579872982
1982	19.491645139506243
1983	22.077838992010275
1984	21.518504269445067
1985	20.350130462029483
1986	23.824807524843635
1987	20.85783723530785
1988	23.507918867083536
1989	19.586224472625705
1990	19.828508366169576
1991	19.60644867838294
1992	30.853456530346783
1993	19.34178735273324
1994	20.902619759437503
1995	20.152458952942297
1996	28.07747450000812
1997	18.63394315099068
1998	20.14521874730774
1999	19.15508190512241
2000	23.6576349096123
2001	15.96050915809714
2002	29.558739366431144
2003	17.942653144954434
2004	19.610396392964144
