6	12.575219068958972
7	10.244682032813346
8	13.077627611757304
9	12.748226529076929
10	12.531890544104739
11	12.710436486142084
12	11.917558355801425
13	12.01291971484274
14	10.776045016716894
15	10.242078078974828
16	13.533525860973693
17	13.548536367070028
18	11.962702578575167
19	13.148596071484429
20	11.248799472783503
21	11.047346357186447
22	11.060313764820474
23	12.87871154466765
24	11.189436313183833
25	11.795245041016559
26	12.233830437266219
27	11.618686925017277
28	14.010553293741891
29	10.987769633501971
30	11.88843025979705
31	10.581528155339992
32	12.459804720475708
33	11.83368037928085
34	12.64545925766673
35	12.565201374315992
36	11.523370401974876
37	13.851220453604386
38	11.230347343960602
39	11.46909909914913
40	11.235824502885306
41	12.896423727281487
42	12.925809375710287
43	12.465245924217319
44	13.100835097647048
45	11.79198384957096
46	11.449902555629489
47	12.97435100605005
48	10.781777037775706
49	12.139136236937905
50	13.28237502145041
51	11.88594779275828
52	13.525032423754139
53	12.554888554221058
54	12.120254249394097
55	12.441501421461329
56	13.189912719028749
57	10.93476038571655
58	11.750897712687584
59	11.562580676489233
60	11.967763079165
61	11.194673769535862
62	13.893214359004196
63	11.456952746690755
64	12.062025542276041
65	14.666733506759078
66	10.870790084441573
67	11.052629696812609
68	12.053046666712957
69	13.778417266598394
70	12.404739486093847
71	10.992584170916235
72	11.523333572460874
73	12.299964442347434
74	12.492253297448142
75	13.335185863361056
76	10.513803488023933
77	11.605942648771675
78	13.490942180741582
79	13.03622621422515
80	11.623354260784389
81	11.802528076728446
82	10.084542752456565
83	12.425374659604461
84	11.480527793888045
85	10.982510283054738
86	12.185096142529195
87	11.831628754799567
88	12.535419951542709
89	11.892980846585285
90	12.663933736799036
91	11.422221179670306
92	11.835898207255726
93	10.39016555568196
94	11.490272901843788
95	10.791775285164476
96	12.676285210734932
97	10.456057601408684
98	13.411399087810423
99	11.996263857213936
100	10.084128140202319
101	11.117862665763823
102	11.88691479764328
103	14.023549802035344
104	12.681243550648595
105	12.588538053186616
106	12.65178286296539
107	10.38403245061636
108	17.867725619581567
109	11.958704269834561
110	11.279115861598662
111	11.691419695689692
112	11.689202095316432
113	12.137006302619099
114	12.844929089937068
115	12.358088488701032
116	11.863903832091212
117	11.789975560198029
118	12.051287686222349
119	11.893769349620076
120	11.430526346871194
121	12.102822221076236
122	13.217395690385327
123	12.27120115863856
124	11.067986532984497
125	10.452073204094301
126	13.253715724512908
127	11.037052380686402
128	12.16532421111333
129	10.795734949266771
130	13.205351236423926
131	11.796322752300572
132	12.448727524059171
133	10.698799466887563
134	10.924595667040432
135	13.136221520963037
136	11.927174016071545
137	11.556069858680496
138	12.178784648164376
139	12.93528563601637
140	12.401578551558487
141	11.037912237850833
142	11.049924931428079
143	12.623462772897458
144	10.54680689744154
145	11.014364233995861
146	11.337190145166636
147	13.304746520434396
148	12.032083778795574
149	12.967620282040333
150	13.929393257163206
151	11.905633014867291
152	11.519138072860766
153	14.060562130663046
154	12.903556271379593
155	11.311669685256978
156	14.620799374740901
157	12.430267001176684
158	12.789405809293385
159	11.635833370872811
160	12.297511339102389
161	11.501358684004607
162	12.992531209436352
163	10.64573352861852
164	11.752043644466903
165	10.554845592415818
166	12.232001249705299
167	13.929833013639405
168	11.552560475699249
169	12.886464079072466
170	12.60450511668508
171	12.438949579363742
172	12.550612364984772
173	11.737920339461363
174	11.7984349412343
175	10.827184244921748
176	11.894343425700209
177	12.873463855556276
178	10.755947859293816
179	11.778536448780763
180	11.366259259112045
181	11.310813797348167
182	11.944458638043013
183	11.10248100183391
184	13.008820433344226
185	13.16996876498832
186	11.512934958201152
187	12.436248463089214
188	12.756693435044284
189	12.54599295487622
190	12.067067372704622
191	11.028362425685627
192	13.659690271299388
193	11.998474926610651
194	10.816849580311956
195	12.105656734074728
196	13.41680947206853
197	12.414400445053095
198	12.100521134362983
199	13.287038546304684
200	12.418468355915845
201	11.87905068304476
202	13.601571287229447
203	9.927223749761811
204	12.812741458129258
205	11.922329016776057
206	13.17471022514316
207	11.986453846831056
208	11.58871079758804
209	12.756589924448432
210	13.070553094915036
211	13.759054917670058
212	12.851333052127679
213	13.626955686847886
214	9.515685092454078
215	12.594970125975124
216	11.488421724595051
217	14.414814865243478
218	11.811170400236733
219	10.857844516907459
220	11.757294766325504
221	12.14483075589074
222	12.918343907055679
223	11.04813337374253
224	12.467191257443046
225	11.999327594229008
226	11.284525079164887
227	13.988797715263155
228	12.523945117807175
229	12.467298581345757
230	12.211323147167644
231	13.898657435303903
232	11.24561910529802
233	11.223756591931306
234	11.60993076530225
235	10.720334557061141
236	13.41106335859116
237	12.092223370843302
238	10.456120145498668
239	12.32301340724059
240	12.47289903256863
241	10.739227100943314
242	12.043885956009618
243	12.008944922181612
244	11.443999181062932
245	13.72706366147447
246	11.270557169254806
247	12.380893962141602
248	12.89269382761675
249	13.374052406234444
250	12.0509341776371
251	12.558742272479735
252	11.092861380051804
253	12.51061824032998
254	11.47486465423272
255	13.379039275541965
256	11.288047239423337
257	12.098279797159577
258	12.119180374915372
259	13.397077140920869
260	12.183197345408189
261	12.560746833387958
262	12.435131663934127
263	11.102773875761777
264	11.826611603619172
265	11.68227102602427
266	10.757350572154301
267	11.439081218197114
268	10.816457754406146
269	11.791158807179032
270	12.057962313184463
271	11.732434198587995
272	13.516712424051367
273	11.79864353191806
274	10.711132201850308
275	10.81846669457313
276	13.420827361874398
277	12.93576346354426
278	11.562842835497577
279	13.125584283066148
280	12.915794406245308
281	10.905991813667546
282	12.30078867629345
283	11.317939166240027
284	11.471431514220534
285	12.410537403548675
286	9.929896952531239
287	12.857294411345114
288	12.02748451161287
289	12.005746086977359
290	12.277006844982363
291	12.368381065480728
292	11.11571908566671
293	11.644933384974138
294	11.699776732653845
295	11.815402295749664
296	12.559346893888065
297	13.637378477509154
298	12.626634222532934
299	10.863443423927363
300	13.008721977642272
301	12.626812419208528
302	11.88499577121628
303	12.303482903276084
304	11.771973124873751
305	13.846585954801412
306	11.388579201917468
307	13.387830654668505
308	10.460979006276995
309	10.911341390555512
310	11.467402449451454
311	10.95711699849926
312	12.989706696953032
313	13.38145255127165
314	11.612452849001986
315	12.492901678679868
316	11.50544702399268
317	12.441779745277017
318	10.898720408351725
319	12.146373203210086
320	12.67486427833165
321	11.715245499208793
322	12.385909518477273
323	11.31700123810594
324	10.974712834047663
325	11.892599325389602
326	13.355504398825966
327	12.286528178799646
328	13.573874592493556
329	10.085133858917592
330	12.575210782193938
331	10.50808838569157
332	11.571477517220867
333	11.870786623175567
334	11.32779736566814
335	11.34495249512309
336	12.01516505938877
337	11.99452735233011
338	12.645524646897684
339	12.206093919140496
340	9.97028554408633
341	11.989207605931865
342	11.617165893723723
343	12.572572645455416
344	12.71312817188196
345	10.888851867052727
346	11.232920824200846
347	12.573941298225517
348	11.939929346612189
349	12.075422471245595
350	12.974274290892275
351	12.14865550456275
352	12.053320343715873
353	14.69630759370557
354	10.51571987351847
355	11.558981353849438
356	10.088188998747766
357	13.201395105936431
358	10.536655234352414
359	12.288056579109533
360	13.103351365534103
361	12.571001371213546
362	10.756411533489631
363	13.53286881383004
364	14.152554509901424
365	11.978521881659011
366	12.033172328027527
367	11.70792593023798
368	12.504955697802265
369	11.525920969819708
370	12.860380007074648
371	13.672606903271607
372	10.996261188899451
373	11.776808653566006
374	11.95866537471069
375	11.765773211015834
376	11.74313299382804
377	11.018425077922936
378	9.620408527308609
379	10.18592035525556
380	10.64598276366014
381	12.421576340015129
382	13.063803421830842
383	12.46255557454424
384	12.5358173925231
385	12.956317337793404
386	11.811099253295106
387	12.88422491467325
388	12.592882738801563
389	12.79424341849517
390	12.33809525984647
391	11.895096922885083
392	11.293145917533547
393	11.840391004848062
394	11.508277178881183
395	11.98769024336001
396	14.252439156109984
397	10.216019030829193
398	10.92434153981675
399	12.362080349945105
400	12.414014705475314
401	14.092121887762149
402	12.327473503321892
403	14.027734761167086
404	11.406202121355038
405	12.60621820891026
406	13.085591938931126
407	12.060871367211037
408	11.754247330892694
409	11.543621048783693
410	13.152577800960797
411	12.104500165380887
412	12.227710396905119
413	13.073431353531001
414	13.562425426019717
415	12.26941078825388
416	11.765016110208913
417	11.554215155025965
418	11.748741940343859
419	10.996086884663734
420	12.082007157664252
421	10.781042207092888
422	14.158162017523024
423	12.985828963515814
424	11.901419728772318
425	11.86392519329231
426	12.557063706975896
427	11.8339612051764
428	11.13638012013639
429	12.74361048844135
430	11.608839540439256
431	13.5494184849441
432	12.234905290123102
433	12.74847618323187
434	12.49759484569166
435	13.656957343881242
436	11.415592449463604
437	12.641816329555587
438	12.736926341598155
439	12.706739076801265
440	11.711162249256052
441	10.76399624701922
442	12.852046544163551
443	13.13714018022819
444	11.234019944753053
445	12.97945340667308
446	12.222520039838354
447	12.33798986188862
448	10.97360940917645
449	10.99210925391827
450	11.017082362856147
451	8.866689953295623
452	13.212498394304593
453	12.298161536297508
454	14.08474439495767
455	12.172167772204954
456	13.679274501139298
457	13.368035303923534
458	11.296477475119495
459	11.313801485146136
460	12.786017309178042
461	12.176470991279613
462	12.637363566686293
463	13.327562341061737
464	11.582725361047778
465	12.211062153051898
466	12.59135530899567
467	12.333570504976835
468	11.412822536086543
469	12.467746011561339
470	10.249225229996702
471	11.887227757664126
472	11.212899358639131
473	12.420571577765614
474	12.218590793185978
475	11.981642028272343
476	12.195433640398953
477	11.7702541337417
478	10.775409632696354
479	11.353481293803876
480	13.369874502821283
481	12.229043953597564
482	11.317335159576032
483	11.777953163737644
484	11.388498235681954
485	12.51665845719981
486	12.053590904450088
487	12.523625598039612
488	11.514863877559863
489	11.499711150623625
490	13.1398275116069
491	12.62717181744064
492	12.137911288062407
493	11.490620329962386
494	10.484960324405014
495	10.250813967928739
496	11.67740366184358
497	12.767943521799074
498	12.60720196773079
499	12.622657066577812
500	12.279203386739828
501	14.420158300371524
502	10.815503540229596
503	9.516159102437086
504	12.850862962588588
505	11.674485521744161
506	10.446708296276888
507	11.287317827012604
508	10.849986697324008
509	11.781180276180079
510	12.34128342663947
511	11.18939019113631
512	11.398755913026873
513	12.242449236467817
514	13.097302607948357
515	11.74710271991041
516	11.992654456704093
517	12.64990013140154
518	12.784872492772088
519	11.635547095993534
520	11.322417681457326
521	10.350914999752687
522	13.137264298187802
523	12.869771589674722
524	11.757864510788666
525	11.605553025348028
526	12.070306121643322
527	9.986206422544395
528	10.017257912423123
529	12.098247815165669
530	12.261864029807674
531	11.02896648915273
532	12.695828465411482
533	12.021293613721529
534	11.559173880808952
535	11.50698540032479
536	13.689517006639758
537	15.561359302278355
538	12.515987230433067
539	9.75428373458139
540	13.224558287877185
541	11.310893624804207
542	10.604726357997961
543	12.265094677568413
544	12.90742171654368
545	10.954502785336915
546	10.38796070732254
547	12.129210772654254
548	13.543011879077708
549	14.559527533456937
550	13.361979755791836
551	12.042031119946236
552	12.73047132072039
553	12.1596961739295
554	11.802278426475823
555	11.555321548544606
556	12.485355509233408
557	12.80580474706063
558	9.918706155834823
559	11.683848490421143
560	12.247155721179407
561	11.905862432867778
562	12.854284877269741
563	12.721976843694309
564	11.886523700668477
565	11.83279772354391
566	12.12203432887327
567	10.93889724279754
568	11.556978427513968
569	11.903366877447947
570	12.502413424831401
571	11.58860719794533
572	13.140408853268516
573	12.99012786306081
574	11.649391977509367
575	11.71802239021949
576	10.133432270692927
577	12.171593267513488
578	12.12114989820807
579	11.015600248575748
580	10.866219845633688
581	14.097608608188404
582	12.360240682280468
583	13.492000854639628
584	11.397087408768895
585	13.18323004321428
586	9.862206584747499
587	12.788032870930197
588	10.930171877635681
589	13.507596553935993
590	12.755481138423255
591	10.815901295876278
592	13.759797019450078
593	12.147112410468981
594	9.811338125574615
595	14.1279625878734
596	11.006971433338347
597	12.34831487136893
598	11.414425624850471
599	11.381426105919916
600	11.649026755212198
601	11.96290994505398
602	13.396699502426642
603	12.822493234795898
604	12.828244532637958
605	11.80556271299498
606	12.890034935686604
607	11.255866243245286
608	13.064290271058459
609	10.478526731868358
610	12.484700304607902
611	13.966269947031675
612	12.766044242249336
613	13.704898269968302
614	10.518897025276123
615	13.039205566419035
616	11.146964574851815
617	12.073032338777557
618	14.557115430795504
619	11.89446761647705
620	11.729346236194639
621	11.475679415108806
622	9.651202290677466
623	12.263527051508639
624	10.499107762328897
625	12.58207475323149
626	11.938197038733051
627	12.786159681505524
628	11.394091090541332
629	12.895868771356728
630	12.377348848310408
631	11.823026413447224
632	14.814386512958803
633	12.568551719370905
634	11.82525294420193
635	12.809264456056003
636	11.360228972303538
637	12.951723657495512
638	11.02053516554205
639	12.341502060577193
640	10.070483958020553
641	13.233635097800288
642	11.775745352301747
643	12.394515963730454
644	13.010966027962665
645	11.561327359745823
646	10.628602273618945
647	12.190838062384335
648	12.53125181030482
649	10.884452343097008
650	11.347089620838718
651	11.102733556573328
652	12.819058964716863
653	13.770708930583417
654	11.987484116090595
655	12.37428201996469
656	10.743424818115798
657	10.859489553221714
658	12.229353820727402
659	9.917283514769224
660	11.882924541144167
661	11.6866655164049
662	12.69155575083655
663	12.35289192161387
664	11.35012790238019
665	12.529396464733873
666	11.722326306411997
667	13.19319560298408
668	14.440877787762373
669	12.608345870953949
670	12.329808396791728
671	10.694156514067965
672	10.841803914553527
673	11.094379198033407
674	12.291456362019138
675	13.10537481958071
676	11.495305749396923
677	13.663180689859603
678	12.16172090327988
679	10.634749163957313
680	13.48405857743038
681	11.877186632909192
682	11.527670565485623
683	14.216445824538823
684	11.35030934100505
685	12.9948702540548
686	10.838097972906931
687	11.42944273424711
688	13.608630074545674
689	14.121789514140497
690	11.816856126740193
691	10.562019608798437
692	10.871074556633609
693	11.554508850462735
694	13.055790691291568
695	14.122979492500114
696	11.453167846288395
697	12.431732713402358
698	12.771636714637483
699	11.571721922170937
700	10.96940415871709
701	12.859019463045776
702	12.40157568098144
703	11.360347155086776
704	11.144354716484104
705	11.930627351549143
706	12.568867174354542
707	12.017177341599018
708	13.746423954784404
709	12.953231352085078
710	13.145801999730637
711	12.33099980880874
712	13.3502400655945
713	13.569489552094389
714	12.211289798375219
715	9.386368985924705
716	12.510875213805488
717	12.13044407032846
718	13.048918613992143
719	11.862833881034302
720	11.975578705420379
721	11.601956196491042
722	10.747572099232846
723	12.896099311631406
724	10.896271991306163
725	12.253449253679719
726	10.783935367950777
727	12.867934079346014
728	12.084811533039266
729	11.923164396343054
730	12.236124729352573
731	11.108903828021582
732	12.49963254560273
733	9.91597863325688
734	13.37091225912122
735	12.944705803092802
736	11.362249674694613
737	11.736121657007406
738	11.450580424983054
739	11.976855386988193
740	12.874636884953361
741	12.199099006103351
742	12.679329599652972
743	11.999412518665743
744	11.00718451340476
745	11.190842322428415
746	12.399116231717118
747	11.72170203536128
748	10.018220946536166
749	13.111243126907778
750	11.964687279781863
751	12.871124619670974
752	12.92724511340531
753	13.30614384688947
754	11.586349211816783
755	11.32639798981836
756	11.264035089407116
757	10.837016580471149
758	11.912146650037771
759	12.84596019384917
760	11.4340133492733
761	11.839730761872488
762	12.994733366588859
763	13.212502889168848
764	12.346040516057709
765	11.298839481464322
766	12.305164339053444
767	11.356858689196246
768	13.509085841808917
769	13.240405409835818
770	12.252824834664352
771	12.6000044710024
772	11.277893646528744
773	9.985205126141764
774	11.216609963692637
775	13.386379361550402
776	11.842930455362938
777	13.969760084699374
778	13.819260658801443
779	12.12993645487586
780	14.317778059294344
781	12.538319977244829
782	11.999280544426291
783	10.72843173545764
784	13.135767428421726
785	12.059038403038416
786	11.261077487056976
787	13.068975745913727
788	13.909150611570416
789	11.207635768334908
790	12.597916252031508
791	13.25394043517299
792	11.423364625887189
793	12.38365767923824
794	11.418893365957775
795	11.927217727153268
796	13.731253473097846
797	11.680181109206751
798	11.950184520382177
799	13.65797202450689
800	10.805351200313973
801	12.792149787736973
802	12.713123640220147
803	10.721375700217322
804	11.663557808696558
805	11.403876997498124
806	12.573030160602436
807	10.978113307408057
808	12.47481134847476
809	15.184978325359314
810	12.138891492989691
811	13.275270378243967
812	11.164997854431231
813	11.744383880138313
814	12.684297630411143
815	11.956228766383985
816	11.110732371606375
817	10.166512492681957
818	12.165750700136414
819	13.115334855375114
820	11.331404707479912
821	13.945958434071285
822	11.604897928706903
823	10.791769904334796
824	13.176278502722694
825	13.136491646934504
826	10.143540049353133
827	12.931671572549162
828	11.67280684086339
829	13.559529638538757
830	12.469361076896478
831	11.70431319931927
832	13.681611117466515
833	10.82087743618335
834	12.650074871261426
835	12.981198255369566
836	12.558187330941387
837	13.22819185035321
838	10.899831598068381
839	13.28648240393554
840	13.167318552769721
841	11.705162741030412
842	10.841950243554312
843	10.919022724996061
844	13.220947555273597
845	12.611417360615452
846	12.577490780023961
847	12.546571942628361
848	9.417901395952372
849	12.890173843437383
850	13.379261705124428
851	12.443844360876193
852	14.019557862842799
853	12.146869835888912
854	14.030642872611578
855	12.29662543632598
856	13.231315540293387
857	10.124218643260454
858	13.440095873974155
859	12.334921391389798
860	10.93352217761761
861	11.8884662103684
862	10.878425188910182
863	12.637024491576344
864	11.874049603536895
865	12.39177481745719
866	12.21402513953702
867	12.79970141306209
868	11.132392130903495
869	12.268072286377782
870	12.345111985313705
871	13.380844331446992
872	11.240445463298654
873	11.613417287616441
874	11.765420462552424
875	12.031241659759544
876	13.129024448428853
877	11.594786234644495
878	10.388792284468833
879	11.858043143832633
880	13.121547452199435
881	11.369733756175265
882	11.880066632112074
883	11.291142732677
884	10.311568744181256
885	12.61833562040529
886	11.73208878947771
887	12.29805535532964
888	12.170169113763572
889	12.169713971919423
890	13.825144434720277
891	11.103178808595711
892	11.431143554339473
893	12.501548077866364
894	13.666518275530755
895	11.438037947619291
896	12.671530621634288
897	12.632764282562261
898	9.61660734224943
899	12.848640844559945
900	13.005709759818966
901	11.736519427329767
902	13.033809871368039
903	13.084920234064123
904	11.747120205089091
905	13.022349153473778
906	10.19038619104443
907	14.89397929425791
908	12.347365956713194
909	12.585612512992652
910	12.022721100210523
911	11.988397891005581
912	11.193005320479404
913	11.981031816596023
914	12.000890099279145
915	13.024590790946968
916	12.608716298254086
917	12.452365539453845
918	13.894938006126
919	13.135243685776368
920	11.975130111159524
921	11.489729776257827
922	11.544829955501925
923	12.45184696984032
924	12.64677838369486
925	11.70356326667719
926	11.25354770839807
927	13.768364586539313
928	11.40329833797031
929	11.434424919457259
930	11.648115832692824
931	12.673358198691858
932	13.50464826981537
933	13.039885224631606
934	13.541066964622587
935	11.257180844799482
936	12.605827815795276
937	11.990789612431241
938	13.717206128717711
939	11.726976118999085
940	13.197796960793701
941	11.576258578479452
942	11.543226781762847
943	14.22097988699955
944	14.262035899956782
945	12.409730410533957
946	12.449407384373005
947	13.064282627490078
948	15.495779398246668
949	10.933900259157571
950	11.690045734093038
951	12.350066214591303
952	10.942207802588161
953	13.369432844338007
954	12.081145045938543
955	12.44287180518854
956	12.04535222659783
957	12.360144571397297
958	11.769619986771431
959	11.322138798724422
960	12.723169181937058
961	11.060256421673111
962	12.201767997140996
963	12.069639354303945
964	11.196234672213905
965	14.03855453105089
966	10.424046817851965
967	11.350295298248529
968	13.953948386960706
969	10.406220192365398
970	13.657810287904399
971	12.070887332184197
972	13.263338047903963
973	11.790234262595186
974	12.903660429111268
975	11.525693059590159
976	11.940307086758207
977	11.458261940376056
978	10.734878550032398
979	13.465868524358873
980	12.542022240433234
981	12.557863633819473
982	13.159171193750808
983	13.723207496944815
984	14.316299862717278
985	12.313998054820113
986	10.810509348462801
987	12.079213940774721
988	11.001841608119625
989	11.67373643614701
990	12.512383016376672
991	12.111717789556133
992	11.568556894268841
993	9.020590730659023
994	13.282973077357747
995	12.844280601717488
996	9.538784736386416
997	11.495999735721853
998	11.528442278106619
999	12.038516864812534
1000	11.89457769287177
1001	10.210267353850348
1002	10.914928983759388
1003	12.638575900550931
1004	12.128919955976016
1005	12.14242271652566
1006	11.888149166970834
1007	12.344243633499204
1008	12.428113187861163
1009	12.974360386594473
1010	13.295130791782867
1011	13.048198809288442
1012	11.762254124247086
1013	11.372887246862419
1014	11.678042303809585
1015	12.10091067330954
1016	15.056655598460653
1017	11.734087835678466
1018	11.657435929291145
1019	11.125895142473315
1020	12.667525034089087
1021	11.568840676544072
1022	12.780696277707143
1023	10.420686770964844
1024	11.677673383493952
1025	11.433762514435399
1026	12.08157997278613
1027	11.954081476377526
1028	12.252976361778565
1029	11.061818932159804
1030	11.791601862559366
1031	12.706274230231065
1032	11.717817657107775
1033	11.58123844370268
1034	11.243867338264614
1035	12.02073107187331
1036	12.345798389237773
1037	12.762174145746975
1038	12.267680225148798
1039	11.45903026450625
1040	10.687180480951527
1041	12.534142899804284
1042	13.54953635747721
1043	12.230743293205954
1044	10.735676989918575
1045	11.18762229092849
1046	12.959230230156598
1047	12.173716222046336
1048	11.520348652641083
1049	12.112954422133043
1050	11.399849416024086
1051	11.627088742303805
1052	11.282079508627898
1053	10.74577966581897
1054	11.910182946001772
1055	13.196604428621608
1056	12.436415356145623
1057	11.5323087800273
1058	10.906127783264417
1059	13.513593973152133
1060	11.632718225751887
1061	12.921149368930076
1062	10.364328955335077
1063	9.657203572802246
1064	11.810579726149122
1065	11.63766513306958
1066	11.25316329462415
1067	11.865423182594693
1068	10.967138312481852
1069	13.253304246727279
1070	12.632614269651556
1071	11.602349322894588
1072	13.475096230152994
1073	11.66534664025172
1074	11.861991599890525
1075	12.765464665478488
1076	12.313031010603641
1077	10.124450708448421
1078	11.454016222006262
1079	12.538616963361468
1080	11.385989261658064
1081	12.537303974934142
1082	13.693225292661024
1083	11.681222379423811
1084	13.323786168837136
1085	14.66172327140313
1086	12.36539437044606
1087	13.242788572160697
1088	12.672825130151718
1089	12.910393961750042
1090	12.439093290570392
1091	10.905463062028867
1092	13.050046964730743
1093	10.918610823878016
1094	13.399985607051732
1095	10.770054863891952
1096	12.012964081373953
1097	10.922117908845063
1098	13.262185813160613
1099	13.573630024487262
1100	13.111495452881273
1101	11.015524603286758
1102	12.517764544714929
1103	13.551777877534429
1104	11.89492613779536
1105	11.550996592345959
1106	11.915119386018397
1107	11.725942935743976
1108	10.5441271584481
1109	14.809348641416841
1110	11.054039038590748
1111	11.078541035664134
1112	14.130196271098352
1113	11.522581665160354
1114	10.451543745507175
1115	11.685539747747084
1116	12.237139490729367
1117	12.065785474878234
1118	11.849649679422487
1119	11.112116242018105
1120	10.871575463870117
1121	10.900949283177033
1122	12.977376562853655
1123	13.869972125804052
1124	13.72171674330289
1125	10.215923499411225
1126	11.799046847048094
1127	11.684372924395245
1128	13.11626326305559
1129	11.747809246468188
1130	13.354786917427555
1131	12.953122233906761
1132	12.413248771882575
1133	13.53584254375245
1134	13.37248012483386
1135	11.47351579349893
1136	13.751327264101498
1137	11.614687605360523
1138	13.030508841660902
1139	12.742353819014335
1140	11.502137623039918
1141	12.99424415996627
1142	12.53282372925717
1143	11.893175109828007
1144	12.45823328185867
1145	12.262823960009532
1146	12.781130426016677
1147	12.885465789604932
1148	12.74874354030804
1149	11.619873627644754
1150	11.66825560754579
1151	10.622829662003953
1152	10.500847337685306
1153	11.157380284106528
1154	11.101176462233221
1155	9.984854765267421
1156	11.550433065276593
1157	12.315627843552434
1158	12.887505142388612
1159	11.899123027244762
1160	11.879992482386744
1161	13.717517201132564
1162	11.882019214081364
1163	10.774873316631696
1164	12.111694794166834
1165	14.282916102580549
1166	10.043033410137033
1167	12.854087490688212
1168	11.574283593674549
1169	12.938574138160964
1170	12.390225338982418
1171	11.311114367166603
1172	13.45656658647349
1173	13.278961084550247
1174	12.243046864102196
1175	11.937943258056682
1176	11.676004673146442
1177	13.914686105097644
1178	13.976055057678858
1179	11.917185339171233
1180	11.395654779738717
1181	13.444603426782932
1182	11.04955822608674
1183	11.606061065970506
1184	12.258393717796675
1185	11.285089790665856
1186	12.377914838664962
1187	10.72124148795847
1188	11.298650459962941
1189	13.883777609105561
1190	12.62882861405335
1191	11.171475659782553
1192	12.705730467650067
1193	11.890342569211498
1194	11.746176905243805
1195	11.52077528883946
1196	12.890965606149456
1197	13.16445857337921
1198	14.271512231847737
1199	12.219330407837406
1200	12.708914967098584
1201	11.869148248042912
1202	12.431621576775797
1203	13.635370603426257
1204	11.154410785651239
1205	12.810195936602266
1206	10.741555876409015
1207	12.38501053103736
1208	13.76851715393261
1209	11.785859116484694
1210	12.331197670796104
1211	11.176194980852307
1212	12.397653829235503
1213	11.321261729616182
1214	12.380259472951293
1215	11.588598888356831
1216	13.178215152471912
1217	12.043969061816684
1218	11.40471338335721
1219	12.45154368923977
1220	13.477663749511438
1221	13.447738449061289
1222	11.936952450393658
1223	13.504311085288304
1224	12.564258666864285
1225	10.595596561940122
1226	11.77061807409422
1227	13.046359054470921
1228	11.477914857890699
1229	11.28588125145994
1230	10.884953044016253
1231	10.520461972446784
1232	12.678405095651911
1233	11.160029100536025
1234	12.673963455762713
1235	14.041256445018869
1236	12.097915502992691
1237	11.018118683702777
1238	11.997727076290175
1239	12.147552171256393
1240	10.283639366133139
1241	13.558534043841064
1242	13.012368214866994
1243	12.201649819416925
1244	12.562283326253796
1245	11.649883887005181
1246	12.839890958680035
1247	12.7554666978959
1248	12.192235250554335
1249	11.498787434099036
1250	12.556343216914684
1251	13.868224346982863
1252	12.58383699217146
1253	10.919401226124089
1254	13.200892869130863
1255	11.450085802995803
1256	11.598593390737237
1257	12.628877877113249
1258	12.341339382701195
1259	8.369993611448445
1260	12.366942995702159
1261	10.872110918464992
1262	12.23920674566623
1263	11.423770387106659
1264	11.27914444241967
1265	11.055491516250186
1266	12.604490597732365
1267	11.584784825047892
1268	11.808162768286737
1269	12.679138492387548
1270	10.071260733775691
1271	12.592052884257605
1272	10.49719933988738
1273	12.114887642712953
1274	12.486613323691449
1275	12.704906559050348
1276	13.49453231820371
1277	11.94280688800583
1278	11.958606756157959
1279	11.834146696079353
1280	14.039294768276159
1281	11.147803585450337
1282	9.871155418433426
1283	13.056905070543289
1284	11.946529038134031
1285	11.63210292335134
1286	11.65777173371143
1287	12.117158418384326
1288	11.380106500324993
1289	12.54674858462531
1290	12.929247114020178
1291	11.69687639755596
1292	11.457505869409559
1293	12.241769371034268
1294	11.525268192594762
1295	10.460406979767694
1296	11.242454075845531
1297	10.503415067981491
1298	13.123529333336693
1299	10.863391945934078
1300	11.858215546072461
1301	11.860159608875014
1302	12.422086153220494
1303	12.759864534027185
1304	9.23456417786656
1305	11.40017717484152
1306	13.805509862115445
1307	11.638549508012753
1308	12.087639521968622
1309	12.37856038624485
1310	11.296949539938941
1311	12.934497588090599
1312	12.547302511771424
1313	11.612674582810344
1314	12.07212631534785
1315	11.560840635318668
1316	13.179657298489474
1317	12.262737768913873
1318	11.50787125243089
1319	13.347264612412632
1320	12.330907790244304
1321	11.704964671848128
1322	13.19371493513696
1323	11.979025966266082
1324	11.738602015897632
1325	12.879240980811623
1326	12.937038757737078
1327	11.706684134466657
1328	11.002378746409834
1329	12.266029966351411
1330	12.082388289028867
1331	10.270922258550014
1332	12.566534541862746
1333	12.399683175433893
1334	11.70127708050755
1335	11.848869327706499
1336	11.868524014276252
1337	11.688580863839015
1338	11.362755818632044
1339	11.459429086749687
1340	12.186141478798717
1341	12.378360665058716
1342	11.20463018603623
1343	12.912421563579498
1344	13.465560940469409
1345	11.986773072546349
1346	10.942304651252925
1347	13.382514791126596
1348	10.319049937719042
1349	13.508043720324833
1350	12.881097008573956
1351	12.415376220687499
1352	13.873583851088034
1353	15.481562218501825
1354	11.333465543200468
1355	14.102976041821032
1356	10.962763140827883
1357	11.569310491150246
1358	12.90364750792031
1359	12.278967938582914
1360	13.015015443820241
1361	11.261217828607187
1362	11.73018071462866
1363	12.461484426526692
1364	12.988631545735354
1365	12.660698507034864
1366	12.44043557040859
1367	13.22195087641982
1368	12.26792310327503
1369	11.25158849244006
1370	14.973072103543306
1371	11.01311501769603
1372	12.63542348810006
1373	10.56879282573105
1374	12.553472053093303
1375	11.336235386774032
1376	10.812989056586167
1377	13.549233992064659
1378	10.048987022018991
1379	12.483034237791356
1380	12.46174034877913
1381	11.291871200463818
1382	12.812531049892476
1383	12.308849005406955
1384	12.224865467313471
1385	13.88257179068851
1386	11.334821212155346
1387	11.226634502061643
1388	12.78727349321931
1389	11.626720306962463
1390	10.579124220610154
1391	12.561043985839934
1392	11.155619074069406
1393	12.38280480928523
1394	10.372428280937795
1395	11.752688438246917
1396	12.38171887191129
1397	9.84714771186933
1398	13.004969106109526
1399	11.399148615318923
1400	13.375680358044338
1401	13.246284742183475
1402	9.894754273956641
1403	12.039210277609527
1404	12.720614766663251
1405	11.722030560607978
1406	13.064568274375052
1407	13.36816562924915
1408	12.852125526801682
1409	12.00135170451055
1410	11.359722218677318
1411	12.134548572844572
1412	11.966791979175198
1413	11.15716961924918
1414	12.266348987901583
1415	11.936281190289614
1416	13.852900088531896
1417	11.06919132887428
1418	12.254838533993615
1419	10.955544848915782
1420	11.660339587251656
1421	12.94789439804041
1422	13.525080651091411
1423	12.152933730287478
1424	11.421445157973924
1425	13.191649290745975
1426	12.224049317307378
1427	10.944588117677576
1428	10.587892284490712
1429	11.058396758977324
1430	11.493054500738667
1431	12.895989874843508
1432	10.789003438614309
1433	11.549441053483047
1434	13.15755014686676
1435	11.906324305561032
1436	11.731778368368396
1437	13.416077329888052
1438	10.453701050683426
1439	10.852284038268651
1440	10.317144266372038
1441	12.792689335836178
1442	11.866079744650051
1443	12.217938350962608
1444	13.052095847977657
1445	11.880031796366287
1446	12.265367062806035
1447	12.679766855584457
1448	10.954838049830869
1449	13.271728651947342
1450	11.616177105681142
1451	11.905682901013643
1452	12.691370011224146
1453	11.437361550995977
1454	11.889515823771944
1455	11.360682484653333
1456	11.451555395911617
1457	11.419514553706078
1458	12.506642438936979
1459	12.291103900283236
1460	10.848190582357347
1461	11.820738351011338
1462	12.167127824931717
1463	12.558116394233366
1464	9.904263555050074
1465	13.782845163569702
1466	12.885254195528105
1467	10.432657248288807
1468	12.099083842297729
1469	12.508393698327598
1470	12.811867540003732
1471	12.703400822832588
1472	12.16089566622395
1473	12.277837100096376
1474	12.870439786355321
1475	12.296868754997073
1476	12.769160538772121
1477	12.273324747122825
1478	12.99804623106208
1479	11.543133286598067
1480	11.9723743683167
1481	12.894885395765947
1482	12.774566120194162
1483	13.001526204412444
1484	11.052140264697796
1485	12.657603281768388
1486	12.418870822166003
1487	11.652897905414214
1488	11.343382071880624
1489	12.04227594123222
1490	13.256430792354513
1491	13.252563238126012
1492	11.349478367799893
1493	11.30919546302623
1494	14.212886176227281
1495	13.482430729516116
1496	12.89347280478105
1497	13.0258759917647
1498	12.441675943067821
1499	13.338553799963039
1500	10.783320990908477
1501	11.586150376194079
1502	12.881527616714056
1503	12.852383741914915
1504	10.53632774273865
1505	13.03390305859714
1506	12.822323023846062
1507	11.606133414019661
1508	12.96310090956926
1509	11.7420522730425
1510	10.460068246634263
1511	9.855977015944923
1512	12.864701722272333
1513	13.635575381947843
1514	11.09621167832109
1515	12.767423046668144
1516	11.640672907747916
1517	12.56370235148775
1518	11.00657276622951
1519	12.30702849624989
1520	12.137016246831045
1521	11.421939062216552
1522	12.02520806612059
1523	12.340518979040686
1524	10.856751185704276
1525	12.481570333493156
1526	12.637101128390482
1527	12.414598153712337
1528	13.443831902074939
1529	12.860816970774481
1530	13.988568555553105
1531	11.988701637062293
1532	12.540009658706063
1533	12.15770959345779
1534	12.302360050243744
1535	11.861249443393067
1536	10.933972889174973
1537	13.258416896848939
1538	12.748507936475798
1539	12.960774838553604
1540	12.331391088713548
1541	12.130631049762346
1542	11.353291004796379
1543	12.826360372413712
1544	11.264040406905115
1545	13.551066281157546
1546	11.93269401944529
1547	12.017488249810413
1548	12.288222149259559
1549	13.099091468572928
1550	11.502024470336941
1551	12.586218976084357
1552	10.876537435710253
1553	11.062538478597576
1554	13.905839946087715
1555	12.925382317136973
1556	10.705099596339277
1557	11.147842191417064
1558	12.61626198005979
1559	12.060055503519251
1560	11.889125065139398
1561	12.195669678195069
1562	11.118969762958587
1563	14.05073811231262
1564	12.161480785508711
1565	10.688036785540836
1566	14.316526594667641
1567	12.09763818497595
1568	12.055811338726645
1569	11.3121358031407
1570	11.121887327556033
1571	13.049892964233136
1572	10.651037913433317
1573	12.571981165375162
1574	12.643695426359773
1575	11.302143924878552
1576	12.780884526243122
1577	12.35994661750272
1578	11.255032301523412
1579	12.791733929923794
1580	12.571494094387162
1581	15.484558039707029
1582	13.332172293398928
1583	12.491352608893067
1584	10.894776648808536
1585	11.550585261013891
1586	11.895016965142492
1587	12.371235433005495
1588	12.91225018966943
1589	11.765181747832052
1590	10.828547564935626
1591	11.114950319503745
1592	13.41723848162464
1593	10.521148818574147
1594	12.618620441945192
1595	12.22983648715308
1596	12.052305587648373
1597	11.117799815612242
1598	11.013954188378358
1599	11.621532544372604
1600	14.626341623711753
1601	12.421683606334652
1602	13.059806764659081
1603	14.640651576562474
1604	11.97489499112003
1605	11.929923644883093
1606	11.399627885555246
1607	10.135884727451153
1608	11.460543711420282
1609	12.649604338815372
1610	11.281691099084648
1611	12.391494710733625
1612	12.160103883765833
1613	10.892804768608094
1614	11.719895180489402
1615	13.178748695112224
1616	12.449955199789699
1617	11.28546166591431
1618	10.973732071590018
1619	10.926784239211967
1620	11.143704282395033
1621	10.779771162429824
1622	13.177695724293935
1623	13.062509416683147
1624	11.551817256168256
1625	11.38647179378852
1626	11.998054360527368
1627	13.720895466269353
1628	11.843385567254801
1629	11.255576288958158
1630	12.135351340185203
1631	12.931010164532132
1632	13.030960698338712
1633	13.179570216394495
1634	9.871957811675118
1635	11.140436491311487
1636	11.22602896821627
1637	11.791665470190345
1638	12.101798587465002
1639	12.228119276914125
1640	13.158226835900374
1641	13.078191910489378
1642	12.113375541686471
1643	12.370097012724727
1644	10.966364384396002
1645	12.04687506512908
1646	11.171296308452908
1647	12.881290023299782
1648	12.800432031556706
1649	11.628754563616692
1650	12.434824248123913
1651	12.888212715998586
1652	11.695921799866483
1653	12.784512326948281
1654	11.168127956184824
1655	12.713483628288555
1656	11.477967794256983
1657	12.881291657747505
1658	12.49170072155539
1659	12.049664213514442
1660	12.590512600576725
1661	12.858903370176753
1662	12.033460075808689
1663	13.208076042738478
1664	12.648936009733006
1665	10.721431122071898
1666	11.156433311045273
1667	12.382537929845663
1668	10.259055791632273
1669	11.18482818956753
1670	12.687982598711786
1671	14.167089729286406
1672	13.147817728589015
1673	12.195796454106183
1674	12.27931832484901
1675	11.70406188198831
1676	10.333613025320863
1677	11.68177976414916
1678	13.266210056181686
1679	12.949973804574897
1680	12.200396975767317
1681	14.28446669712624
1682	11.61568723349438
1683	12.77965739246129
1684	12.83745139593957
1685	12.750281999048848
1686	12.86425894785983
1687	11.060634514843317
1688	11.724133404255237
1689	11.089659275862182
1690	11.664621951850132
1691	11.650378244290888
1692	11.919445362847505
1693	12.400998811094233
1694	12.024058243482918
1695	11.629744825049249
1696	12.910459258231437
1697	11.570945113638622
1698	10.885071954098143
1699	12.937714692531154
1700	11.311201661263647
1701	12.983245356900929
1702	12.995092716265935
1703	13.402500153310891
1704	12.384802462741439
1705	12.744854162810952
1706	12.587537321596756
1707	12.246421529885588
1708	11.659443792412416
1709	13.095583770424128
1710	11.778266405727823
1711	13.328381194627251
1712	13.23548847738476
1713	11.581146415416152
1714	10.607339408640241
1715	12.549963710014708
1716	12.609110026317648
1717	12.719057787916865
1718	12.710750577342697
1719	12.950079858991861
1720	11.315520777194964
1721	11.269076324533671
1722	11.571838673108935
1723	11.974331313323301
1724	13.254930261432982
1725	12.292860390840186
1726	11.734558459401697
1727	14.038641451824722
1728	12.831563589192228
1729	11.731981873656784
1730	12.206183690649386
1731	10.638904817821459
1732	11.577377018596357
1733	11.170902417634021
1734	12.504631687590683
1735	11.695840665513812
1736	11.888059916619499
1737	9.883455509319901
1738	12.534437485413788
1739	12.20919302600221
1740	12.230525892889617
1741	10.339105505579417
1742	11.98729140689266
1743	12.674465826836725
1744	11.559744270834406
1745	12.348177250319472
1746	12.80788068001857
1747	12.05382370455614
1748	12.638352089709686
1749	12.244933445260607
1750	12.53479542733791
1751	11.146411758431766
1752	13.798162946322313
1753	11.289441031934693
1754	11.490210757229942
1755	10.22178806184924
1756	13.452597178859703
1757	11.46425479194361
1758	13.124480438011233
1759	11.655969741686325
1760	11.687447864087657
1761	12.064120831699777
1762	12.076908001087999
1763	12.6666348620411
1764	11.863987299503366
1765	9.649396153539419
1766	13.012476412841352
1767	11.642497000193949
1768	13.086068588488905
1769	11.300784256150946
1770	10.52044195655617
1771	12.20867352739579
1772	12.760489498101244
1773	12.059507275268865
1774	13.244149388451325
1775	12.270695171160623
1776	12.470307228512441
1777	12.323215101407841
1778	10.714207712840288
1779	13.335817019429264
1780	12.237014200926447
1781	13.087547658325132
1782	13.215817332552332
1783	11.955030088706945
1784	11.34324277728796
1785	13.175427117336463
1786	10.686681635668114
1787	12.287187047118909
1788	11.911693652942777
1789	11.625149984370053
1790	11.94284509871663
1791	10.783795838912383
1792	12.400539653179678
1793	11.390881532958398
1794	14.169281071918086
1795	13.233048176149959
1796	13.024328030413017
1797	11.56227968616019
1798	13.175818789174729
1799	11.2263224277481
1800	14.946142836268992
1801	10.944942590517357
1802	12.066137176644252
1803	11.597985970047635
1804	11.856403066604601
1805	11.372484679306474
1806	12.66767943334046
1807	12.549425922735626
1808	12.679661580914399
1809	12.60377733132802
1810	11.69865308374477
1811	12.716260536797703
1812	13.153004679332852
1813	11.276546440394172
1814	11.458510327385738
1815	12.593955974523467
1816	11.11712321241458
1817	13.0012569188606
1818	11.686205931887445
1819	11.059283895171522
1820	13.91310647752528
1821	10.911119316439992
1822	12.815185437910259
1823	12.830615571531881
1824	11.078720294042594
1825	11.726762416338632
1826	13.50077328064733
1827	12.56750605042781
1828	11.360952543833738
1829	11.697729554780594
1830	11.199767998730144
1831	11.05241379057545
1832	12.113907522544087
1833	11.616824581855909
1834	12.346008744862813
1835	12.632815786085924
1836	11.79072650130062
1837	12.143651959973134
1838	13.540206292997404
1839	9.593478481750935
1840	11.096090153884143
1841	11.033634998758012
1842	11.616448335854026
1843	13.436343382622692
1844	12.446777772203449
1845	12.597027955297381
1846	11.196077423644494
1847	12.85091411669661
1848	11.528261832469566
1849	11.776110608514179
1850	12.59644324985695
1851	12.303574269148521
1852	11.248370309801478
1853	11.538908134852708
1854	10.803625029034446
1855	11.883261398228473
1856	12.427126925093708
1857	11.397528978847815
1858	12.150418351861076
1859	12.14948517134014
1860	11.253496208069423
1861	12.171001174658732
1862	10.90583113418892
1863	12.286126547289314
1864	11.813842432340607
1865	12.933445436634907
1866	12.738263556844599
1867	11.416927469866899
1868	10.852245903452859
1869	11.964108601678163
1870	14.690603282407391
1871	12.331248233821244
1872	10.975916792776182
1873	12.013288949129425
1874	11.162276703502155
1875	10.74427059263383
1876	12.058966486678017
1877	12.038979698214321
1878	11.319286091126163
1879	12.187380433422126
1880	12.321559386178185
1881	12.224049376546526
1882	10.99380867949141
1883	14.918936177246415
1884	11.99278806690843
1885	11.406088549876586
1886	12.136077316303272
1887	13.73248724372126
1888	10.891751571591678
1889	12.970461871195585
1890	11.737832328022801
1891	13.349301927384328
1892	12.256427383665661
1893	11.647949319542386
1894	11.34383374967505
1895	10.47770267481073
1896	13.215816368761642
1897	11.759650859952671
1898	13.345273246550933
1899	9.796989174171662
1900	11.787352352979637
1901	13.214220818775871
1902	13.075552653187238
1903	11.765427009943364
1904	12.529426865968043
1905	13.096149970401221
1906	12.564743865727602
1907	13.039455494424327
1908	11.643907619721722
1909	11.363762879021172
1910	11.227711770580047
1911	11.12245860889554
1912	11.876678897311823
1913	11.788655659868656
1914	12.441380135931208
1915	13.072047973206887
1916	11.846745232219941
1917	10.302699018354444
1918	13.39251255213678
1919	12.22652926039882
1920	12.59052850739789
1921	11.258436871375888
1922	13.921385266003199
1923	11.986137431046432
1924	11.894799956310264
1925	11.793843371874223
1926	12.653636820135741
1927	13.125865687416601
1928	12.60233730841976
1929	12.505541105886273
1930	12.594894067553634
1931	10.981658758199774
1932	12.999558074769618
1933	12.394612351310967
1934	12.104304203378538
1935	12.470532197505236
1936	11.029039284447208
1937	12.307687835719694
1938	12.643501918775177
1939	11.89489650920344
1940	12.458261316874996
1941	12.776581978055594
1942	10.426878669177226
1943	13.489989641637198
1944	10.248860537180338
1945	11.28388763067347
1946	11.033461012342876
1947	11.844972176347962
1948	12.894635141938926
1949	12.509901872072886
1950	11.755169812822714
1951	12.077272409029925
1952	12.713163586004692
1953	11.275247639654914
1954	13.1144191854952
1955	11.744840723864565
1956	12.58120235933089
1957	11.98338757917684
1958	12.345264450496282
1959	12.965266451969827
1960	11.520232795361572
1961	10.457893348666595
1962	10.839313035088708
1963	13.455260624977477
1964	10.369704513504985
1965	13.297788056374815
1966	12.760450707166456
1967	12.877349373150187
1968	13.65400579210282
1969	12.003160120036195
1970	11.563771788018608
1971	13.452966842935176
1972	13.253399494040588
1973	12.064259714558316
1974	11.845882571469993
1975	11.190015390120527
1976	13.982150894861357
1977	13.234219377199189
1978	11.067635037082558
1979	13.00166274940497
1980	12.323490483528003
1981	13.957859285560867
1982	11.908551179411772
1983	11.958093425000293
1984	12.06482944529745
1985	11.111371116994027
1986	12.651309208820264
1987	12.916459339471269
1988	14.924247694933522
1989	11.45228739167886
1990	11.95571111141577
1991	13.40282444361433
1992	12.620574805334112
1993	11.078072513351216
1994	10.018276957816191
1995	11.3798434558428
1996	11.842492633751439
1997	10.915257272829132
1998	10.97710649526678
1999	12.94211302602198
2000	11.81110388415982
2001	12.031888566715153
2002	12.073539299807246
2003	11.72629554681659
2004	11.347817189281894
