6	16.177690912802365
7	15.422211876298206
8	16.414526671093647
9	18.688633429003104
10	17.490221956869952
11	16.8758837311488
12	17.10310785933072
13	14.837935562570692
14	14.852251890048622
15	16.88917008921764
16	16.236196339074716
17	16.07822056848835
18	15.761841215123798
19	21.864625622694103
20	16.69497834728231
21	14.539313523752842
22	18.352566030934604
23	13.661984170663345
24	15.393642719342742
25	16.702138804476547
26	15.64119935225526
27	14.199774907864533
28	15.939082783816188
29	14.807428841920025
30	15.517963942562815
31	15.585645972403235
32	15.83297489492235
33	13.346519968652208
34	18.655467941999838
35	15.194552392614014
36	17.192987844323888
37	15.333172889293705
38	15.79665647954971
39	14.561021456466293
40	23.924034041146314
41	17.44677849681258
42	15.146164635642274
43	13.883416159178335
44	15.829934049234257
45	14.248820278323922
46	14.021808989428175
47	16.497127256176707
48	17.174319022946495
49	13.66265127735208
50	15.592363926483639
51	17.67994462635567
52	16.48287874012749
53	15.738142772270173
54	14.875401686563436
55	13.109037993351263
56	17.942397349601805
57	16.21232975399978
58	15.616942918942991
59	14.436289105765658
60	16.357115741432985
61	16.510324751923488
62	14.616573544079923
63	14.714126176023665
64	17.766079866060263
65	14.474493650828258
66	15.102441293006754
67	20.38957187703428
68	18.86303200346301
69	17.2363185972673
70	14.82529467702946
71	15.65368569311821
72	16.859105996552696
73	17.312290054782117
74	15.919024692069797
75	16.358485199803496
76	15.08763988787821
77	13.96088002412486
78	15.749361308510526
79	15.381932877087012
80	15.301010987013884
81	14.788570987797154
82	17.480594903685656
83	14.009871150185063
84	15.66506041517423
85	16.19631700388265
86	13.783016193714936
87	15.72302906844642
88	15.973564523225274
89	16.917187903313575
90	20.96151675962308
91	13.330634840614831
92	17.318160320313137
93	17.74372462709406
94	16.14320452237694
95	14.851267456119617
96	18.93220664489539
97	13.791012250729882
98	15.431059199005587
99	14.962647543202015
100	16.714586231972877
101	15.14683873122821
102	16.963731903830194
103	15.907571116403203
104	17.064993955057
105	17.775877938207906
106	16.30552640024398
107	16.702040784511503
108	15.333838650291117
109	14.678584132296102
110	17.29050668394316
111	17.712106677125032
112	15.170707838018819
113	18.025072448247457
114	16.778036006767742
115	18.815305728599057
116	15.393829992612963
117	17.579730608007655
118	16.639726585385922
119	15.047995709003535
120	17.635329159656354
121	17.25945782932144
122	15.2945462953406
123	16.72702717953471
124	16.405533825248394
125	21.12877283136608
126	14.57892632422294
127	14.932532405056408
128	18.634191974471303
129	15.98993444716372
130	13.34145918678509
131	16.968768132544938
132	20.88246175311976
133	15.652973697354254
134	20.028535287180254
135	17.123081073970457
136	15.590090742933699
137	13.736176810035591
138	20.006441168811527
139	16.884928991339013
140	16.042350461728113
141	15.766029494277563
142	17.3223094075535
143	17.37803117139459
144	13.084809475222507
145	16.937119063844438
146	21.15852907655426
147	15.481014389468733
148	17.167312169085683
149	15.38179673207642
150	16.163287020727783
151	17.155080877550063
152	16.874644495435998
153	17.36848314379477
154	23.675851505748934
155	17.543271004902916
156	16.432300508323674
157	16.01438188941815
158	16.24492185584677
159	17.09979724627544
160	17.25126274263983
161	14.644403282909282
162	14.287632289654574
163	17.076769583668256
164	15.755200607574402
165	19.025332022411963
166	16.85062585629226
167	15.374386464324479
168	17.274253966182734
169	15.895337109587853
170	14.310512960609534
171	19.704696582530897
172	17.132461172024097
173	14.587283055860942
174	17.69796093938607
175	17.17960394076767
176	15.404330467075026
177	14.185447981621005
178	15.400382454247936
179	19.9638396622464
180	17.063957471600588
181	17.046168638396193
182	16.523272367473535
183	18.142483281672217
184	14.504707524004377
185	14.315205645899574
186	15.944415201019082
187	16.402651839095945
188	16.425668031644758
189	14.691801923707375
190	16.874582376917825
191	14.80177727562335
192	17.1487177531244
193	14.419661734663531
194	14.975366840031066
195	17.918513294370403
196	14.683552252248045
197	16.2028695300741
198	14.668909933443096
199	17.902162570980312
200	15.894796452311311
201	15.229362968436156
202	16.5788243874631
203	15.439553288366733
204	14.696278853969908
205	14.811389370767142
206	16.24193422263488
207	15.155562817214182
208	14.482696348732134
209	16.779544294198367
210	14.752944080091968
211	20.808207078893947
212	16.14833491594618
213	18.971947687932136
214	16.229347491358308
215	16.00579137489718
216	20.721707354957918
217	14.76110981438861
218	15.095396098543425
219	15.578893274293213
220	13.58176470088074
221	16.59160367649747
222	17.054513066788317
223	14.959249622827853
224	17.822908832930906
225	17.78501784467274
226	15.151621023863198
227	16.880609905173607
228	16.328861487971153
229	15.308185557059915
230	17.05696764854602
231	18.05254301951725
232	16.449543142158763
233	15.61602301284729
234	17.637890567803264
235	16.432399752369662
236	14.793437154864478
237	14.140304162308054
238	15.365702852019064
239	12.817215265743735
240	14.875322902911446
241	16.6477605220983
242	14.118772064364748
243	17.224368601979222
244	15.324779303750457
245	15.735350805079868
246	18.392651695363796
247	17.525883589435608
248	14.488591461420583
249	15.148648323811358
250	14.694316736383987
251	17.322172428959068
252	16.75439586185611
253	15.104587488906244
254	18.72976398241939
255	14.331279568685204
256	17.953255381438513
257	15.19965005447457
258	16.350105608282497
259	14.860355854660625
260	16.116674033438905
261	16.355206760362936
262	18.62221805768786
263	14.853779229842457
264	14.735001820412716
265	18.28778733404425
266	16.263589893473544
267	18.156384551210067
268	15.414723994310902
269	16.745799894070174
270	16.79186350193446
271	15.20013860225919
272	14.601171027027792
273	16.527732747481128
274	16.086079494699433
275	15.452270465800002
276	15.164826638779441
277	16.797875409504318
278	18.01095709766096
279	15.965111940888724
280	16.185207661354475
281	14.52899186367229
282	16.74050835988319
283	15.621945542556485
284	17.334129413586925
285	18.016187230667004
286	15.94707161588266
287	16.218502731182767
288	14.666700567101518
289	18.192093814893937
290	16.61512062796562
291	15.435659126756946
292	17.27198780202044
293	15.230184457216021
294	14.399852751352404
295	18.757132282627055
296	15.446970673586922
297	17.305096725082393
298	21.170977481912512
299	23.69658993131732
300	15.325572751158486
301	15.563949673440337
302	18.52429397164441
303	16.194541456134644
304	15.41469657800964
305	16.348761468170014
306	16.13872215133754
307	18.078673698629718
308	15.940761477703095
309	16.229170927738455
310	17.179458663082592
311	16.414489030150786
312	14.378216544098686
313	16.635638080895955
314	16.049289735830826
315	21.886564707779325
316	14.853921197346857
317	16.3940305727479
318	14.515454410710522
319	15.318613541798326
320	14.151606678028614
321	14.480128143406592
322	16.63295251327347
323	14.638535363592148
324	15.559845743549953
325	17.79623630127462
326	16.33346830728624
327	16.85471497951526
328	14.174183027691118
329	19.54810380454647
330	15.911118712971566
331	17.12972978218625
332	16.562921094247333
333	14.231348636543512
334	14.685342584254354
335	16.095024093234677
336	14.48281906680495
337	17.206198404481984
338	16.288727091995597
339	15.520466901791927
340	15.916317577415612
341	16.239214618262203
342	12.655322878383144
343	18.95317020866645
344	17.061119363177568
345	15.70438627804914
346	17.003303396058843
347	16.14070309591345
348	15.045918435749893
349	14.7186590078151
350	14.418749273998753
351	16.840851649749016
352	15.428639021529307
353	17.920843001193134
354	15.204616840528615
355	15.758795995061519
356	14.59606295718307
357	15.817833754195211
358	17.475690783908394
359	17.327695565730878
360	15.344738036311286
361	17.280839810461558
362	14.388517109663967
363	18.68730861634662
364	15.414678148893707
365	14.955420913541241
366	15.496977103910675
367	17.408634251882805
368	16.340509939901743
369	19.498036812638425
370	15.339694233811942
371	16.158565846545137
372	17.085996017300445
373	17.43798368060541
374	13.740807338561412
375	16.023897083814983
376	16.61439316758491
377	15.329879392439786
378	15.691121539365756
379	16.25407123743753
380	15.96573392264739
381	16.215239584056285
382	15.255219400068098
383	17.817373506525584
384	14.456850222006956
385	19.248173144075178
386	16.801931481182
387	16.09227938376393
388	18.71978254001754
389	16.28509855325101
390	17.1409157983421
391	16.173119398695416
392	16.63964634009608
393	17.165992825639417
394	16.297839989567162
395	15.150538855358837
396	15.370311521613205
397	14.976253206060003
398	14.315436932396281
399	17.72455010218771
400	19.01942787597727
401	15.359132376279787
402	17.682343353485017
403	14.868244447308825
404	17.905238629580708
405	17.23835187301652
406	14.129472332572497
407	16.9159491100502
408	15.861150988386822
409	16.955705751465803
410	17.49640210065619
411	15.489195258996915
412	14.305857963452581
413	14.748831714850475
414	16.89489039802556
415	16.06166227662039
416	16.465579119823605
417	15.750330980587304
418	15.54064267814465
419	26.05042426948691
420	16.455014243702085
421	13.238795247150673
422	14.582771940864697
423	15.73440373932289
424	18.5725612181264
425	19.063575829171654
426	14.922393008715098
427	18.2960856410775
428	14.289862879615006
429	15.809075795382904
430	19.03640993589397
431	15.26021281439545
432	15.310181653816942
433	17.454538709361806
434	12.86101880400251
435	15.772704213813412
436	15.456771710271893
437	15.599921666993446
438	14.657750816751594
439	15.61343923316247
440	17.18417509818431
441	15.986253977606317
442	15.099587023760783
443	15.04164355105698
444	16.623191422757284
445	14.672554830926506
446	16.39683307814781
447	14.32141931482502
448	18.440964976353904
449	14.470983699170084
450	18.909293510945467
451	14.736619469897253
452	18.741116767912494
453	16.190098335185358
454	16.72937895650264
455	15.291031014673466
456	15.802276603282325
457	21.0869771897053
458	16.463114321365158
459	14.907176396609673
460	16.30813085362024
461	16.9589444787349
462	14.66233317841586
463	15.502745939579864
464	15.956542314290548
465	18.65276668628963
466	16.787986252051066
467	15.868718782717723
468	15.944497205005028
469	16.833424619791913
470	15.952415280413868
471	14.802276536166364
472	19.68372596024835
473	14.468995361067671
474	14.12782195583568
475	15.033768598523531
476	15.036437384109982
477	14.091577249543311
478	18.316602020096333
479	15.83298567428644
480	17.677178530690952
481	14.424184248431832
482	14.556253383138461
483	20.716497644999226
484	17.64866863244679
485	18.813916226905903
486	16.53196097109825
487	16.756272493942355
488	17.20826174937106
489	15.069558396642808
490	14.016773072351498
491	15.142701522018696
492	17.112754312045347
493	16.137424850491463
494	16.04385909086559
495	14.578870684545976
496	16.110054692039096
497	18.34053313870531
498	12.577090513648862
499	16.509197915568283
500	17.89444834909712
501	18.97283064529067
502	19.718563285696572
503	16.730210579336724
504	15.933739302287464
505	14.714497982212643
506	14.872453138983795
507	15.924802253554974
508	15.565261857360602
509	15.495687482034555
510	19.95409532888264
511	18.97197352862492
512	15.430085999629227
513	15.716005733733148
514	15.537517607226178
515	16.64141070034987
516	16.040866367029427
517	16.034402184575164
518	16.282533927364664
519	15.719571742383133
520	16.802979197858537
521	13.567565906884669
522	15.481230959117344
523	16.92975972258794
524	15.23475562335583
525	15.613263241338334
526	15.062951306902594
527	17.998390477758626
528	19.138298724425518
529	20.422137031378224
530	15.795197161329092
531	14.066511933502625
532	14.875228285504084
533	14.934763201156683
534	15.686440886028352
535	17.32967919047951
536	15.840792619157583
537	14.168696836692591
538	17.67798140204222
539	15.592468634933336
540	16.993464435673584
541	15.747013809069848
542	15.42163397075298
543	15.719653539595107
544	15.451246884422533
545	19.561554100586363
546	15.39996723131457
547	16.168808592633614
548	16.12854545723207
549	17.12478016654495
550	17.27943422091102
551	16.37011675692241
552	18.416504958509318
553	14.422348468001001
554	17.33067771722938
555	15.921059878753825
556	17.195718013253565
557	14.845826998321662
558	13.88671884355661
559	19.195185118801117
560	15.436177146853879
561	20.551183058458957
562	14.768164177295358
563	18.70484032498686
564	16.087889015436698
565	16.648617736928696
566	16.94885250480729
567	15.103017440618714
568	15.524257533537645
569	14.216067505153156
570	16.576193473778755
571	15.509477062115264
572	13.25059061121541
573	15.443997637556794
574	16.820045161096807
575	17.75337112790051
576	16.12557763319928
577	17.555641902070622
578	17.96061324713928
579	16.40518159745261
580	13.228800920044794
581	18.505032309489454
582	16.46753703987997
583	16.65578417661988
584	17.831540215391822
585	14.974204795376863
586	26.00292926494472
587	16.53157015984142
588	19.576763480984336
589	14.524604444087554
590	17.867609231536083
591	14.997321503586136
592	15.490842698408025
593	15.796340813796068
594	15.037742811858678
595	16.986812916723117
596	17.74204010536684
597	15.160179715656165
598	15.529644335886735
599	15.33460655366966
600	14.560188779100445
601	16.138685928240807
602	16.458025184236856
603	14.758696310711093
604	17.67759496728131
605	16.185293783467532
606	18.01022782433623
607	15.281917957835294
608	14.46599185468644
609	18.90699517452158
610	21.393486000297482
611	18.52104332482149
612	19.35732250791625
613	15.477065889957181
614	17.491037606770018
615	14.611553163587814
616	14.211104310958856
617	15.421282817718748
618	15.84068514848394
619	16.545985093499933
620	14.762264288224591
621	14.255206762374236
622	19.70384790150759
623	13.689692434460785
624	18.89771254505831
625	15.902172036414008
626	15.43919566036202
627	17.055640905462496
628	16.4647767313064
629	16.285374625135333
630	15.788138642163378
631	16.958019633871466
632	16.368896404713123
633	16.767758711959633
634	17.55550805848179
635	16.0378266798033
636	15.619206822924166
637	18.652326586931437
638	15.482070901072943
639	16.396757924797324
640	13.777032478745241
641	15.941452232083185
642	13.519645551452413
643	15.870029462614589
644	15.733205470087517
645	15.143049303377047
646	15.456182188750875
647	18.283708160333337
648	16.77518416613263
649	16.223044526915494
650	17.09213589575504
651	15.258813135585198
652	17.194497607189177
653	16.66468757938128
654	16.007580481741268
655	13.98245684902195
656	14.1661158415421
657	15.64509610476255
658	14.140964678026766
659	18.505383429748395
660	16.444665800155647
661	18.053722781856067
662	15.505044859825498
663	15.913078329830359
664	16.4788213920772
665	15.27172304429293
666	18.45857046587657
667	15.965730761813644
668	16.56318511692172
669	15.222948152571917
670	19.382269223481416
671	16.95269713761697
672	14.369797971579828
673	20.267630795673337
674	16.919751586456364
675	15.951594069372819
676	16.986708130846914
677	14.589561302353912
678	17.46560124158194
679	16.6556121019754
680	14.371899188056382
681	19.358693769018057
682	14.66778438538313
683	14.505193440816724
684	16.970995889390906
685	16.422092984973762
686	17.882246048489694
687	16.196800154721917
688	15.729646580701228
689	15.53311158733063
690	17.241500226345046
691	14.221156012321849
692	14.973211434820447
693	14.735901033489167
694	16.85020751160078
695	20.215226812282623
696	15.44279204795344
697	15.2085857908678
698	16.0944914200241
699	16.197021175333223
700	15.577477778582233
701	17.171089677874427
702	17.415875222251636
703	13.599543805659497
704	16.778573816254113
705	14.13192523703373
706	16.079935897281395
707	16.34141057681267
708	15.703798565478063
709	15.651624713089896
710	14.969932281591285
711	15.288735144364182
712	16.262310047709054
713	14.695249448919373
714	16.722440606018708
715	15.49465714470439
716	20.335972862419553
717	14.874809058537076
718	15.062008310866076
719	16.161015320372016
720	14.631572023521931
721	15.970771493472819
722	16.04407244100649
723	16.819943605065948
724	14.925668557026746
725	17.14271866075837
726	17.763037249877502
727	14.878981594747353
728	15.831946813299929
729	15.689036019921332
730	15.170314125497825
731	15.944309013002124
732	19.838956755878886
733	15.621072118707364
734	16.43901323529038
735	15.350699662414486
736	14.64765961628948
737	15.74967737355554
738	13.482233919325989
739	14.96149554560543
740	15.445518669048194
741	18.442164871895617
742	15.698468348835236
743	15.713541203253978
744	23.665897904187442
745	14.019507971778513
746	15.933297085148903
747	15.889266562916982
748	18.690040845379162
749	15.631456004620185
750	15.196642767773787
751	16.755704440338334
752	16.853252843938648
753	17.597532676382375
754	18.0484360978999
755	14.47527290970902
756	16.64443091369825
757	14.24188260997359
758	18.355360400640283
759	16.927799515358995
760	14.974971202506115
761	17.788971340862073
762	15.033900889530477
763	15.396687186506044
764	21.573223029939093
765	15.837467317052576
766	17.46067379975172
767	16.249950972473016
768	16.280496548661176
769	22.236380194692174
770	16.048625111494523
771	15.611260687601316
772	16.006682648053093
773	14.336581268231384
774	14.825345424547171
775	16.596478018331254
776	15.473637913689682
777	14.991297639811549
778	16.826639408149223
779	16.027160424425695
780	15.82020303808273
781	14.00902258971837
782	15.844789490805969
783	16.153769916841863
784	16.219140851480635
785	18.21083719994141
786	14.735098858050252
787	15.850833421495432
788	15.877983810182196
789	16.343476045097866
790	15.306818700583083
791	19.553988752750836
792	15.944806382484403
793	15.07842588436772
794	17.650054072724625
795	15.528805001699808
796	14.317821571833015
797	16.272271812944194
798	16.120618329155665
799	17.105859724655083
800	17.215704081466466
801	16.4281322245305
802	14.851176546340616
803	14.105365329791178
804	18.201169906007298
805	15.404866795860775
806	15.897539119692878
807	15.90821699551844
808	15.165529291273184
809	16.089384254323498
810	15.002046261531566
811	16.248337074997835
812	16.891373296564957
813	14.545716738431818
814	16.493454184466827
815	16.9430374386115
816	12.675339332631518
817	15.422593260991327
818	16.246600098151248
819	15.870955240097828
820	18.8895612465028
821	18.888635917786115
822	15.607652948489562
823	14.744957213507845
824	17.574257069676666
825	14.315267089301617
826	13.111838769969136
827	14.50250148103993
828	16.648071048548445
829	18.85219650193014
830	14.92787446587075
831	16.966538604330122
832	17.799464497625106
833	16.591861277079285
834	16.753114722502094
835	15.940615181134106
836	15.021916691604401
837	16.26799829060134
838	19.163324195236783
839	15.90014319801553
840	14.65987670047728
841	17.490138366424407
842	17.933870583404012
843	16.07660625227339
844	16.62831693154294
845	15.20056993426846
846	16.487653579596163
847	15.887035304304355
848	15.92306063858597
849	16.409019417119755
850	15.287323199275237
851	15.545809200251824
852	17.760326768706054
853	13.72606346203247
854	16.01965985087032
855	16.286157594230545
856	15.429046410287265
857	17.26024193894894
858	16.71237238607584
859	15.25087852116918
860	17.522993493945368
861	18.54814255654457
862	16.38810970800114
863	16.537933642192122
864	16.831146619278908
865	16.485854617719138
866	15.91386138450443
867	15.732142267609767
868	14.794581205057007
869	17.66969403877514
870	14.604738586535678
871	13.981012214710063
872	16.042646732226373
873	15.791661777725112
874	18.343503906527378
875	16.012993386431706
876	14.60409682294121
877	16.628272222139426
878	15.546746635752907
879	15.462489612212973
880	17.439222070664012
881	16.181456133077685
882	18.274835627105446
883	17.073256986144568
884	16.235792868304998
885	15.553383715904783
886	14.733082462377045
887	13.884101922653857
888	14.120551652845837
889	16.174497987416824
890	14.39172720613155
891	16.47219739499457
892	16.33666718612464
893	14.670942598891754
894	19.605069040569376
895	17.7099943633184
896	16.186146045560374
897	14.184585114222136
898	15.21068532348034
899	16.45427348794821
900	15.8500371055785
901	16.839640456573882
902	14.920671561943331
903	14.584567401287776
904	15.578212159784297
905	17.58287033416526
906	16.522781702494548
907	14.779581726780311
908	14.709059455241206
909	14.688573910379395
910	16.66466696193227
911	14.311170553708507
912	15.993137368046108
913	16.064923457342147
914	16.204560059449456
915	15.605719530182089
916	15.248210268264126
917	15.669370767961178
918	16.017489967518486
919	14.314043058828577
920	17.36925513084215
921	17.636242817500786
922	15.534909010578234
923	16.429021652979177
924	14.579356462035017
925	17.502437938874785
926	16.242626187718294
927	15.807246772123367
928	15.536003557251647
929	16.59012431201658
930	14.92436133664429
931	16.072831659627262
932	16.025066419822366
933	17.393261815133016
934	18.4823534435515
935	16.171419288338964
936	16.439051112517095
937	15.285704292952477
938	19.09951154480546
939	14.45681165384927
940	16.10826315291706
941	16.46455001115548
942	16.240100700694196
943	15.82325419310946
944	17.65804023815547
945	19.830654613584436
946	15.01366815250367
947	15.951743169819125
948	15.21085181578787
949	16.6038712588244
950	16.71545511282914
951	18.951804265286206
952	15.852972035761923
953	16.347375092543512
954	15.003195449888993
955	18.175202261320212
956	15.57879948750801
957	13.956159012660814
958	15.104784998369723
959	19.537713525020152
960	17.397308297026903
961	15.163426455933843
962	15.77375585323621
963	17.7402217998841
964	16.51541675430619
965	20.576562846402844
966	15.431962566647249
967	15.165261174134416
968	17.690264541642843
969	17.783445820413732
970	16.032655377915944
971	16.2072853597088
972	16.646548902042785
973	16.42175726097129
974	15.357869948778722
975	16.366851297006683
976	18.91245604513268
977	14.752601583914121
978	18.149860598216765
979	17.338445929457926
980	16.764617586151637
981	14.08293728240427
982	16.897028316981675
983	14.060873048330125
984	16.50848668454758
985	14.049840786460516
986	19.49758446031289
987	14.209586237313044
988	17.861796462711126
989	16.4999847112519
990	18.0702538733293
991	17.279795428024485
992	14.849542806739919
993	14.82370350031006
994	15.614507190684128
995	16.305151955851
996	16.292913512436726
997	16.251481503449813
998	17.614767717448277
999	16.75225687128026
1000	16.89043480507098
1001	18.46364031783693
1002	14.488154741174013
1003	15.244920708361038
1004	15.217350103295288
1005	17.192959872111466
1006	13.844171772617846
1007	16.675897544103435
1008	18.33110205687626
1009	20.160015685012333
1010	15.754589941149819
1011	23.993399009292123
1012	17.163751220111624
1013	17.369073949258535
1014	16.266747970675798
1015	15.201626873345553
1016	14.793008058626826
1017	15.473110620335985
1018	15.355511489738193
1019	15.231681860196183
1020	15.227436264149016
1021	18.44799599327868
1022	16.00264319157286
1023	16.88562406120036
1024	13.748597748775815
1025	18.139815122167008
1026	16.490618605063563
1027	16.141046356725237
1028	15.813560287741264
1029	16.90932328653677
1030	15.119776253006421
1031	15.531753151166823
1032	17.2764157662795
1033	17.87928393256152
1034	15.105805892440667
1035	13.711609150886282
1036	16.379249482154393
1037	17.30749198293028
1038	14.744473044832166
1039	16.190510355788582
1040	15.593058092961423
1041	18.363297437649006
1042	15.739436353879192
1043	14.666578435785292
1044	16.102484465512035
1045	14.67347147426699
1046	14.019074537171681
1047	16.139087761541866
1048	18.657116768862902
1049	17.435205421109526
1050	16.749905929362285
1051	19.621936898399145
1052	13.509089419077482
1053	14.460653829748832
1054	16.721957995287646
1055	16.186332818444658
1056	18.651334924911637
1057	16.525907225826252
1058	17.356531303894194
1059	16.47011707110796
1060	15.425877924104078
1061	17.19421521608057
1062	18.552312773795077
1063	16.434664821334845
1064	16.142865536930913
1065	14.734169177976177
1066	15.816512417855362
1067	15.611389380516485
1068	16.575837470076017
1069	15.734995999695876
1070	18.392188121869157
1071	16.7281887657423
1072	22.127697591553442
1073	17.099372557260924
1074	17.953121639225476
1075	15.852618528439873
1076	17.137630384272686
1077	15.657068435516623
1078	16.180663247382448
1079	18.382970891846345
1080	18.124553386090525
1081	14.077128601892452
1082	18.57033664550233
1083	14.826903906037721
1084	23.285738823498832
1085	15.474267019249965
1086	14.191682838677098
1087	16.96153411317256
1088	15.552608546030779
1089	16.803478713080818
1090	18.41555072509218
1091	15.32314144722734
1092	15.458866413043769
1093	17.391981430524478
1094	15.370452112813767
1095	14.852370854630134
1096	16.82870945869945
1097	15.0743975437298
1098	17.38590439152904
1099	15.396346340940978
1100	14.982212183656744
1101	20.290794545407245
1102	15.003966918770367
1103	15.968017976829568
1104	16.991091542982407
1105	16.02037797281669
1106	14.722850491603216
1107	15.457464563427493
1108	16.157980138231352
1109	14.621866997117953
1110	16.30176378480558
1111	17.309314778432825
1112	15.528697184720336
1113	16.990542213092684
1114	16.564599779539652
1115	14.825258112602079
1116	15.516088527707884
1117	16.825059290725466
1118	15.917470433689173
1119	23.71815096012627
1120	14.234826494228198
1121	16.363720900539192
1122	16.90142362555489
1123	16.725623233127408
1124	15.487177716064897
1125	15.433168757285994
1126	14.55129776938702
1127	17.98742421865675
1128	16.608711878620934
1129	16.238397039094707
1130	16.958639819840236
1131	16.90332279567115
1132	16.276022611930966
1133	17.832604104610667
1134	19.618183880811557
1135	15.133964531452637
1136	15.130792831222957
1137	16.316550749620156
1138	17.212938969582318
1139	16.031792494534916
1140	17.829012007775507
1141	16.578013191855437
1142	17.604622091650246
1143	14.854070618896124
1144	16.25620849770368
1145	15.49891334727797
1146	14.671912631099985
1147	18.163053700281306
1148	19.575977886080622
1149	15.62644970330358
1150	16.289081968425307
1151	16.488933650227004
1152	15.222351796451646
1153	15.88371227441045
1154	15.524227973190136
1155	17.668878552736714
1156	16.358980018757627
1157	14.559527245188495
1158	18.939653964705705
1159	13.497423548151605
1160	13.801361846802239
1161	15.793984790511717
1162	20.007163151374293
1163	14.217559649015687
1164	15.491798226667855
1165	16.5329126574708
1166	16.37212758257985
1167	15.971231209677494
1168	14.743301158194386
1169	14.23701703775642
1170	20.93349586196832
1171	19.57439973315475
1172	18.373338306795866
1173	18.53126344701741
1174	15.382860543969501
1175	15.483474906263572
1176	17.90365560180234
1177	16.476822858000354
1178	15.96073042601347
1179	17.308981893342345
1180	16.48838944898811
1181	17.40705751481437
1182	14.818446016395464
1183	15.301660310832732
1184	15.192497353025136
1185	18.89342576441749
1186	16.393617058784002
1187	15.178531099175517
1188	19.279512540553696
1189	16.835797137399723
1190	15.312262299315384
1191	16.449021806061687
1192	15.352561783271085
1193	17.1330032073046
1194	13.27697081801792
1195	15.371207898569992
1196	17.605452787266888
1197	20.451759902793647
1198	15.168311645063417
1199	18.79887007515607
1200	16.37917783079038
1201	18.47509554365469
1202	15.899764478214145
1203	13.960772260189838
1204	16.480918144972453
1205	15.136770150658288
1206	16.210081250917238
1207	17.34176979077359
1208	17.041147870121577
1209	19.25309586629737
1210	17.663083337650107
1211	19.78204809296697
1212	14.013994603162452
1213	18.261391655357063
1214	17.388708373128964
1215	17.13009090706586
1216	15.968646894529229
1217	17.36894803697754
1218	15.42578338192952
1219	16.91483952166835
1220	15.778189125253007
1221	15.839601157972698
1222	15.770134913590958
1223	14.944487445644983
1224	14.085537159679612
1225	13.9226013276677
1226	14.64424900961052
1227	17.40097078684318
1228	15.453127237630543
1229	13.835507420758303
1230	15.197624994289631
1231	18.424054521996446
1232	16.974011703848927
1233	16.58304210493131
1234	15.469589108896729
1235	15.03755068027174
1236	15.43958179989741
1237	14.878263352198216
1238	16.46951488457853
1239	15.835359979037856
1240	15.566099806240102
1241	24.463850538959846
1242	14.855807954415438
1243	15.003695684386631
1244	15.880742700564532
1245	15.999387222995413
1246	16.692515213546965
1247	16.70773197302284
1248	18.10012326814467
1249	19.956996244781582
1250	16.983053105257984
1251	16.73465370544563
1252	14.557593095211175
1253	15.682882723022395
1254	13.093718366475958
1255	14.655544083216228
1256	15.579335130162589
1257	14.624548813197762
1258	15.51914263426063
1259	15.67592327502526
1260	15.105155100795226
1261	16.998916591254755
1262	16.95392040136588
1263	15.857536924899453
1264	15.664976841202233
1265	15.319946820220341
1266	17.760124148577095
1267	16.856640183422716
1268	14.613164224474328
1269	13.225435572633243
1270	13.59089406134121
1271	18.187217468147978
1272	15.680049957600064
1273	19.24173694797075
1274	14.937860502276218
1275	16.633198731939398
1276	17.19623251589796
1277	16.717472683201777
1278	14.712939995573834
1279	14.427166102926575
1280	14.939491889656297
1281	12.679791099569272
1282	20.803756388795858
1283	17.332430197268778
1284	15.723600897139736
1285	15.191964850430526
1286	17.476753716813757
1287	20.70654590035944
1288	15.920529120284804
1289	16.58255493836119
1290	15.701793254799364
1291	15.532644067723595
1292	15.940552875093584
1293	14.981346514597092
1294	15.706164831852131
1295	16.541085360709715
1296	13.930935373736752
1297	15.069252553528973
1298	16.970797245080274
1299	13.237416582991413
1300	17.284977165859246
1301	14.981323651051046
1302	16.322563495433243
1303	17.23200179595921
1304	18.747147897731573
1305	16.380513261492936
1306	12.257928932595643
1307	17.14205139408457
1308	15.242182026862995
1309	16.642564152253836
1310	18.647750110981324
1311	18.502109329200124
1312	19.99503231134661
1313	18.5142441271006
1314	17.88858941985139
1315	12.623026791714915
1316	14.860096825286746
1317	18.459551811737143
1318	15.97994833032135
1319	17.727637915946545
1320	17.341902991588366
1321	18.859665865571095
1322	16.715117522019654
1323	17.56423040772123
1324	16.272599188542433
1325	14.186684369908956
1326	14.505160809734662
1327	16.212225748951404
1328	16.410160032333806
1329	17.112530200687857
1330	16.540985889581812
1331	16.595166751138507
1332	14.146304310735074
1333	15.127231990302642
1334	15.737026314724297
1335	15.560556730860844
1336	16.978391430774032
1337	15.183612314877227
1338	16.374744756845757
1339	17.04690884158481
1340	17.736309193947818
1341	15.754818075175326
1342	17.05341808820635
1343	14.57761500217916
1344	15.726205311338639
1345	17.352416271455585
1346	16.70581496275601
1347	14.824542040290732
1348	21.123720130447538
1349	15.537129623949742
1350	15.684367193960615
1351	16.764989659946878
1352	13.812642710349921
1353	16.529044392996944
1354	16.775968668126172
1355	17.25156981835983
1356	18.435580678880797
1357	15.925543516919744
1358	17.113164509020862
1359	15.064601564870006
1360	15.936442600149247
1361	16.057405938239146
1362	14.379467501449177
1363	17.530843096351923
1364	15.29995517730112
1365	15.909222309513448
1366	15.47272579415169
1367	14.388168726169335
1368	14.127805841092664
1369	14.957888731547895
1370	14.758325678185033
1371	16.057527370279566
1372	17.743602543737953
1373	16.282569974720744
1374	15.02607187871666
1375	16.10318541972948
1376	17.831979188158584
1377	20.296551516154206
1378	15.132719584113847
1379	15.578921505909724
1380	14.2060023030499
1381	16.181705165822578
1382	20.550997382415517
1383	15.181155709992915
1384	13.600576549608377
1385	14.759163555404585
1386	14.025496118827364
1387	15.091349411018504
1388	18.751746475943946
1389	20.38167793658407
1390	20.42129292727516
1391	13.040395257600512
1392	14.28323114252529
1393	15.657779919087059
1394	15.323722106096666
1395	18.492761698288604
1396	14.448538397085823
1397	21.451182759892678
1398	17.353175232369853
1399	17.531710740821435
1400	19.026405211876057
1401	15.291244106524955
1402	16.97784614668077
1403	15.917817655034483
1404	13.659248585454547
1405	15.254389314886389
1406	18.512777865305544
1407	15.317406268635144
1408	16.478030675947334
1409	14.286790383430198
1410	19.41209506518337
1411	13.11765470720517
1412	15.61755598277355
1413	16.053102717890095
1414	16.51960045141347
1415	13.437714049306054
1416	15.341621917416909
1417	17.72485597222112
1418	15.820713063787359
1419	14.217045528443784
1420	15.922659929910743
1421	16.694731145909127
1422	21.837572839289592
1423	16.43726535700768
1424	16.074192981002852
1425	17.05350846671758
1426	16.772708080117948
1427	15.377973705312858
1428	18.6851029911583
1429	21.800646203225135
1430	15.363677802901234
1431	17.04438968690773
1432	15.867795234511826
1433	15.846202063058238
1434	14.212005762460953
1435	16.47222649829928
1436	16.269282599904802
1437	15.30597639311519
1438	15.13010959476405
1439	15.105390183358955
1440	14.368302164587657
1441	17.169629539621788
1442	16.651240162512597
1443	16.06169019213412
1444	19.288113901831416
1445	16.133308892626495
1446	18.209674841553973
1447	16.211443520987814
1448	17.06371607467568
1449	16.98515428557025
1450	20.003300822116433
1451	19.091266094286354
1452	14.780223217960964
1453	19.12936539508842
1454	15.751685414020152
1455	15.914719762933803
1456	13.504812326653067
1457	18.056582975873344
1458	16.68891959975008
1459	16.685226812035157
1460	17.31134553587564
1461	15.28768860359144
1462	19.100804272392352
1463	14.801368543140901
1464	16.081048160110814
1465	18.7169555887166
1466	16.60568482406257
1467	18.394490672231075
1468	18.7902329412677
1469	14.799211885892756
1470	16.078515100648573
1471	17.380635402758696
1472	18.097815349588117
1473	17.176058850333757
1474	14.295527435074161
1475	17.31783562167906
1476	16.442451423338046
1477	18.102641278675065
1478	21.176090518575943
1479	17.6583576628602
1480	14.579364798186967
1481	18.00569367357012
1482	17.10477898988085
1483	18.275029154442663
1484	16.958084360320843
1485	17.994406901217335
1486	17.155386845987024
1487	15.632550526889698
1488	15.774798910814123
1489	17.707317656650005
1490	14.822627219962529
1491	18.50482699183178
1492	15.116617202758789
1493	18.29018612779999
1494	15.591542916851385
1495	14.987713959755464
1496	16.366631587629296
1497	17.045711150957057
1498	16.46774836797117
1499	16.58647635042305
1500	14.92831479756569
1501	15.387698892265467
1502	18.11846541121221
1503	17.270618058857508
1504	15.107081576699525
1505	18.383710438958726
1506	15.350530938606244
1507	14.376877776791595
1508	16.191712690750137
1509	17.861560282832944
1510	14.912950791127514
1511	15.784857098265396
1512	15.399680669119238
1513	14.134338772864654
1514	18.847254442929803
1515	15.873921912499807
1516	18.004937513615005
1517	17.15203340694791
1518	15.587360891495617
1519	14.713416222495855
1520	14.200377901601314
1521	13.494331312067807
1522	17.973412501218263
1523	17.829551241342696
1524	16.337829498359934
1525	15.995502040031939
1526	16.39948284866788
1527	17.869675073011493
1528	17.637983967868113
1529	14.999326141684183
1530	15.2513620404812
1531	16.978471429235974
1532	16.55516474700562
1533	15.255145584150489
1534	14.01943228909776
1535	15.12848303751805
1536	17.878901619328968
1537	17.698988493464345
1538	15.36752790163812
1539	16.679064077077314
1540	16.542105553962756
1541	18.65340254596399
1542	17.737856029959705
1543	19.227365307889514
1544	15.705588652589359
1545	17.737033916246478
1546	15.863076442024774
1547	16.30220166050297
1548	14.844633318904716
1549	15.49067959410888
1550	13.527564510022504
1551	15.009852167508388
1552	14.012869013920426
1553	19.922355587846443
1554	14.30974519935747
1555	15.495830983565211
1556	14.5858730532216
1557	15.193169045790386
1558	17.374225451494567
1559	18.285823478461094
1560	15.690250481854402
1561	16.04830690792296
1562	16.526500747659274
1563	14.866441164223943
1564	14.598415959321347
1565	15.699853066515562
1566	16.73814379605594
1567	15.804543791043285
1568	19.851230200639783
1569	18.642369516682813
1570	20.87056511914402
1571	16.247978755122713
1572	19.70300493809572
1573	18.186567905578496
1574	15.086929032423845
1575	15.726049535907805
1576	15.967760749887958
1577	16.232729365363614
1578	15.45314833543624
1579	16.218880690889257
1580	17.256381840167208
1581	15.057091661563684
1582	16.242908018919067
1583	14.329179003453142
1584	15.993048493637733
1585	14.854740212080427
1586	17.238643522494502
1587	15.824674379608284
1588	17.94286006331822
1589	14.78812470404251
1590	15.028370061009078
1591	15.599604296498
1592	18.19430239945471
1593	15.40983496534638
1594	15.810582706032115
1595	16.267524739062146
1596	19.64148199058357
1597	14.668190916211138
1598	15.972789819414418
1599	15.624119623941148
1600	16.50476673908443
1601	19.33269267460151
1602	14.775719774557123
1603	15.117450981798422
1604	16.171822625937473
1605	16.125996759125535
1606	15.826487192994959
1607	17.54587382409391
1608	14.636056377190268
1609	21.266092571647718
1610	16.193859794051743
1611	16.782564674426492
1612	14.815348426855746
1613	16.425289341158443
1614	16.831776640122932
1615	16.925321311327732
1616	22.216819930498698
1617	18.701532629853183
1618	20.27422463454746
1619	16.784920163331897
1620	14.378689461942905
1621	16.743362172994942
1622	16.79511662980076
1623	15.16667657403741
1624	13.4570428770861
1625	15.753460315030274
1626	14.356637172068336
1627	16.482278996464125
1628	14.957294722192831
1629	16.40489404428249
1630	14.535886451947903
1631	15.34185079781649
1632	17.984716975712217
1633	17.70948731585224
1634	21.1735779437133
1635	18.116762505238874
1636	15.891522856463292
1637	15.23695895074296
1638	14.33856902392431
1639	17.463203101513304
1640	15.691327052982524
1641	16.50181292069869
1642	15.875286640654153
1643	18.50871756061821
1644	15.707834654224795
1645	15.516346977775296
1646	17.74853669419988
1647	16.008226868366666
1648	15.268022159774167
1649	16.534352990762272
1650	16.848688298340647
1651	15.969526521057912
1652	16.432260315096936
1653	14.798824116193618
1654	15.622167229569788
1655	15.78365745291295
1656	18.464289693006624
1657	15.763572225069556
1658	15.348317164894459
1659	15.158851985466637
1660	15.154309474943398
1661	15.376931616454385
1662	17.09462996471363
1663	16.304331307616344
1664	18.321701732249213
1665	13.731165271950886
1666	15.751604610724888
1667	20.050763785831805
1668	16.15711228614852
1669	14.72951108365669
1670	15.426385186459603
1671	20.4945012867428
1672	13.432223735011316
1673	16.83064396810087
1674	15.909493841050613
1675	15.60424786256268
1676	17.084902366418845
1677	15.017654283599068
1678	16.876938075029983
1679	16.20589708582136
1680	14.96841810003943
1681	14.609672403215276
1682	14.654936080720896
1683	17.497558504575863
1684	17.41911828772658
1685	16.06584422297173
1686	24.033680980710777
1687	15.523098776476797
1688	15.048135872802607
1689	13.99953468212334
1690	15.18370853384517
1691	16.327167085619763
1692	14.639674691322188
1693	18.949715436098256
1694	18.332769629933562
1695	17.230180523232914
1696	14.909937520060808
1697	26.791382058032063
1698	15.583481845777268
1699	17.2638535338469
1700	17.790543588451904
1701	15.040403270285525
1702	15.406495835224632
1703	18.37730482090354
1704	15.890747708026678
1705	17.596492565116815
1706	15.73952956108779
1707	21.389257126464507
1708	14.495992133138522
1709	15.817441095442822
1710	18.02919415535289
1711	17.027398939486236
1712	15.806474632086148
1713	19.981401781524674
1714	16.616607557195618
1715	15.592645866353244
1716	16.21983727450753
1717	15.710863031196856
1718	14.154401290463284
1719	15.357544324450917
1720	15.071586411021759
1721	15.484948515812201
1722	15.400954304450396
1723	16.09896711357578
1724	14.947501638506148
1725	14.395213833130482
1726	14.770863648924616
1727	18.728133968616437
1728	21.305998914545246
1729	14.620906629966786
1730	15.230966707426383
1731	15.611292776097322
1732	16.517644391087213
1733	14.7442678642304
1734	16.347996546272448
1735	16.058805997393883
1736	15.071763773325882
1737	13.656282525221329
1738	15.732364633105576
1739	16.69405758362134
1740	18.058315766491713
1741	15.837463303533797
1742	17.523200260323044
1743	15.611948721396226
1744	15.767472102664547
1745	16.149494007913745
1746	17.993369374175867
1747	14.937805606500032
1748	17.339487590325955
1749	19.523963347598468
1750	15.55417284673407
1751	16.707093819112128
1752	18.606758196333733
1753	15.523175838616831
1754	15.24428356310264
1755	17.348978543324716
1756	15.792447319272188
1757	16.995694680469892
1758	13.724693121137815
1759	16.15724232396111
1760	17.087963849428064
1761	15.801751770469691
1762	16.092380254120542
1763	14.725422205467677
1764	17.33461970347842
1765	15.634137572886955
1766	16.3919251433108
1767	13.398952091630969
1768	16.669388064183295
1769	16.358560285960827
1770	14.858220045773002
1771	15.757301067975773
1772	14.540952347162202
1773	12.733332456528352
1774	14.688292758209476
1775	14.87109492465
1776	15.972287069728527
1777	19.017895782013394
1778	15.661543827424417
1779	15.814284680388688
1780	13.989774648172897
1781	14.72273998629466
1782	14.918303624599833
1783	25.342880831239746
1784	18.758101195552047
1785	15.312059700653728
1786	15.837870680127079
1787	14.87917424033396
1788	17.160750901987477
1789	17.82211985689167
1790	15.47531262060275
1791	15.53728757490619
1792	18.80086953897262
1793	16.34558740013369
1794	14.899354953333386
1795	22.442669647823397
1796	15.621921853842931
1797	15.866257986857466
1798	16.899707779325844
1799	14.300941076046096
1800	15.987885462333603
1801	21.41720631905565
1802	16.322324268564653
1803	20.115786683648043
1804	17.45600342727913
1805	15.108686175045127
1806	16.944027950581646
1807	18.002975910033385
1808	17.802476330462376
1809	15.376238844598022
1810	17.34984009628913
1811	15.89094146158796
1812	14.414964367905933
1813	15.736688647456768
1814	14.867318444281409
1815	14.964946997415973
1816	16.93791363324719
1817	17.43726265200207
1818	18.209670847064004
1819	14.314564132070004
1820	15.1978334359486
1821	15.072819591131216
1822	19.77772183907819
1823	17.047548709946568
1824	16.264830910600722
1825	15.112546768144615
1826	15.920421267456065
1827	16.567416103798895
1828	17.896211112849414
1829	18.08684588654808
1830	16.389876919061255
1831	16.89698735117757
1832	13.421034177955748
1833	21.912899401470472
1834	16.19194637614742
1835	16.268357346014632
1836	14.841505989897996
1837	17.099023334754747
1838	18.170021246592963
1839	14.171727471292899
1840	19.836355579520266
1841	14.787278646459946
1842	16.050099293074002
1843	14.57044282638526
1844	14.792698743380607
1845	15.780493291740816
1846	16.947299740155273
1847	15.493646457447626
1848	15.432160474390033
1849	14.056803081598547
1850	14.040808191568228
1851	15.42432503864984
1852	16.47313341636618
1853	17.18819350134193
1854	14.990750104134136
1855	16.774720402859042
1856	16.08844371655956
1857	14.608695086002207
1858	14.462240898606158
1859	17.74910640021816
1860	18.404373629291246
1861	16.19119469807934
1862	15.82734902035445
1863	16.023113196046324
1864	16.051584084315465
1865	17.15300274112572
1866	16.06928695380603
1867	18.38894983446355
1868	16.046587761905457
1869	16.320662373459587
1870	16.123080759774894
1871	14.962179720181869
1872	15.164106322970662
1873	17.630052409027346
1874	16.000069133167724
1875	18.7912644314835
1876	16.919950161734597
1877	16.3809228500686
1878	16.368362937094645
1879	19.010771877889056
1880	16.20764116774528
1881	16.11895925258737
1882	15.065524824985093
1883	15.345847682907216
1884	19.903971093038336
1885	19.90890237936724
1886	16.231018454586675
1887	16.75523048721897
1888	14.973718568059285
1889	17.43828267250986
1890	14.69209647811799
1891	17.569008908106856
1892	15.310433669794852
1893	14.349680766741175
1894	14.379046263073437
1895	16.26176458944489
1896	16.140367448304755
1897	16.18692885519122
1898	16.404214654401763
1899	14.923222573732751
1900	14.957085186318526
1901	16.090385918572014
1902	16.91649681238097
1903	19.00401845362145
1904	14.385811631693146
1905	15.511479143370202
1906	13.043641362436897
1907	17.39310031842727
1908	17.723890825442503
1909	15.514960313324991
1910	15.459296998830753
1911	17.19080970416777
1912	15.67851271849676
1913	14.476438817923837
1914	16.039231657463638
1915	16.84813613713266
1916	18.243344774792693
1917	15.05474137091854
1918	15.716320386780849
1919	16.342743553488734
1920	13.78836697455624
1921	15.711645488219801
1922	17.040522493053384
1923	19.58535666421651
1924	17.316623982294306
1925	18.630785113165267
1926	16.282284273876854
1927	16.188640682274595
1928	15.287232358448414
1929	15.137105585286214
1930	15.13864566894969
1931	14.024661827100706
1932	15.77908920952385
1933	14.836162272084039
1934	15.958347374146493
1935	15.862215686634254
1936	14.754384008206186
1937	16.886751330108382
1938	15.822473026437523
1939	15.062033216551606
1940	16.700533382180666
1941	15.882437717522524
1942	20.77128012174563
1943	21.049837217543327
1944	15.087399915521663
1945	13.858675470868391
1946	15.650815287726887
1947	16.081846977869468
1948	17.620667442889705
1949	17.47712833839614
1950	16.496904369049137
1951	16.517212469518807
1952	18.302503520119636
1953	16.880347002695157
1954	15.190186337043997
1955	16.335874471682473
1956	16.499194032421745
1957	18.472308878918202
1958	15.174741810445473
1959	14.076803612997397
1960	17.298692128024996
1961	16.912841737940454
1962	13.87241148927111
1963	15.765537796600256
1964	15.961718855328076
1965	21.636404407550938
1966	14.480643436849977
1967	17.79587812511535
1968	16.979948853040113
1969	14.53416178075807
1970	15.77035345717405
1971	17.310577755184987
1972	13.743125427138203
1973	14.252316315050027
1974	15.053857367686255
1975	17.285173804799637
1976	14.996939527026067
1977	16.380659077988405
1978	14.811347256852862
1979	16.929257668096632
1980	18.026942536726388
1981	16.749085440766066
1982	16.368724006686534
1983	17.11909135741492
1984	14.418777139559905
1985	17.609828039621934
1986	12.725807804909822
1987	14.006468749860481
1988	16.93672267167777
1989	18.745662493481568
1990	17.72041961888317
1991	22.22875364418442
1992	14.965197285322624
1993	14.708533417573198
1994	14.259426334042203
1995	15.416820001525563
1996	13.377208588393405
1997	15.208410250126487
1998	16.149735160948087
1999	14.975337267988511
2000	15.557020822159636
2001	16.690938952206462
2002	15.9593993765302
2003	15.484339241145385
2004	13.8594285234397
