6	28.34642074220618
7	25.20694936120026
8	21.079129064347633
9	22.341032024429037
10	23.52754912829993
11	26.939012096971055
12	19.99447319056119
13	21.215571022648998
14	20.814024600467373
15	19.132447321217448
16	26.200928335042196
17	23.47353460049881
18	22.820091501815888
19	25.774474571338516
20	21.613566404701942
21	20.32253395238639
22	24.524113522597865
23	28.067515565579967
24	21.510985825816196
25	21.276380731601105
26	21.70524182046667
27	27.27306064452276
28	19.860039458068687
29	33.57575109496817
30	21.740821422440753
31	30.75971601843378
32	22.384446534771445
33	25.53245113990963
34	24.981955671681863
35	23.548311983471613
36	18.512369810233018
37	21.288657707926177
38	19.288138950701832
39	22.776267740192463
40	24.040220103958667
41	27.17851761290131
42	20.758132884050315
43	34.71079963404045
44	22.44777430849505
45	21.261625081939897
46	22.092805022080547
47	24.837481007056418
48	20.29494734913637
49	25.24287672199815
50	26.223573842793044
51	22.250918074577246
52	21.309043460607462
53	24.82741496863174
54	21.306637153817768
55	24.377917781507236
56	25.57977492232496
57	25.749342792893927
58	28.653911041522253
59	23.54685300782621
60	23.736563288823483
61	21.154286709828646
62	19.490082780659755
63	20.59750137550132
64	36.639070504228314
65	22.49692345929673
66	19.614815731316273
67	21.992299259251975
68	19.464599035332203
69	25.8557952371121
70	24.798940737099603
71	31.602691680884863
72	25.035031756875448
73	22.23335191395032
74	21.65010132348084
75	22.388019502850856
76	27.745803109279276
77	20.870226803058593
78	26.84892550627584
79	22.640321001336428
80	32.454732201073085
81	22.398790497132836
82	24.32568104727327
83	28.668449086263436
84	16.323605983228532
85	24.840838687644144
86	32.492488272820246
87	25.460033347997104
88	22.403629917465878
89	29.77593760103089
90	24.121585848292515
91	22.363876170782355
92	25.8655702218492
93	20.22013430381318
94	22.039157875472668
95	19.90941640074531
96	23.528494466365707
97	26.36782095250886
98	29.633257981944553
99	28.95150634420861
100	20.83949319235782
101	30.21643634569132
102	18.553546850142343
103	21.581291652976248
104	21.32982036836553
105	19.703171750328632
106	26.097692506324318
107	25.18882280192085
108	31.929252980375967
109	20.25960650025763
110	24.88344365953189
111	29.682665740875002
112	31.58098907765735
113	26.417659603683127
114	17.89742388182224
115	33.82098318517702
116	20.113997238776065
117	22.63230691563355
118	23.21512442083384
119	24.902098876703256
120	17.656937774985757
121	30.26267286747657
122	24.97347751413219
123	20.530669956225154
124	26.25914689247803
125	27.948858962621816
126	36.571808732549655
127	22.26187733955728
128	26.278754667672576
129	20.414505109618915
130	28.774024311868626
131	24.76970034904151
132	30.020625571609216
133	30.823466099995894
134	23.712825573269185
135	20.70463835606678
136	26.83408460901575
137	24.374436736794046
138	22.800782089077828
139	31.240855996465697
140	26.27758412728799
141	26.72900042762796
142	21.896312612200532
143	25.105874010604058
144	31.443730840273115
145	20.301843221953877
146	24.368082839133034
147	38.49112784843402
148	31.154732480105373
149	31.609581062639005
150	28.791379704026088
151	26.353424680112504
152	19.88984211689231
153	19.988414841939097
154	23.308311800088667
155	27.342215414895552
156	20.799577593026612
157	28.866609542496644
158	25.759665889422724
159	25.823113029886862
160	23.134818734432834
161	32.50222938534443
162	20.61870641331887
163	20.00688829427056
164	24.906346107723625
165	28.360934469910088
166	23.265433322396504
167	22.45284427279247
168	27.337180632187156
169	20.795226335938562
170	19.875277125281688
171	23.77865376250388
172	22.402564647824327
173	25.126479677323122
174	23.886670450879105
175	21.443346457947086
176	26.01893946123187
177	20.380462139253794
178	22.378251786150113
179	19.183223463956487
180	27.70166120579472
181	21.19257275093238
182	22.401148826962835
183	21.674944899965556
184	25.422343445465017
185	30.087926542597913
186	22.47479882721273
187	26.754807010565127
188	27.83208449720439
189	22.69335752910646
190	22.309470224823297
191	27.212589657043093
192	23.43634158159734
193	20.263118725292237
194	21.49757527520281
195	25.186585954372035
196	21.879298943668708
197	23.02560403153368
198	26.889076656306127
199	24.266301175059848
200	23.364681420904184
201	22.19611986953671
202	29.725052752768015
203	23.591224128551143
204	20.583635828285388
205	24.913240441335883
206	30.89529035689009
207	23.21925387280101
208	25.44782666849226
209	26.5298256687072
210	26.519213106290216
211	27.832627437430506
212	24.810551337360785
213	27.58561402644566
214	28.149131295160224
215	23.633811740934934
216	24.208437069734803
217	33.328192828688486
218	23.072659667953367
219	22.522859999095875
220	22.65300340087535
221	27.7895827846254
222	20.526663516921595
223	26.733598538259596
224	28.23756896729714
225	20.233067019395943
226	24.53251287783954
227	21.104066083696996
228	31.14531451667365
229	18.096679113226248
230	22.96113496187853
231	20.826662391981262
232	22.13975878406598
233	22.314726199168412
234	21.60119480649015
235	25.29003009752381
236	23.0408398449806
237	23.353204291659985
238	23.223136682385345
239	22.386006772080492
240	19.346343998690898
241	25.798665546431593
242	23.52503349019374
243	21.299142630098725
244	25.127399389132037
245	22.308754758662474
246	29.955845154572412
247	20.001119451290315
248	27.316066891752154
249	24.526357125434124
250	20.81660105101353
251	24.304703774668752
252	28.561422094279248
253	22.630784550972407
254	24.287355328907466
255	28.150790952377143
256	26.394394375580134
257	27.222630363253185
258	23.154661608167427
259	21.189580848421983
260	24.861589607166888
261	21.379771372722878
262	22.99700900863016
263	28.065467675646147
264	28.445027616945612
265	22.846182266174925
266	24.004973355915247
267	24.2780522620189
268	31.6537267870256
269	19.541946773700197
270	29.32984097140037
271	22.179625323812598
272	29.846693298175303
273	23.545811673642934
274	30.83113591199298
275	24.47808895261351
276	20.7860537802959
277	22.393791384215724
278	20.41230220460515
279	23.568811589927304
280	18.177548543647088
281	22.984336462098415
282	22.382518052039167
283	23.984450625318804
284	20.529060397740764
285	22.832163123670153
286	32.02707238203696
287	17.76527767806305
288	21.928364896671557
289	20.034539498862497
290	22.582944537402543
291	26.683916123863863
292	43.03309562396302
293	24.241006293444514
294	22.597066071004306
295	24.553962448717783
296	28.21982300768059
297	22.900965755675333
298	22.97322106615074
299	20.76324762741802
300	34.41761125844564
301	19.392026215522336
302	21.997119613754023
303	22.832656040900062
304	24.73240674375954
305	22.490897381230095
306	31.796205029990233
307	21.098432491389843
308	33.108801812460555
309	23.310263488966616
310	24.162959099999316
311	19.309372937554684
312	25.088996010129883
313	20.27709839017226
314	26.22251062581684
315	20.289260785495998
316	25.454789976105225
317	23.372222976650544
318	22.928971383759002
319	19.61074958253724
320	19.68074369167026
321	25.000784623616315
322	19.624533980704136
323	22.283058543200603
324	21.349886428437745
325	28.770762639504945
326	22.789740147373315
327	25.651556843159767
328	33.795665323955575
329	23.382733507117543
330	21.397824539524706
331	25.361827048571786
332	23.866861276402425
333	25.482702535620284
334	21.32508728949028
335	25.24540863315449
336	35.480196754924656
337	27.19922643499245
338	19.727109386762486
339	28.808105289188994
340	19.44311205302889
341	20.15065320161941
342	20.823350581637417
343	21.597423684920482
344	22.761096250247103
345	26.367961244718614
346	30.964684704648487
347	25.60033403068766
348	22.466059840218318
349	23.34722681752984
350	22.26454527753845
351	22.65729187624294
352	24.664651495458635
353	21.830566734342497
354	20.45101776089804
355	22.909714198611216
356	30.256643937102304
357	20.862905674400583
358	24.1708254225966
359	24.834790976384475
360	24.11659495142192
361	20.880544777075276
362	30.916573887720304
363	26.50407078592083
364	25.1458863195736
365	19.039627442318793
366	32.69574475938467
367	21.299652438201203
368	28.89596763588705
369	21.688068356311607
370	29.405776902612107
371	24.96260456054976
372	18.546697198625044
373	26.035809552911616
374	23.114155163587238
375	20.71337729822437
376	21.776224074123007
377	23.879467378577765
378	23.12392539497276
379	30.340678790394104
380	25.0344945915149
381	22.465241309086558
382	23.405791030296594
383	26.188855788644176
384	26.33047576133383
385	24.71092604651643
386	22.893277961376867
387	24.00469076842198
388	22.747508338698758
389	21.198243553839827
390	19.188602111818845
391	27.234975481588204
392	26.350260534420766
393	26.813926233438544
394	21.921585000318814
395	29.665744217417732
396	41.79688861052958
397	26.22582246506057
398	24.07895962816752
399	23.040359799211455
400	27.6500113432917
401	23.36090594461094
402	16.555442256628712
403	32.70375116520846
404	22.47645567115633
405	20.544483859047816
406	20.611647109784293
407	29.244131134534612
408	28.30358823496787
409	19.982025656541047
410	21.32191992569322
411	20.887333315540584
412	36.49878832953166
413	25.79229784461439
414	24.863489086307755
415	29.715516532329442
416	23.396070566447143
417	21.82747146589126
418	20.77219474434586
419	24.05741429898329
420	25.131667547723243
421	22.31006089698955
422	22.89055571290067
423	32.007421490872275
424	22.568401544563322
425	23.56868364352294
426	22.07161062979219
427	32.17261913924888
428	21.886579068418133
429	23.23269304276745
430	19.554885363540194
431	22.048914819657824
432	23.269302616349112
433	23.70305244445484
434	23.128878950041155
435	22.28244080121892
436	26.94707391173118
437	25.17956069908448
438	26.345078598612737
439	25.762291275740058
440	22.53009399375054
441	23.998377474182952
442	20.307241818247885
443	25.722525144510794
444	23.274984546635064
445	33.65648396217434
446	25.94096038859683
447	23.916723721241382
448	21.504381796320605
449	34.2638133393798
450	29.99418719889375
451	23.322415378949305
452	26.213532998606404
453	22.116631143926405
454	21.322050471112938
455	19.224193344601986
456	23.652390441216994
457	23.15275239312981
458	22.40694277590989
459	31.395407118586384
460	21.19088646510939
461	24.77555532620018
462	18.088867764257156
463	29.963489506170294
464	18.564126418170705
465	37.06281023088526
466	27.772676087901534
467	21.48019979724084
468	22.774869993865433
469	23.131495722323095
470	21.824961078147926
471	29.867010637228258
472	22.53825060897809
473	21.60337994015692
474	21.297158920236352
475	21.481363534725276
476	35.47320248960123
477	25.836013336557915
478	23.920847299993813
479	28.699116282662132
480	21.18039284416353
481	23.14655591450821
482	31.25697307366155
483	26.103002727036273
484	23.40339800762583
485	22.78382804660714
486	20.57384020499109
487	22.625416994338522
488	20.33511351900208
489	22.510621509683602
490	24.485084137219438
491	28.248247990789242
492	33.59115158451172
493	22.267258873304034
494	24.56166989191038
495	26.124201712011548
496	23.21338576545414
497	30.624354211165336
498	20.182599733438437
499	24.17133549494263
500	24.9972445899791
501	21.04871598844384
502	22.92291989727562
503	23.320745594580174
504	31.030350631191293
505	28.414969709480754
506	24.804453733876997
507	22.293551778847494
508	20.56296446796068
509	23.559354416379108
510	27.1809834146719
511	25.254449866257858
512	20.789327627768564
513	24.425060781988357
514	27.21450615919449
515	25.088237614235517
516	21.520595662094586
517	21.220499698607124
518	23.03200597654388
519	21.51208668508237
520	24.594004799911776
521	19.99577588596585
522	28.510763620821916
523	27.4149245094356
524	27.29952761084756
525	20.374031794944997
526	22.35068285943063
527	30.6804237125961
528	21.933936640215897
529	20.88663855379665
530	24.705282443230157
531	25.46025463787943
532	24.287889083343625
533	27.16808375961552
534	19.081815369797404
535	23.734170757979943
536	22.577134266581485
537	23.144912249033915
538	28.075446572015814
539	22.71229660697943
540	23.22183211810097
541	21.394367999690743
542	24.170809216141492
543	24.172968214539633
544	26.74659772991103
545	26.957323283327217
546	25.148930176204253
547	23.591048062204994
548	20.456575272515046
549	40.02682060114659
550	21.809723822206312
551	20.02267202430986
552	22.86833248051863
553	23.805336091598935
554	26.300473898944368
555	23.01169416611083
556	24.174835682417324
557	19.455695082843746
558	22.130715278621064
559	28.02912755061334
560	24.24427820787957
561	24.277516869975337
562	21.688195952506735
563	27.12241384036427
564	21.59089563711056
565	17.883148406806868
566	21.629742534373417
567	25.56883259912085
568	20.97122448392366
569	28.030427384030055
570	23.851473440852963
571	36.23771544258828
572	23.649501117281183
573	21.65366827736959
574	22.700845001119315
575	29.029960523624855
576	22.161444284303936
577	23.44226996974534
578	21.170882960261256
579	27.61699112529944
580	28.441433280215485
581	24.14904805106858
582	33.835360801511605
583	25.50008103631512
584	24.319606065623585
585	22.473780045840957
586	20.34945033142066
587	23.816093449563596
588	28.03803868605669
589	24.43381814019688
590	22.357617140128205
591	21.71979539248255
592	22.47234459626258
593	32.0269343473829
594	28.383718201048076
595	20.50089118075802
596	20.797796549718647
597	26.17599926808528
598	20.956720602205515
599	34.17254903604176
600	21.560594227306705
601	22.82619339940936
602	27.084081934468188
603	24.950198239140253
604	20.38009157146609
605	26.0792608332072
606	25.67893562680818
607	23.08212877423854
608	20.178025817256778
609	23.214198445422433
610	21.528360315800743
611	25.277589030595845
612	28.785599098629035
613	21.102142782864025
614	23.75191839108262
615	30.314722536088954
616	26.15345852295188
617	26.31466637197534
618	25.700268004266412
619	27.69544713672295
620	23.17215945327091
621	22.155463254212698
622	24.61377426747412
623	21.38097032101271
624	22.84307349231907
625	29.229687989969865
626	21.297419180286752
627	34.51501583441728
628	19.307770102053706
629	28.494377475691895
630	39.415674270847965
631	23.17287708412914
632	21.117311756770665
633	23.165029415201086
634	22.508809323593887
635	20.975252963027316
636	28.385929964837004
637	21.76241950091436
638	25.8073159987755
639	24.114274627808708
640	24.244703798437282
641	25.97097997213694
642	22.753075200222984
643	21.608281129173328
644	32.36382544308034
645	31.20982153464852
646	28.579668907287058
647	28.634373955284865
648	24.41268089678691
649	29.091300096505922
650	24.731925737903342
651	22.3244818534964
652	22.82185573903318
653	31.484082732538255
654	29.231629912501525
655	26.938148855307855
656	23.363938890013692
657	21.017269526381924
658	22.876989064468734
659	22.471609839785238
660	30.22071426512006
661	19.70237623209107
662	19.385949207089315
663	26.763095861618222
664	19.562271889561583
665	28.276712699062774
666	33.44616726701783
667	23.30618871827487
668	24.04882802536367
669	30.592038566016967
670	20.47185175418921
671	27.808455042090774
672	23.80168209886452
673	21.851779059142356
674	38.87239674676384
675	24.307846292433346
676	23.34470415690387
677	33.46432887257884
678	27.794937090829222
679	20.796232989097753
680	23.722826909483846
681	26.33622153407913
682	25.430041123229604
683	21.09310801478778
684	25.919762057203332
685	21.76083039766874
686	24.02844589831554
687	21.680721723922886
688	26.3649275468443
689	23.49454901153497
690	20.068381787533305
691	23.73737485955974
692	21.482529449360445
693	24.770021938126895
694	23.54544747223974
695	24.809754080855853
696	22.832568204842925
697	20.444293402507657
698	19.823173339698023
699	25.341407009716413
700	31.120991051044633
701	23.17290344417889
702	20.98111515085115
703	19.10525995304032
704	33.74115577075561
705	23.094239473975716
706	23.004085626570447
707	22.570931035173874
708	20.973936530169937
709	27.176535016555036
710	24.18745598481288
711	21.026570545389028
712	21.277393373877654
713	22.415408460532817
714	21.98264151837523
715	21.919873620634714
716	29.561005905274104
717	23.27958634348504
718	22.843542174768768
719	22.438033918489683
720	22.612022825326264
721	21.95688665511423
722	21.82067762498754
723	22.241801462786828
724	33.05281179057318
725	22.019135536003958
726	23.85820708128265
727	28.662437775175412
728	24.8417638768075
729	22.515718767013635
730	23.43955166425024
731	21.479724254710533
732	25.03013177366305
733	31.745388830681293
734	27.61292730695631
735	20.466771396762674
736	21.583963164002064
737	21.069036128265203
738	28.86506626326699
739	22.709047662702563
740	30.885742265901044
741	22.117667412769958
742	24.955021865104015
743	21.816701103378364
744	30.44654951915079
745	21.762449301199478
746	22.8288305156189
747	27.25062626649333
748	22.708273855651594
749	19.21043890992781
750	21.943513308683944
751	23.457977248923157
752	20.935159144311232
753	40.06992981743375
754	22.73099755815021
755	21.248423593779687
756	25.887181552024153
757	29.326434173127442
758	23.14234375666784
759	21.569196003633003
760	22.17307976366788
761	22.53326064634759
762	30.79421281472267
763	21.43260426309817
764	20.362071482787783
765	22.52422049830596
766	22.465384925460018
767	21.5477020612734
768	23.493366875752816
769	22.226186561177318
770	20.982742647447445
771	20.727485927212864
772	30.161366005015015
773	21.18370258142706
774	19.487772914154146
775	19.56880865782559
776	20.283306903404274
777	27.075820128499416
778	23.012596277179046
779	22.71781251906417
780	29.39676535038078
781	25.647129905205738
782	30.73331069534161
783	20.529051175106954
784	31.655162962888586
785	21.9939636112346
786	25.442813965008774
787	22.756582925056208
788	26.782136549664298
789	20.985352547339012
790	21.4668578677876
791	22.97867674353057
792	20.847690445705403
793	23.043261818881305
794	23.126581534834997
795	22.552674442280917
796	20.69246969027651
797	31.27379207715041
798	20.599943302690345
799	27.10261661415363
800	22.155918759109195
801	25.254044125799957
802	22.720440728614403
803	22.409172142340115
804	21.474504550543358
805	23.670947187394766
806	21.081524381867162
807	20.317592469283916
808	22.174107991150084
809	24.500878450721103
810	22.13413167310413
811	23.50769793079896
812	27.678599795342375
813	23.44506136350068
814	29.009375224244096
815	24.778666194744016
816	31.36291100159261
817	31.704299157964495
818	22.024632094916633
819	18.770545098560184
820	21.207759624660095
821	29.37561157875278
822	28.14763719303587
823	22.509751244269832
824	29.22465590889283
825	27.294497337843058
826	25.728351096079113
827	19.943196398669926
828	26.25672353390397
829	20.773128722316137
830	20.62070208946243
831	19.289952995671666
832	33.15705939834152
833	27.295894637841652
834	30.357414703694218
835	30.65028511109794
836	22.801409694447056
837	17.73610667472969
838	21.132630072965792
839	26.296614187378694
840	28.452470293960726
841	20.637785749759765
842	27.715479057030997
843	27.85522607288556
844	30.079435558045017
845	22.051480334006108
846	29.04863267768558
847	25.405264074272708
848	23.23586625870499
849	27.34882473043579
850	22.523847269359976
851	22.317400498583904
852	37.15927572051792
853	19.385920379569548
854	22.989738847215765
855	25.541083207572484
856	24.785712149277096
857	19.039833141447016
858	28.298610803973094
859	45.56345004768643
860	25.345575874742103
861	21.837035653742284
862	20.841050435767936
863	20.5463764050146
864	22.742107536537702
865	23.458714340808893
866	23.50958174345545
867	30.932328657801364
868	22.38216789491797
869	20.7028871948789
870	23.97098864538059
871	26.497370038802426
872	21.970506442610663
873	21.66455529372815
874	24.381818402464926
875	33.8803318821263
876	28.824280041182096
877	23.320149579781063
878	23.700394548371655
879	29.606180709334982
880	22.160319650070615
881	23.33573115063626
882	24.92200795062477
883	27.600741352911395
884	29.056016936740335
885	23.511867789963787
886	24.934300472158036
887	22.53049174964784
888	22.758604644343905
889	24.37194149318794
890	22.285245305858552
891	24.586204589781936
892	19.538015528846618
893	23.248404189656966
894	22.662403885683844
895	19.090637508371625
896	21.502569523255705
897	22.917362621482756
898	22.715591714141265
899	24.725773607656787
900	21.42052361962851
901	21.057827007259323
902	24.288574736876207
903	32.099294185246414
904	21.333479784599728
905	18.023335685118045
906	20.559935455158005
907	21.319341117419672
908	29.728726925920697
909	32.888176760602605
910	19.88185749765308
911	26.123793352260293
912	19.3118226623137
913	27.07142695229884
914	19.84682532753087
915	22.602909044446907
916	23.32610789090395
917	22.527900207602983
918	24.57154683459234
919	24.371922690978394
920	28.648816093780393
921	18.974699802037502
922	31.438241153715037
923	23.18978268905725
924	23.231438755807332
925	20.51302615555606
926	21.377804934478178
927	25.7252979543467
928	24.134617635361582
929	27.48896761276137
930	20.3438216554607
931	27.842414832571894
932	21.775748739863793
933	25.937833150482486
934	18.891185863267726
935	22.11981763176877
936	31.72907322505489
937	32.46093931154484
938	26.49251380698711
939	20.985636421678162
940	24.573258994409578
941	20.758832983284567
942	24.80910582081396
943	17.73265955703084
944	28.785858874278627
945	22.603478195809977
946	20.66762517252584
947	25.34274083650654
948	28.430188478194083
949	22.476671254873033
950	22.710128681094364
951	25.625931696598336
952	35.710834470106434
953	49.73902547604307
954	18.546964413383975
955	21.69676496395685
956	22.81765115715396
957	22.552370694505736
958	63.53543441619233
959	25.661679070793337
960	20.61411404062528
961	25.34014506613089
962	21.64704615818401
963	24.272666512781687
964	23.60592065570451
965	23.450341366800213
966	27.94449246684339
967	22.725383904924044
968	23.9145900276193
969	26.869987539948404
970	23.203271565092617
971	23.27738290324583
972	20.070417337070374
973	22.936318703212287
974	25.49329962148434
975	24.55081399059337
976	30.274587311033816
977	28.89923736272384
978	22.838141581002514
979	41.68279427955313
980	20.024818126983053
981	24.880491797712374
982	32.55741208494591
983	23.801293323277402
984	24.438168668928224
985	26.293403855226387
986	25.755884271962056
987	29.66748093091709
988	23.073652788847628
989	26.520239312534205
990	20.105700295071994
991	25.86809519145955
992	23.879234051921717
993	21.66794470152616
994	21.777057525133714
995	22.7213153133341
996	25.61556428678755
997	20.692909006608858
998	22.022285351129113
999	22.584321219172303
1000	27.456764140317926
1001	27.052158241168176
1002	23.860784767789642
1003	32.3679558961683
1004	32.02109951982016
1005	22.67735338232277
1006	20.64568404302924
1007	22.25780832406465
1008	23.501257998744236
1009	22.736481476170812
1010	21.00722657202395
1011	24.849129116725333
1012	28.67440132756019
1013	19.576966706535867
1014	28.50125007298913
1015	25.40780908344284
1016	34.030707265554774
1017	36.133611106936094
1018	26.358364092361196
1019	24.87162681953071
1020	30.959221113445892
1021	19.05325958545099
1022	22.133809898129886
1023	21.604203246891508
1024	18.895303019505395
1025	22.199618081324147
1026	32.67106489356345
1027	18.785555787240312
1028	23.515101791115853
1029	23.617350649714748
1030	21.001869118018277
1031	25.963368523865938
1032	23.26431185819361
1033	29.47025550109112
1034	23.5102459651854
1035	20.99370766384527
1036	24.464243793924243
1037	19.268460819598936
1038	23.152981517500685
1039	22.414287134007026
1040	23.610463495540273
1041	22.20273936538312
1042	23.396334110951038
1043	21.86339676436767
1044	26.321715291402995
1045	22.13357692731969
1046	18.90182153022298
1047	25.849359044877804
1048	20.590759680336138
1049	33.99590856955577
1050	27.493417067602458
1051	24.74154514094316
1052	22.224436014594602
1053	24.743219223569636
1054	19.901948317419738
1055	35.565616473728525
1056	20.88188025079138
1057	25.383370804320673
1058	22.687167916900645
1059	29.21242974918996
1060	20.04657581916884
1061	23.29475459111393
1062	22.261734246194006
1063	21.718303812266402
1064	21.086545548112923
1065	35.57384412882024
1066	20.85187682942011
1067	23.209527035368254
1068	34.06207562419677
1069	31.473064621300274
1070	24.383632726628672
1071	31.235795482772055
1072	21.79173400830862
1073	28.39484014019572
1074	24.010300195156137
1075	21.62171009395563
1076	25.773131364551816
1077	20.723220308791806
1078	22.647735578126202
1079	20.86841793007772
1080	26.970480079617385
1081	22.923652528620817
1082	22.213338157747902
1083	21.380374766480788
1084	23.865846900403636
1085	26.211363614163915
1086	19.624414615070144
1087	31.4881567008312
1088	22.398264288626915
1089	22.969985765977945
1090	23.55644374587071
1091	31.52582277596976
1092	25.756018436183115
1093	27.081047256445558
1094	22.97811760257963
1095	23.898978043868336
1096	23.279003616226348
1097	20.29972188338391
1098	18.864928081291037
1099	27.238863472546992
1100	22.008569898431173
1101	21.117125788554198
1102	24.627599559069044
1103	24.693318852469982
1104	18.976648445277743
1105	29.312621350210364
1106	24.2344864283375
1107	18.22651139478338
1108	22.686433836672563
1109	24.54510528919762
1110	29.620590734694087
1111	22.702659605552018
1112	47.898949363868326
1113	23.70652609350074
1114	23.3466378079291
1115	28.79319040426212
1116	19.17337824818313
1117	21.552990455071118
1118	20.174319054850624
1119	24.44168379299656
1120	22.990020016763342
1121	22.71660854860776
1122	21.80334969865194
1123	21.463820613483485
1124	22.69352371500296
1125	27.533546181175403
1126	23.18644544621699
1127	25.212504412513226
1128	24.869919372251783
1129	20.4261665648096
1130	24.53707962773227
1131	27.894675761559867
1132	22.778372326676617
1133	19.674586048018494
1134	23.31545647506114
1135	23.010854912408607
1136	21.819775768485066
1137	24.29473775160784
1138	24.44908159535692
1139	25.12999511780609
1140	28.468223453054883
1141	28.2130950581159
1142	21.35279018869934
1143	22.367409744669597
1144	25.208897944188255
1145	29.035253526314218
1146	32.404202703720806
1147	22.250780506000133
1148	20.279668394370624
1149	24.648095312286017
1150	21.0891560350608
1151	32.19323984585357
1152	22.14895902471902
1153	24.193451974853193
1154	22.237001769925826
1155	24.365050203336537
1156	22.34055372747701
1157	25.23946853738845
1158	22.641929490176743
1159	22.866134065866493
1160	22.467799770819127
1161	21.19344042947549
1162	20.074988701405182
1163	28.090033204964577
1164	20.036579847423504
1165	25.716789827941266
1166	48.45826656720203
1167	24.45116665875674
1168	22.205741556291738
1169	28.820451211979982
1170	20.626922186087434
1171	20.977134449033265
1172	22.455400240722604
1173	21.395465227294594
1174	20.034159399541494
1175	21.08454643432553
1176	21.67307479775328
1177	19.276173608819658
1178	30.29109441074836
1179	24.133600906009917
1180	21.61659178648291
1181	24.286002907540816
1182	31.734511394604187
1183	20.702528565100188
1184	21.700288776797773
1185	23.71678246958031
1186	28.146001686722748
1187	22.230241875840527
1188	22.28741072710859
1189	23.5389911119058
1190	25.653148933377025
1191	22.98205414855232
1192	25.89854753851781
1193	19.92098513791216
1194	29.192589326601027
1195	24.59855530500781
1196	19.90647654327139
1197	22.40273875783708
1198	20.30493598419898
1199	19.815570169070956
1200	29.081192816227773
1201	23.247161025400192
1202	34.40232145602608
1203	26.996136780785903
1204	22.397751042902875
1205	21.416359711719753
1206	26.15687062374097
1207	44.61878262760233
1208	25.695921353841396
1209	21.078851336548205
1210	20.134313063960814
1211	20.96749703486006
1212	20.16556832635611
1213	33.11019351155098
1214	21.017451255154164
1215	21.715694357239293
1216	23.327683001091437
1217	27.408298838502642
1218	21.079248959001582
1219	25.209301732206608
1220	27.12477077171505
1221	23.80110530637683
1222	23.58937064471157
1223	21.23615890925652
1224	20.936114064538945
1225	31.43333150823271
1226	24.440366201943927
1227	28.06027758880016
1228	21.817723094508985
1229	23.007433961164313
1230	21.549081830226147
1231	22.087833759272645
1232	27.294188580350237
1233	25.377446087977948
1234	26.20603440352966
1235	22.914735830663744
1236	22.04350116868987
1237	29.101220065340502
1238	20.589354000967557
1239	25.508170878842336
1240	23.950403626078653
1241	20.360271556551258
1242	26.344004166046425
1243	25.058637050469603
1244	17.484165910566897
1245	28.531702180200956
1246	21.98725737527895
1247	28.045710105050386
1248	18.07001579439467
1249	21.863947021774948
1250	21.699851571133397
1251	20.22680930536987
1252	22.59916132881772
1253	23.950772142849747
1254	28.31043809230854
1255	20.554676513272252
1256	21.94927159292937
1257	24.589841839633067
1258	26.83641465281177
1259	24.869856330741385
1260	25.77569857859718
1261	24.54662668500364
1262	19.06493608619322
1263	28.784229901701014
1264	25.108718877913255
1265	20.47681476128275
1266	20.55183514673263
1267	24.789279433015597
1268	26.030597586186857
1269	21.747941795633743
1270	22.166358889899602
1271	22.5422910168294
1272	29.755089721673638
1273	21.56685120795208
1274	34.58592086534707
1275	28.199126070697055
1276	22.30413248894426
1277	20.903275100510598
1278	20.11659763791821
1279	22.072315178271932
1280	29.17730654401611
1281	21.459069173462655
1282	27.434328568059044
1283	22.778597426785772
1284	23.5962939009577
1285	19.11676215921706
1286	25.44723148944733
1287	20.730305986531363
1288	22.371275367188726
1289	27.994294306401127
1290	20.373646711069597
1291	21.657554575603392
1292	25.446014023572207
1293	17.526808014006043
1294	27.59877789512629
1295	24.825420465199368
1296	26.48033332490896
1297	20.224832110031205
1298	24.68358557761221
1299	23.877066353446043
1300	27.749172491806686
1301	22.54546334377809
1302	25.317052356691065
1303	31.42090871039283
1304	22.34456830735857
1305	25.580657066420105
1306	26.785691136233055
1307	21.474832831597887
1308	21.106881999641118
1309	20.633778844757472
1310	22.947108274955518
1311	28.93097231698405
1312	26.801179771321618
1313	29.624881200862053
1314	24.96504204428992
1315	24.118964243961315
1316	24.553562093298584
1317	18.686457905550732
1318	20.086832589913683
1319	20.977258549497822
1320	23.927057277231494
1321	23.27293811839885
1322	36.709874134367475
1323	25.797886193153403
1324	26.493640337326926
1325	24.658871407054804
1326	25.005857721109546
1327	22.461045695185433
1328	32.551972378185546
1329	22.64238151962248
1330	21.84983019315734
1331	24.369669010132824
1332	36.20342534078463
1333	26.779705181980606
1334	23.292042311796333
1335	21.863947339588776
1336	18.95614892251747
1337	25.767535267037037
1338	21.667234639057803
1339	23.04761928010999
1340	21.41371869565136
1341	19.74982350823078
1342	24.371634215103445
1343	23.115725430662536
1344	20.768263865710193
1345	23.085928930408873
1346	21.65926727333115
1347	22.88194574698138
1348	23.269094088534377
1349	22.64676254770173
1350	25.404844387760892
1351	21.633578439692926
1352	36.42519991501214
1353	25.283283517600093
1354	25.755894010010554
1355	24.232765510500126
1356	20.73293381484403
1357	32.85100055969815
1358	22.99557386552967
1359	20.692047031038737
1360	40.99286391722075
1361	21.612115374684116
1362	25.6133921160766
1363	26.007427171903306
1364	26.730123695544446
1365	25.92877514694445
1366	20.9852147392422
1367	19.979246377091233
1368	20.923330423424005
1369	28.32809878772542
1370	28.55068226714803
1371	20.318438778997265
1372	24.411386277904967
1373	24.0602132853431
1374	20.721319067161964
1375	22.484957468503197
1376	19.722065373148478
1377	20.903714963590335
1378	24.582646427430998
1379	27.686869393550225
1380	23.13308062302588
1381	32.1018764856066
1382	25.58951118481006
1383	25.678297301383942
1384	30.121527136893558
1385	21.854970498809124
1386	25.540440124301643
1387	28.170549912375517
1388	38.3796882921393
1389	25.52558261063445
1390	29.468557993531146
1391	23.712297492541502
1392	21.617196433795378
1393	26.779537224623958
1394	24.654512473427058
1395	25.88533945494212
1396	24.14660425211052
1397	20.810584094591572
1398	27.879457057768445
1399	24.373447226669075
1400	22.172117367101322
1401	18.72860470698873
1402	23.55492934228612
1403	25.830529231537025
1404	20.91787649301018
1405	23.22324319375323
1406	18.132779660212556
1407	19.201419733657723
1408	26.960462104310864
1409	19.977073119997254
1410	25.006786968477222
1411	19.094645445290322
1412	27.339158908096962
1413	34.20566191071692
1414	26.722003126457437
1415	27.666171965622393
1416	24.253435271645063
1417	31.613645963156976
1418	28.69232140224504
1419	27.95835988282863
1420	22.15827668764321
1421	17.529365306315594
1422	26.923360033752395
1423	21.826957102469393
1424	21.147284502839554
1425	21.845102759430162
1426	37.83902581293303
1427	23.7579311522008
1428	31.990320054946956
1429	23.668544292601798
1430	21.50018781147421
1431	23.666380393086
1432	28.70535435312688
1433	21.322452602383326
1434	20.10509156749273
1435	22.577627045327972
1436	26.712886422155236
1437	28.54971912731668
1438	20.25707893504067
1439	24.265503823606515
1440	40.338975268322976
1441	26.655467748416964
1442	20.831810078106056
1443	28.252814454768384
1444	29.03660151405333
1445	20.564407397443343
1446	22.753043082537303
1447	18.385755087887773
1448	24.92376318914393
1449	21.880821028471665
1450	27.146868402671675
1451	20.663544768684318
1452	19.327818638852072
1453	25.659888456623044
1454	31.603990986829256
1455	23.728863958477078
1456	22.121167322355962
1457	27.140309142363215
1458	24.5187951567746
1459	22.81666193317174
1460	24.404708057590472
1461	22.25405565491502
1462	28.624089898199173
1463	21.17586325583833
1464	25.329489614859497
1465	26.04327373543739
1466	23.606099036007897
1467	22.61589169237555
1468	23.51656143465309
1469	22.05118711727284
1470	24.864237180789047
1471	24.13729387192494
1472	24.49951492617593
1473	20.875403669483163
1474	22.89861565183698
1475	26.838265468469924
1476	28.304823035958645
1477	24.060595490524012
1478	26.19811545381901
1479	21.675747640803458
1480	20.32898958794595
1481	18.750043911735702
1482	25.918126120387267
1483	25.65178537403699
1484	29.703605034231163
1485	21.98641495482235
1486	27.037109034509438
1487	25.025313983965344
1488	20.995066084219918
1489	23.17085395174482
1490	21.42899103211644
1491	27.544849482010164
1492	28.126792682052365
1493	26.212582144252572
1494	21.4600297671979
1495	24.864786875471687
1496	28.649029252705194
1497	20.87767668062474
1498	24.947098535469646
1499	20.49928006845444
1500	23.34618098183522
1501	23.12164819236764
1502	25.720562846899696
1503	31.132363962374317
1504	21.98257976562923
1505	26.174317147973102
1506	23.691505971861382
1507	25.687524717099116
1508	21.108215671051294
1509	26.296352406219068
1510	35.30374122576538
1511	24.82628503961023
1512	24.997407032831823
1513	22.29800607837589
1514	22.14814317970145
1515	26.956749180317775
1516	25.230422542012736
1517	23.004614598288967
1518	24.366996043048296
1519	25.554233655155226
1520	21.893658549006375
1521	24.255265233339742
1522	25.36876514404624
1523	25.575766054825856
1524	25.50415360943262
1525	19.898610220508175
1526	25.264416519474068
1527	23.50028060230206
1528	22.868152539096283
1529	22.13002734956578
1530	21.419356708773538
1531	26.42624588905699
1532	28.57088501569959
1533	27.546060258368133
1534	21.023886411960703
1535	28.84419842087962
1536	35.5042503273769
1537	22.563368907359823
1538	24.920824673670626
1539	26.655998335655116
1540	19.608285326412254
1541	22.18131542523725
1542	25.08694716322951
1543	22.70744606250082
1544	23.164152673937707
1545	19.98273111317105
1546	24.44882857502131
1547	21.440146468810315
1548	20.665033040490624
1549	26.58096357439977
1550	22.841211715623594
1551	20.702317977223693
1552	18.65891988558495
1553	27.462332547855166
1554	23.97595339075072
1555	23.333225594587727
1556	19.237142508776085
1557	32.40812365457133
1558	31.290067291420808
1559	29.598734030967673
1560	23.37784964961418
1561	23.26515839228483
1562	21.45189042733247
1563	40.0363724832922
1564	37.049715141519016
1565	35.495658039758425
1566	22.82416385959721
1567	18.864208714778844
1568	25.19833446824786
1569	21.034692286272954
1570	22.286131677414023
1571	25.195301971535496
1572	20.256009568735024
1573	22.78392745379958
1574	28.98376282023228
1575	23.57579061332991
1576	29.404232575363743
1577	24.886701460076296
1578	21.85705312913112
1579	26.152120103195852
1580	21.447002845818574
1581	20.757546734459403
1582	20.97600294215709
1583	22.317948389991155
1584	21.832674899955794
1585	23.783051732360203
1586	31.25300644923312
1587	39.43665643051318
1588	19.740153433573433
1589	28.240016079426784
1590	24.850371625381133
1591	20.478763826853328
1592	30.33552712089994
1593	25.791454912553522
1594	22.016482814123336
1595	19.830420535446546
1596	27.68892074063932
1597	23.726105972909355
1598	29.16272507936654
1599	21.239253121240424
1600	25.261610330888253
1601	18.798299228191816
1602	32.4428144432662
1603	20.691893388733693
1604	28.383082538937742
1605	21.139234798355595
1606	21.006245836868516
1607	23.95709766318728
1608	24.984870180367402
1609	46.748673521444864
1610	37.808816625362184
1611	23.33227298346564
1612	24.04962663782523
1613	18.597812449203975
1614	25.35466197216148
1615	24.99898682622575
1616	21.173176459585584
1617	22.864283646880452
1618	23.990894556625182
1619	21.17628416492594
1620	25.21576403801529
1621	25.77652412828886
1622	23.814055099584763
1623	31.453966654411857
1624	18.733973390009876
1625	27.28361978094432
1626	28.94919210764356
1627	29.6211702052901
1628	22.65848587268847
1629	21.540531608411886
1630	27.048249336252393
1631	25.754607815805468
1632	28.426386203056804
1633	27.466154570229676
1634	21.93769868097277
1635	23.118799987896768
1636	20.88051473249586
1637	28.067986745347778
1638	31.695187851976723
1639	25.686162801401224
1640	18.898553954632145
1641	27.201689541212044
1642	28.46278334171015
1643	23.676311412161596
1644	22.819076470703212
1645	25.008859184884933
1646	25.45002189766862
1647	29.352740717435474
1648	22.790758408676815
1649	17.806855487009464
1650	25.335203698291743
1651	28.571101151720473
1652	23.88028780484213
1653	27.98074477525614
1654	28.10033249253381
1655	24.258111638404326
1656	24.825008157436457
1657	20.539395094557545
1658	25.625301923266704
1659	21.74123831537272
1660	25.86377401211807
1661	26.716672187790685
1662	22.57269239344842
1663	22.7623850215907
1664	22.6964546937921
1665	19.66493247339138
1666	21.285582944572738
1667	26.49748265251193
1668	19.980822169358532
1669	23.33565147544141
1670	21.715423552800445
1671	26.906091480494375
1672	23.512767948197585
1673	21.0530169642844
1674	26.79146653755756
1675	33.570280510456946
1676	25.337434650864452
1677	22.82903336166764
1678	30.981824710232488
1679	25.06060818532569
1680	27.464175359262818
1681	27.102619334607773
1682	24.415517317233025
1683	20.5940410316867
1684	26.968772763104624
1685	27.643841629930602
1686	34.803373599169525
1687	21.93692790903151
1688	20.68878616248577
1689	20.933244847338454
1690	27.123824305580676
1691	21.49069010199111
1692	22.94205701218496
1693	22.82083038067949
1694	22.70264746217197
1695	22.62175807686534
1696	22.429703243706815
1697	28.799109791587792
1698	27.414847219598425
1699	22.825236160305884
1700	29.292836962717747
1701	19.244542849971584
1702	29.28582660205733
1703	30.195277673169496
1704	23.10182170011103
1705	26.076559894971606
1706	24.331704474899553
1707	23.177852826833757
1708	36.364672421284034
1709	19.672357764860084
1710	29.21334946787366
1711	21.563601883027474
1712	21.564984354027796
1713	22.025070908289585
1714	24.578334475260263
1715	18.66005581900671
1716	29.12387510836568
1717	24.473372415257202
1718	21.205362210975082
1719	22.369429023395966
1720	23.835951207072092
1721	26.27348422340455
1722	31.686053317741536
1723	21.160716583380022
1724	24.84791569039669
1725	22.554822942793802
1726	21.089803368308477
1727	21.16502810286007
1728	20.843775549156774
1729	36.15510620972693
1730	20.82365333008311
1731	23.81886261277514
1732	20.787349972616443
1733	28.597557249147144
1734	21.95509739400636
1735	34.06003278007881
1736	21.271339203363432
1737	19.648267419345895
1738	24.022833625539967
1739	24.70582637631859
1740	24.53888045940219
1741	20.728207227550005
1742	26.132025332170695
1743	25.900624198237114
1744	20.091939880769065
1745	42.18469751763587
1746	25.702828662397646
1747	23.39435582861458
1748	23.888170467340387
1749	22.84431110047644
1750	24.302001896738034
1751	21.168597761075944
1752	22.20077136054022
1753	20.883596210847333
1754	26.315330252800063
1755	21.340488258138354
1756	30.084114103571505
1757	22.683165223271185
1758	22.48740844651092
1759	25.739658631617203
1760	22.14355957600484
1761	28.406503607865687
1762	20.745716987264363
1763	24.43729600382115
1764	24.330946249182887
1765	18.378281953123707
1766	21.203188430543467
1767	33.013697463559915
1768	21.01295600346947
1769	21.24865547535733
1770	23.44880540172339
1771	20.33322388836766
1772	21.338566509071267
1773	25.164537163585123
1774	20.585857443849196
1775	21.877063151336078
1776	44.63425817175916
1777	33.16996361636179
1778	23.67083846114369
1779	28.102216786163098
1780	31.789599506761583
1781	25.245961578590908
1782	33.65644788568847
1783	21.65296091629273
1784	27.043360477660705
1785	18.968825454608304
1786	21.06093682231952
1787	23.13572634915497
1788	27.154788499880336
1789	18.484156157763895
1790	21.84667068357835
1791	20.862131176783922
1792	24.57148002939728
1793	22.00954694683198
1794	24.38028229723568
1795	17.444371953314697
1796	28.078094828353944
1797	31.82009058190948
1798	28.150353012832618
1799	24.44785762537935
1800	21.375026807385296
1801	21.75639996562708
1802	21.789558727765737
1803	21.21480583486233
1804	31.984237734937953
1805	20.485864462555874
1806	25.98662218937705
1807	23.401774429532356
1808	20.409913058280168
1809	21.904552649247176
1810	27.77591775142655
1811	23.25683609598006
1812	21.326984138775835
1813	26.608314707278762
1814	24.410726985139206
1815	22.600512510373004
1816	26.9103221757309
1817	22.1031321134946
1818	20.976380548539158
1819	19.650210821763153
1820	21.299135872263484
1821	23.595425654257483
1822	22.753950597331958
1823	25.221189954494548
1824	16.196145058231746
1825	24.81499213595371
1826	26.770909836689796
1827	21.84687278418135
1828	19.876282225800566
1829	23.333583078369923
1830	30.85379705737744
1831	20.55568550741213
1832	25.83265153996383
1833	23.48705059846058
1834	23.42117643996206
1835	20.809775785196617
1836	22.15743222546966
1837	25.936120912349157
1838	22.455910518711924
1839	19.782693259957586
1840	21.835425957983283
1841	21.601433493217712
1842	21.58318031873019
1843	23.37639875908556
1844	20.54987568697626
1845	25.73258566015607
1846	24.371629354789068
1847	20.55286779879396
1848	23.649264076240726
1849	21.6007719612519
1850	22.844142102492512
1851	27.464165221124357
1852	21.6678411276266
1853	27.576116547554157
1854	24.592296004030988
1855	24.39110776324671
1856	35.68262027353347
1857	30.226757510276588
1858	23.36648386355955
1859	22.040240835369048
1860	19.99453521167568
1861	25.17111552782699
1862	19.322240799179095
1863	26.40972749891756
1864	23.155598313365058
1865	21.64602021680798
1866	25.862287341446304
1867	24.30063078637856
1868	24.23410734452565
1869	30.80436862641779
1870	23.04636825237216
1871	20.15009809195054
1872	33.87283912278767
1873	25.238005388248713
1874	20.31981800032743
1875	27.986243365743114
1876	24.856665368039355
1877	29.988206459382145
1878	21.46579357668256
1879	23.850007716411792
1880	19.747110112138916
1881	21.232311441267374
1882	26.197529665057143
1883	22.84248143830072
1884	20.263535107429373
1885	24.445592277452725
1886	22.949384284785573
1887	26.52426819199508
1888	17.87168224922671
1889	27.429591418181857
1890	28.296039558849905
1891	20.65702712515207
1892	23.673466925060097
1893	29.417207784827603
1894	19.569077375043115
1895	24.849358800359987
1896	24.116991292921405
1897	24.002137650514488
1898	23.736271124414635
1899	22.145825927606783
1900	26.144667033914345
1901	24.467747680662853
1902	25.48348296417195
1903	23.61291291041875
1904	22.875757779725244
1905	22.589342072992586
1906	22.253116562706627
1907	23.353577037411473
1908	19.91487690312788
1909	28.217975296485903
1910	23.719467327816457
1911	20.288675546375014
1912	28.401707354082838
1913	25.472164777073225
1914	21.620541688813738
1915	32.92459323667703
1916	25.688602352268727
1917	26.49826176849831
1918	23.48734814104604
1919	24.893843095519138
1920	23.346004857718867
1921	26.77515886576326
1922	25.15555832894253
1923	23.557157550242362
1924	20.805945643003035
1925	28.80634236235254
1926	20.488813922027166
1927	22.406853834420883
1928	22.739694781404765
1929	23.218396278281517
1930	20.290920567112387
1931	20.072585314103378
1932	21.080145329397823
1933	24.49999948124641
1934	18.399676889804606
1935	22.466775903765587
1936	34.29997414931823
1937	21.41508506061509
1938	28.19103431577582
1939	22.125060144594304
1940	24.876713745880455
1941	21.702184458340827
1942	38.23609794406374
1943	18.331570335923043
1944	20.208822568169456
1945	26.87789890304035
1946	26.80601349255639
1947	25.178738823218136
1948	21.775763544492378
1949	20.081244806217832
1950	21.071912120526996
1951	30.587280320784668
1952	23.210367038129615
1953	25.433056110138217
1954	46.06859267688552
1955	24.640053566214952
1956	19.501092077814974
1957	21.592636909726675
1958	18.009953533373892
1959	26.795663183659226
1960	28.365294886382333
1961	28.113001436832835
1962	21.664060750104753
1963	24.891063587415513
1964	27.575751339706283
1965	20.21041642584622
1966	26.610048884744756
1967	23.931942466204962
1968	24.325894942986277
1969	22.189338720066115
1970	22.320484031379
1971	25.571208039471546
1972	30.103279220197905
1973	20.373759812333763
1974	30.24234480748314
1975	22.724893832579255
1976	23.368409873791357
1977	23.390720440255617
1978	23.04059597941814
1979	21.284194167570995
1980	24.625124947139106
1981	19.212087785848418
1982	32.167290423096105
1983	21.234299836361462
1984	31.376455817575845
1985	20.31691276992499
1986	20.845776908833574
1987	39.851469705394734
1988	23.251484069082867
1989	19.772904359711667
1990	23.29330224068958
1991	20.429348064131442
1992	26.445287929107682
1993	28.204303701332588
1994	24.261558720878767
1995	21.009701222974346
1996	31.48218314694954
1997	22.844407084059526
1998	29.680681147166144
1999	25.2499757656718
2000	25.760432629243635
2001	27.89311191385986
2002	25.25172539402265
2003	24.677345156782433
2004	24.447696512795908
