6	22.231155171607234
7	22.11614568085642
8	21.449382187818703
9	18.228067370265034
10	27.151310408964406
11	21.58332284490363
12	16.96801956258746
13	22.236914042646568
14	22.955294483622602
15	25.665961139755453
16	23.63356878798325
17	20.480727315632976
18	22.400360849843228
19	21.89958781331122
20	21.48317003047123
21	19.10212928418658
22	25.911240443954593
23	19.11253381258634
24	20.617022841133057
25	20.956463741205273
26	20.64571248361474
27	21.677223345488176
28	24.32318179017786
29	35.04457096765893
30	22.43203255875011
31	25.23764851758366
32	21.209886756144616
33	19.446636939192622
34	26.694237249468372
35	19.807591114854358
36	32.22747408935944
37	22.20880050675512
38	21.145360871469165
39	17.757938657655707
40	21.901261302619858
41	22.673812466497026
42	22.81124891436462
43	22.13515953397732
44	20.108872496735664
45	21.164680353779495
46	23.989429769122776
47	20.727494454114854
48	24.36683674335481
49	22.69605887409182
50	21.411696574735334
51	17.946424097396044
52	21.090379223757413
53	23.027187498982048
54	22.87583377673039
55	15.651466901250815
56	20.561102970709577
57	19.802015463842054
58	20.168139011596363
59	24.086510786022863
60	21.72270420018513
61	23.065563646425954
62	19.358566026455527
63	23.57492353264455
64	23.077642835307117
65	22.789048174514733
66	23.427392548092758
67	23.138615727781144
68	26.393052907969196
69	13.63978362257088
70	21.398423399025788
71	21.640616573247314
72	23.67512956205914
73	22.90441578726221
74	21.29923633353691
75	21.882095462124674
76	16.53803385299062
77	23.86748131710092
78	20.764291312555088
79	13.903903214632326
80	20.723793606384476
81	22.93537644091609
82	22.137461687155884
83	24.966652802306104
84	19.7146559780133
85	22.252986952253785
86	23.676483100132387
87	19.94331203599414
88	26.440547902904477
89	26.6281128442945
90	16.47203671532219
91	21.555708016372787
92	21.77935500393885
93	18.47166472260881
94	20.165460118919274
95	26.302587119940792
96	20.423398260188762
97	23.545079050896703
98	19.484221549554604
99	22.49188367816987
100	24.16999033586893
101	21.708545188172785
102	24.782871645322004
103	23.406328631346444
104	21.471416830201907
105	23.434871677175252
106	21.532634100808075
107	20.569450675703262
108	26.001563249868756
109	23.634510715394363
110	17.694394797740742
111	20.590755492074614
112	20.148252447591883
113	28.018427803774266
114	19.20938750654159
115	23.721144168714577
116	25.085394443230214
117	22.76080186433432
118	19.61003186373914
119	22.544255767824698
120	22.142310286101566
121	20.026625127107597
122	21.127754977107163
123	19.91948745546356
124	21.29909909112328
125	12.933324062280008
126	26.892144962131404
127	19.999570136247243
128	18.890565990136867
129	26.81485495757597
130	17.458915804065025
131	20.696370535154063
132	22.878676783169908
133	23.589360543427226
134	21.3559262511969
135	22.236254672033077
136	27.817642075719657
137	15.270736274978058
138	21.91093215521268
139	24.285866320457465
140	16.685831532257517
141	21.22689194655534
142	19.55662176979875
143	21.57532232557024
144	32.27513344440778
145	17.85707903619
146	26.928337944485694
147	27.641138899824
148	23.602095004409904
149	23.275862616244314
150	22.210838383767726
151	22.31338188044306
152	19.168918195290825
153	22.756097965080862
154	20.135913695267423
155	22.432705114051576
156	23.70723275846495
157	18.63456512757032
158	20.72065792599645
159	24.681568051449077
160	18.441613616429755
161	19.327584166427187
162	22.065871820847658
163	20.244277013253395
164	20.10763789935049
165	23.78007355626991
166	22.051904913162367
167	20.51702639691337
168	26.727595474662866
169	22.382170219427724
170	21.264595930562336
171	17.881964462543802
172	22.275037870163942
173	19.39207085786828
174	20.678679715903932
175	23.249783697821353
176	22.790361268805018
177	21.707422913306416
178	21.591534306713303
179	22.51118357123674
180	20.365278084439794
181	21.87655302161371
182	19.680591025007036
183	21.132287548076672
184	22.22630218061855
185	24.198924520416266
186	23.244274382014513
187	21.40291888667875
188	21.817022221226363
189	18.8801516372334
190	20.842871825162078
191	19.89174269201758
192	26.964457525565603
193	21.60319365508198
194	24.209146918605896
195	19.700647508322547
196	14.542916039969715
197	22.38747571321337
198	20.583807315779268
199	22.048399601791917
200	21.938463585564122
201	21.056332086792533
202	21.735486631267122
203	21.226551270997984
204	21.941295287317974
205	20.024622828508857
206	23.357155676498504
207	23.294020156487715
208	20.231842910121845
209	18.68745639441548
210	24.025652407747202
211	19.84437816794053
212	22.335639661996414
213	22.52272760305537
214	20.65621489003291
215	24.171043886018968
216	16.747618781764654
217	25.306031566192228
218	25.887386190515826
219	23.281921162908972
220	20.337845696091208
221	20.925298621839087
222	21.007531339764242
223	22.183817722835528
224	22.09940226157543
225	17.290240775050464
226	18.317876749442117
227	20.50448650528992
228	19.167558268161134
229	27.743457239243874
230	23.450425222226023
231	22.300667012755046
232	16.920498964195996
233	21.692191702859873
234	18.1963506149683
235	20.755204755374507
236	23.944075188350737
237	25.768804678048912
238	17.436483062092158
239	20.949859377571446
240	19.904414867336268
241	22.58827232103544
242	20.909920769214615
243	25.559619654856018
244	22.595975170714006
245	22.446460252702916
246	23.81756120281426
247	20.700541289123276
248	20.01272607928761
249	21.11089309034287
250	22.358065052122694
251	25.029138444739722
252	20.355750907500887
253	28.167367637513593
254	21.338580700588892
255	23.71190682800516
256	23.270765604621836
257	17.615310247777067
258	24.680843164340573
259	22.59043655266346
260	22.907800346527967
261	23.542660004735147
262	20.63525119474113
263	22.572991018841094
264	22.218887538838757
265	16.88326252542669
266	22.575330996385436
267	19.356300439959078
268	23.586534370960536
269	23.234609147892282
270	27.273259886638822
271	24.07808712307731
272	21.800847483360133
273	23.291746806768295
274	19.910563144889583
275	26.037163543007512
276	22.088870884123025
277	21.594617978384658
278	15.780666903811781
279	23.073373142975644
280	23.635908712035093
281	18.42147415401793
282	25.825377190506437
283	18.11675917474185
284	23.160396436711768
285	19.72503669845009
286	22.559216435520973
287	19.919759052774968
288	24.42819399113269
289	21.075031547178696
290	22.02052956484381
291	21.948541251197266
292	21.258135953270866
293	22.368487859368113
294	21.323492154865985
295	25.348833003850334
296	24.41020820565617
297	24.653859869425652
298	24.392721380084517
299	19.709565695658213
300	18.31667322046692
301	19.762762480638198
302	25.36341191459134
303	21.663129049124628
304	19.723428075974567
305	24.41748511330285
306	22.31365883900684
307	22.39627907752976
308	22.80879777800573
309	21.889717456513047
310	32.43844981419412
311	21.716479209878404
312	22.81523587327067
313	19.697044792286217
314	22.006445377521285
315	14.175961286714703
316	22.113287490635127
317	26.565735300113687
318	20.534674884834594
319	16.764094799311415
320	25.665915890251576
321	32.127633540341016
322	26.423257325844133
323	24.234918316340526
324	22.126790413006756
325	23.689574440289288
326	19.383819806313173
327	18.87191033554475
328	13.485906572377479
329	28.171882991402153
330	22.218843019973633
331	20.4990855571193
332	25.051465484988874
333	23.719947773891036
334	20.776516126994288
335	16.87595876558129
336	20.290023345844784
337	22.686224142548067
338	22.56475621166872
339	20.307060052514316
340	27.804774912135425
341	19.388319537766197
342	22.107550131274515
343	21.281971413530098
344	21.199720850554986
345	16.13385740393442
346	19.653215511103586
347	22.0634895571434
348	21.34655535757247
349	17.357555225214345
350	23.042300966459695
351	21.393494869763344
352	30.181056117487607
353	21.753416801703757
354	22.556650107128007
355	23.38883638950473
356	23.623806198398533
357	24.36747627306613
358	19.687600880132777
359	22.4897473409207
360	19.212893516231958
361	23.758249265252008
362	19.418943325659104
363	14.755764058549955
364	22.04279829563827
365	32.26450132236139
366	23.175654217510864
367	20.861553987646605
368	22.34848636608061
369	23.16999597911581
370	20.850504006667695
371	22.771166428531473
372	26.85888976496564
373	27.47081942413532
374	21.587673361565976
375	15.703140237188606
376	19.846422153880848
377	17.348317553086154
378	19.188750925158576
379	25.561597404565283
380	21.321440102335803
381	21.038934240948215
382	22.21566848799356
383	23.513803328759256
384	25.204708110820693
385	20.270652977957816
386	19.564197912008968
387	15.36690560233282
388	26.732258515030992
389	24.58472057628584
390	19.35869471564268
391	19.267058160456592
392	21.58951302631529
393	21.419694946352138
394	24.8155470382111
395	20.671841726296766
396	20.12715305862089
397	17.759980740449464
398	27.64463038440709
399	20.56362864935294
400	22.647225773464676
401	25.76881362800797
402	20.611112576852868
403	16.70716153012149
404	25.421863939853594
405	19.763514222859296
406	21.073817447384094
407	16.616312293913214
408	25.850106567610784
409	20.990289836510783
410	16.169794541267912
411	22.228262389368535
412	20.836074613360196
413	20.313858936724092
414	23.77544912740084
415	21.531990916983887
416	21.36606103698614
417	21.22393425321474
418	16.973709673146782
419	22.343695954198665
420	18.652606155886506
421	19.05952684565344
422	21.285738708966417
423	18.80929977515997
424	25.407865977655483
425	20.609491289452308
426	22.209730094558797
427	21.67887646617493
428	19.136164860229098
429	23.886534071873342
430	22.335864171026284
431	19.67524464670702
432	21.24006922877035
433	22.55021019673586
434	20.922468771777293
435	23.920288623528904
436	23.809791199150695
437	25.646931415478782
438	23.519264587783255
439	25.663425024751007
440	24.432767659818136
441	23.75203200292737
442	19.986198852805128
443	21.548771195526218
444	24.359093997210106
445	26.40471265594594
446	22.306987701616404
447	24.658123675194943
448	18.946408077052247
449	21.07362599826634
450	20.87518067553913
451	23.242915234213328
452	26.03079476006817
453	21.411810269580457
454	22.520432229309034
455	25.266585865814704
456	23.386072148198764
457	26.04899450471215
458	23.253675987301904
459	24.057002631735287
460	25.893559848457844
461	16.321233877319692
462	19.826916553329543
463	25.53713284577026
464	19.685708563747106
465	16.7060000554916
466	24.59594995946522
467	20.43166557604193
468	12.47440086597344
469	20.916685461806605
470	24.925984865774893
471	23.51022146269975
472	19.26557021001749
473	21.897141962692622
474	28.247544616886444
475	17.278783752839306
476	21.770969861512153
477	21.88060333327303
478	22.37463531218398
479	19.806714042679985
480	24.58294320554879
481	18.24266866246913
482	23.46784095889656
483	23.67594745637598
484	22.982780624824674
485	18.875635274123756
486	26.867083253408637
487	17.775379431161003
488	23.610859251057263
489	24.073074277539344
490	23.63309377108712
491	25.641503514461398
492	22.85691644046811
493	24.251188123389905
494	20.09696165816769
495	22.77310656414741
496	20.10377148851694
497	22.599462965419363
498	23.13790125726294
499	20.438186422237568
500	18.77621468067405
501	22.289924411180404
502	18.95284962074048
503	18.560019979135784
504	19.368889830823317
505	24.544181653375194
506	16.703860795201035
507	19.821581881763475
508	23.400373063183146
509	22.235888130793448
510	21.619852288872607
511	18.378706403539983
512	20.26996176131772
513	23.516023024923115
514	19.86884568170327
515	23.39802558074544
516	25.892924985474174
517	20.61383999829104
518	16.65768822602462
519	29.603258914262398
520	19.885903458273567
521	22.613980120679894
522	25.41388207963018
523	16.939195219217385
524	21.83636672625816
525	24.717161677084263
526	19.33068426955705
527	20.67004198917507
528	21.808510050197583
529	20.725985915333002
530	20.182231833729404
531	23.01038309262755
532	19.11299930689937
533	30.70773577438025
534	23.199217269062114
535	21.821634136565866
536	21.997996619258842
537	19.17823116356915
538	23.542538218236025
539	23.707058995050552
540	21.316697542941743
541	21.65883550172839
542	20.841265242575307
543	20.0236118084631
544	21.276182351894764
545	20.8711385108458
546	19.421525004618246
547	15.391531667781665
548	24.96428323353235
549	20.259938419507726
550	22.151189505852507
551	34.156720503691005
552	22.55747131414341
553	19.6839019892449
554	32.938362953413666
555	23.022888515420533
556	23.22559502126502
557	18.08522476070314
558	20.500364447805747
559	21.015679776624278
560	24.070896315547387
561	22.363192828538715
562	17.737574199219054
563	22.175141404394722
564	23.614452472385892
565	24.43348670761463
566	22.67854067976505
567	20.534264502502346
568	17.51068984485051
569	24.69197338736636
570	17.62954683241919
571	23.77137616407385
572	23.57679562823875
573	22.88611585609189
574	16.550628902987995
575	22.371755125659266
576	24.660385508433684
577	14.639562274025852
578	22.112416919090798
579	22.926154319913888
580	23.4791211953429
581	22.712013480869988
582	20.252292601840704
583	21.22956127762697
584	24.777564750436795
585	17.241550035026325
586	19.250406401276788
587	24.6914927553088
588	19.813612211827312
589	20.580819733745347
590	30.57922710861506
591	24.456389752369034
592	18.9156944168044
593	20.45670500755941
594	23.581180189192125
595	16.127029894670503
596	30.962374167937085
597	20.833230772013184
598	17.127522003978292
599	23.37698091624982
600	21.076131727134985
601	19.046236337615742
602	26.197318854323715
603	22.50026964179124
604	19.20893265688102
605	20.592049253145145
606	23.379526641278062
607	20.34455348205908
608	22.635154353319244
609	24.768396341844046
610	16.19883546127034
611	21.08476100579719
612	21.74796224985039
613	28.450546565618595
614	16.224972455552027
615	27.742744548551
616	20.07644327086678
617	18.769806202673355
618	22.752864371537726
619	19.578361871806273
620	22.050289662615654
621	23.96900316577297
622	19.444967221589188
623	23.02286671041866
624	23.462756335354154
625	18.15775076265397
626	29.14278926307049
627	22.283731904106272
628	23.140732909725497
629	17.860615459601245
630	21.90140858408813
631	20.636811301001174
632	25.814068642653925
633	20.246666482560634
634	23.714646627159052
635	21.61486524991967
636	22.842857588108018
637	25.53162253102662
638	33.216044925992996
639	18.10225206438502
640	24.02159083373474
641	25.125906160245812
642	21.84947496544737
643	24.952464616735327
644	22.606161327534753
645	17.117998162284493
646	21.99187041457523
647	23.525994670908485
648	15.049115599661663
649	26.78529587045879
650	21.68184257872578
651	23.093501787696933
652	20.72988731460408
653	20.14967540939722
654	15.270313864888843
655	26.28674526546456
656	19.10472623566868
657	22.956855062685385
658	23.201187517479912
659	25.64105081680263
660	21.244640785548835
661	21.360241008226083
662	21.607746797055007
663	22.176095653098407
664	21.168342277457537
665	15.439801647178163
666	24.6065312755363
667	23.785879486180082
668	16.052631381382525
669	20.852039529094327
670	20.99337900646288
671	19.171888045147153
672	28.326387820582763
673	21.412843139431274
674	25.443906781595604
675	12.808714666144134
676	20.666798661837017
677	20.165329315713333
678	22.18259726936958
679	24.28078703466599
680	25.97890325463377
681	22.12772484679256
682	22.22195450664635
683	19.04730930527387
684	13.052394691396815
685	21.505807635864866
686	20.35656166336591
687	22.318775925638782
688	22.15953413236457
689	18.510049190383725
690	22.18696615430425
691	16.82673061217968
692	25.31868619327273
693	19.47623467569311
694	20.311101054728287
695	22.56642926391787
696	17.907056307430484
697	23.74598973836269
698	21.965617780519096
699	22.51191482797886
700	21.892418940331893
701	22.78298938966223
702	18.599691509053248
703	22.447185302894056
704	31.711586469630774
705	22.37047266150962
706	22.823182512249332
707	25.275904800542826
708	26.898386718005014
709	30.162469438939418
710	26.21092440840332
711	21.06927586137151
712	14.083173334470484
713	23.77224762466349
714	23.926834913244342
715	21.82620567543432
716	20.92831025046762
717	21.418419153368184
718	23.996294113620284
719	21.487863103644557
720	23.060148233651447
721	23.80684269569659
722	22.910597595469675
723	16.776225059700664
724	20.005275970991253
725	22.386825197139665
726	19.694386795216072
727	18.371144277014537
728	23.15367051175583
729	23.2774594683821
730	24.50277355592497
731	22.191952747977258
732	23.896991958116196
733	22.940873244074993
734	25.332133100052705
735	20.747190971774497
736	28.588654390996147
737	22.819042939967268
738	27.236456354889327
739	21.779368794512266
740	24.06963924844058
741	21.159023820875316
742	18.855840164259018
743	23.57171939525499
744	21.018650005037973
745	19.377767832462713
746	22.192426347413047
747	18.910350529423138
748	19.44224003978814
749	29.71745696078031
750	22.014465915657638
751	21.927226082315634
752	25.472778758448758
753	25.521709007300988
754	16.725368915781885
755	21.312749756101258
756	20.447982792059324
757	21.50363441973681
758	21.614214750625635
759	23.324552675766277
760	19.41414861517842
761	21.510435749168035
762	20.37686563732809
763	17.683809646215135
764	21.6406946320725
765	21.182635220865606
766	21.35726782643857
767	20.799696018767257
768	19.684501783058757
769	22.503344664826727
770	21.763775872044537
771	28.84118709430835
772	20.432044231165364
773	24.679416733336282
774	21.017721911533954
775	18.559563484457435
776	36.25175897025492
777	24.13988058377321
778	22.735477223932428
779	20.705717524833283
780	21.350471399559712
781	18.870525099098813
782	31.137202325958487
783	12.602530595711869
784	22.899925945788112
785	24.194118660062667
786	21.911225843180617
787	21.073748571649677
788	20.213046137799715
789	23.975895652770443
790	19.53041958576484
791	29.759219657675683
792	22.739835465907074
793	23.71980491871855
794	19.167294097249396
795	21.525345846792803
796	21.182017126193113
797	30.92755657643692
798	25.320010490672914
799	25.914757741151966
800	18.25058553148327
801	22.825074569009686
802	23.577314570285445
803	16.56405361735397
804	18.490186995677412
805	25.49865036719201
806	21.344202791078715
807	22.166481140829426
808	18.851692424823543
809	20.157404380348343
810	22.199018164379098
811	19.612287341847452
812	21.012685320466783
813	19.115958436585615
814	22.63330172321088
815	22.083494692790108
816	20.830324418635097
817	20.836919716317425
818	23.706791791615874
819	24.74983208752657
820	19.04531292840919
821	16.964650547738668
822	25.659160206951736
823	24.927516185082414
824	11.638125305633164
825	18.625939775149163
826	23.5461101123465
827	29.907168226163
828	16.24946477262503
829	28.104291482684626
830	22.875456846749735
831	24.124807629197583
832	18.792210869896735
833	22.1644689855351
834	18.686957046030944
835	21.821318964812235
836	26.5913462777092
837	17.10571588654663
838	19.500607864891645
839	22.336592187304632
840	25.308429409956574
841	26.461082566021634
842	19.455361887308992
843	23.298301238773274
844	22.130017216454196
845	18.219456474187844
846	21.660778588388254
847	20.954785159096453
848	20.38973785514536
849	25.211431160600533
850	16.55791256422153
851	20.617275300543007
852	24.11547135638391
853	21.051864409915588
854	22.482521947521793
855	19.497790529308165
856	17.224666871795698
857	20.436625103099207
858	22.513423414765477
859	22.916669389237306
860	18.20312131907059
861	24.1509335457151
862	21.908499765156265
863	24.246674094946744
864	23.685514932635297
865	20.252047359299873
866	26.001185046187807
867	23.384614209973318
868	18.37409038686833
869	25.736198732008535
870	23.621177069802947
871	22.615278390125603
872	25.63778799989229
873	19.82524776347522
874	24.155775570350116
875	20.59593748734702
876	21.068035154972485
877	19.794549357439273
878	22.45909135214788
879	21.35033930018785
880	17.228586346745335
881	23.19264338694777
882	21.678254052565325
883	21.055112450290057
884	23.022604809853185
885	21.861766583849217
886	15.318563475641673
887	22.11546252473596
888	20.949040722870638
889	20.871623571467353
890	21.852370976441307
891	20.328135342258946
892	21.51667166954961
893	24.363341472808127
894	23.271887456371466
895	20.366173322076932
896	24.9189006899738
897	15.207296761922125
898	26.601578459363534
899	17.167469102450248
900	22.093417636595074
901	28.51608743162748
902	24.938837892880354
903	16.129696934897865
904	26.566499112062978
905	18.53713709360023
906	20.710897032704747
907	29.23215508528692
908	21.876953625877942
909	23.928742303338367
910	21.378914263739716
911	20.30268018816908
912	20.08319484182791
913	21.826637557642243
914	20.441944921968066
915	20.643531486155034
916	24.999357562529337
917	22.686698814485695
918	18.27593148684129
919	20.84437167669724
920	23.389291996743037
921	16.353385272523155
922	23.203000391400227
923	20.689077518882275
924	14.06851143991662
925	20.791638601689616
926	23.978349664051127
927	23.209170218274583
928	21.87535807248079
929	28.200208363939332
930	25.068298965263725
931	14.358089378161822
932	21.01390875158633
933	24.774306851498626
934	23.26272043767626
935	21.606124359558354
936	21.538644834834486
937	23.261665879012135
938	22.801648940080135
939	25.380256639811424
940	24.951480411262693
941	20.17884878656612
942	22.07174114091322
943	22.849408409537386
944	27.391777659732423
945	19.535938216320574
946	22.953986097460387
947	25.463755833196707
948	13.749307654438201
949	21.741842878488963
950	21.987221512937484
951	19.829645079797125
952	27.430823930746623
953	21.58664135652594
954	17.786720017155133
955	22.14546967145537
956	22.562306671526514
957	20.347968506499786
958	22.13197063449479
959	19.954138207755083
960	20.195195501864973
961	20.294953528297647
962	19.78634265574811
963	16.992692433158687
964	21.55670643109562
965	25.857524444652803
966	23.23051000644958
967	22.262620700000408
968	22.930284169070347
969	19.695336673658698
970	22.00096591576701
971	30.932681692786243
972	23.211272762228965
973	21.707674730743747
974	24.016037514310614
975	23.065329137276297
976	23.004104593661257
977	21.208081882748733
978	19.282876845003425
979	24.693201605547802
980	24.075993742996523
981	22.103150231012656
982	26.0451661264633
983	26.336027221757426
984	23.32681257332006
985	19.789214727262824
986	20.41646502656748
987	21.11587539963598
988	23.283884173702333
989	21.135061502844046
990	24.193578095954802
991	22.85107974891077
992	19.261270626895566
993	20.816662224373847
994	15.572557749773841
995	22.486763903590177
996	18.685995176627433
997	22.364022697245954
998	22.550253242131713
999	21.218724123657804
1000	23.47632594488889
1001	21.203430633784592
1002	22.620197734221463
1003	21.13584144912152
1004	21.629818292743
1005	23.65480015349617
1006	22.71040063488232
1007	19.567795498884664
1008	26.283034560479624
1009	20.8737152782479
1010	26.7574745185774
1011	25.99780180124005
1012	24.126759744395123
1013	21.332841954627334
1014	21.90008529689226
1015	22.204027128822847
1016	21.165317040033795
1017	22.385413802792367
1018	22.23177432833186
1019	22.28584929959353
1020	21.68771735482971
1021	22.41798836272041
1022	19.761787194051845
1023	18.956632576842697
1024	15.880997530406251
1025	23.813781676103954
1026	33.854765083944585
1027	23.42324064508818
1028	16.927904990895104
1029	21.192060857263808
1030	23.438067532118293
1031	20.03710864630731
1032	21.57640284678648
1033	27.308662669225356
1034	27.103870600463868
1035	21.851025404029837
1036	21.495454067898013
1037	20.350304601526986
1038	22.775855900807073
1039	22.804690561721888
1040	13.94225721535977
1041	21.339505173924284
1042	24.775079567049705
1043	23.95664068830546
1044	21.237496094273116
1045	18.500886768611963
1046	23.992015049638212
1047	20.80182968097698
1048	16.177370966840034
1049	20.227596307672293
1050	23.95731191882228
1051	26.528139320896578
1052	20.96255750833734
1053	24.40360800784726
1054	16.27662039896573
1055	21.91715512327251
1056	20.327487124421168
1057	23.17329988016814
1058	24.637081937767057
1059	18.27253772211261
1060	22.294347733747156
1061	15.226521918943536
1062	25.732646205197348
1063	22.712708127167044
1064	20.57794440177895
1065	14.452818788013731
1066	20.79394933682702
1067	17.63194926185745
1068	23.606494511450972
1069	23.922886292296294
1070	20.264247772222006
1071	16.629460608243342
1072	24.09104633190013
1073	25.464760691931588
1074	20.829831554548434
1075	22.561695917276666
1076	21.992403023543634
1077	26.027300271778724
1078	22.638100105375898
1079	20.913580510669224
1080	24.506367663140125
1081	17.496092663761893
1082	19.772238389878975
1083	20.30324301988644
1084	22.906937421360787
1085	22.7386950666114
1086	24.59510061342735
1087	22.975157477105544
1088	23.183904491896644
1089	20.6521376296916
1090	19.883881223396333
1091	24.322708913691653
1092	23.408586909645237
1093	22.91668723703229
1094	21.853769321439426
1095	20.3541834844469
1096	25.75750628153507
1097	23.797169623496302
1098	25.194207105410896
1099	21.100226537383936
1100	18.822223445478205
1101	19.228365696364616
1102	21.92013649941133
1103	20.54034043733626
1104	23.15122673329097
1105	19.329325035091358
1106	20.45770676219642
1107	19.085726876015542
1108	26.511662295370623
1109	23.266896413805874
1110	24.048497770595812
1111	19.812408443415602
1112	24.764545391833124
1113	23.413647738230114
1114	20.522638119091425
1115	19.27494748376804
1116	22.62911924952641
1117	23.087691094268692
1118	21.79727980028838
1119	25.63088715447238
1120	25.130419066673593
1121	15.419643509492744
1122	22.6941087960488
1123	20.990555976284668
1124	21.826877183841795
1125	21.395372716297118
1126	24.677632993838884
1127	21.522892601953142
1128	19.583008787447874
1129	17.360953125072857
1130	21.167053003594077
1131	21.739387523103506
1132	20.0307999737789
1133	24.73798642076537
1134	21.462615964992438
1135	17.938110778615478
1136	21.705456772620128
1137	21.556498702938097
1138	26.255249789723063
1139	22.87433833481735
1140	18.736438402713528
1141	20.394222407142323
1142	19.470877130850923
1143	20.114957522135228
1144	23.106644085876823
1145	23.63718819199684
1146	22.844170616310674
1147	30.775953252906014
1148	23.618825392441494
1149	24.398966370309452
1150	21.387626431562918
1151	20.943882608793736
1152	22.584167631034664
1153	20.218419327178708
1154	31.97816870512011
1155	19.767942979683216
1156	28.399282415433845
1157	20.6570454108821
1158	20.28730805738578
1159	21.601368705201562
1160	25.01240396278999
1161	22.032661505523194
1162	14.983233164784906
1163	21.82693350555028
1164	24.68058435960025
1165	19.288893902878492
1166	23.61170301383786
1167	21.50707871296865
1168	18.799691733525002
1169	18.409203295176848
1170	25.1357765631595
1171	19.03670822679232
1172	22.681421267048623
1173	26.276351926298958
1174	20.01902460581036
1175	24.443527290580928
1176	19.26000746304635
1177	15.855605642565273
1178	30.475075901449216
1179	24.632052516404418
1180	17.94951288130782
1181	18.88881169801443
1182	23.456853158947457
1183	22.925440162227936
1184	14.307385837771
1185	22.84495968982504
1186	20.56787220290668
1187	20.763963387445983
1188	21.40421444132327
1189	21.852502080056418
1190	20.32598467331765
1191	20.53685647098852
1192	21.885428954414756
1193	25.961437274774415
1194	19.105732951821253
1195	22.144776818798857
1196	22.601373140456417
1197	20.72279027535413
1198	25.473818843983995
1199	22.420830119752253
1200	18.8365786476859
1201	23.33215125185035
1202	24.702834576635656
1203	18.91874730938259
1204	18.680715610596963
1205	22.712031284647605
1206	22.721054403645986
1207	15.795863047460443
1208	21.505113174861226
1209	21.770969001732862
1210	23.45061370757342
1211	21.052744510056073
1212	24.05018639486257
1213	32.46220709338585
1214	20.33093980130238
1215	19.778464710779694
1216	15.052172091435446
1217	21.263076568658455
1218	24.498369016066135
1219	20.474257342773964
1220	29.264640310782852
1221	26.14331924613952
1222	18.59919633224337
1223	23.093962839130867
1224	20.271590445722854
1225	21.21435545933042
1226	21.41967359131805
1227	19.569201430079858
1228	25.65992369091181
1229	24.065700744504284
1230	23.554914269891995
1231	20.693485293860974
1232	27.345977486793657
1233	22.157663596689638
1234	22.920862474847077
1235	32.038444950982615
1236	15.871288376996139
1237	22.083267718193714
1238	19.47460880244762
1239	29.93242396570126
1240	23.146457333169025
1241	13.445356566427897
1242	25.642176567312244
1243	24.337517833317456
1244	18.985262393996347
1245	23.81702840336909
1246	21.342419904227427
1247	21.857175695887932
1248	15.13721421973813
1249	21.635576602613458
1250	18.821964290547655
1251	23.915046698251512
1252	19.595910317769512
1253	23.174659498056453
1254	22.822218231529135
1255	19.102065034796773
1256	21.362523505933673
1257	19.764884420080463
1258	18.225209195988583
1259	25.200526556251422
1260	25.52223274645285
1261	30.253325477168943
1262	22.745750781647594
1263	20.87282600937899
1264	22.58351142608851
1265	20.39609580708202
1266	20.971599233966536
1267	19.88106606393121
1268	24.499959491171467
1269	22.47437809569903
1270	20.382967501882064
1271	29.3031271915295
1272	19.57360727074235
1273	22.69360332999713
1274	23.042062442254604
1275	22.146611992032838
1276	20.712894795336165
1277	22.714088269133672
1278	16.392272695891734
1279	25.873838121867845
1280	14.553228914610703
1281	23.251982414609433
1282	18.237248819942277
1283	23.001615150824584
1284	22.97614353295331
1285	22.850494157604224
1286	24.381733923277352
1287	19.256993460101143
1288	17.100973538311127
1289	19.795813323002598
1290	22.467295840956623
1291	22.144288024785777
1292	29.868528940952384
1293	21.17764001925243
1294	24.6589472100054
1295	22.70148306138799
1296	21.61464185831382
1297	19.864075058303825
1298	20.764704086386008
1299	22.739979014013027
1300	25.68377681744418
1301	21.252051366082014
1302	22.737089555935356
1303	25.96001685828863
1304	20.41619314509444
1305	20.142695239522673
1306	24.834650735636906
1307	22.27856298747367
1308	23.061486077499577
1309	19.72134302054165
1310	20.88121037462601
1311	31.547977532115766
1312	13.871901014745658
1313	22.613831991475802
1314	20.414573444812916
1315	21.830388156347908
1316	25.237431859049728
1317	24.157574790524553
1318	16.72759639788901
1319	22.291704176245638
1320	24.188141152941107
1321	16.010338844123087
1322	21.60130207663742
1323	20.260983227103548
1324	23.575413869419467
1325	18.783384032547474
1326	23.953522713745084
1327	27.086786908314874
1328	25.671743506039665
1329	21.757859783494496
1330	24.125651943827922
1331	28.255678572014652
1332	20.99692829811014
1333	23.929801848904887
1334	26.336092825250827
1335	25.89506787169328
1336	28.820068430139642
1337	18.741905068414134
1338	23.274722678647912
1339	26.150696767518852
1340	22.088274304642372
1341	19.17369151072732
1342	22.929814713948872
1343	23.405635038597715
1344	20.65264223020936
1345	21.75945488665753
1346	21.2109569196976
1347	19.749296140535733
1348	18.316157622675448
1349	21.113196590221783
1350	21.349913376143377
1351	21.114559886966955
1352	24.137787651004537
1353	21.094879289243924
1354	22.561951491078045
1355	17.486047126606785
1356	23.382377893896773
1357	22.94728999688884
1358	24.7117645558028
1359	21.694094219658492
1360	22.354331624225484
1361	16.786565720752282
1362	21.88203759521194
1363	21.924451780553103
1364	23.99626158863151
1365	29.62382824167463
1366	28.369931227745838
1367	22.504605229547032
1368	22.246501475928522
1369	17.789529294676246
1370	23.90758347857045
1371	21.57676322645765
1372	24.2847851640772
1373	21.01202971090037
1374	20.54788887183087
1375	22.53028645133218
1376	24.52020014134737
1377	20.637905808723236
1378	27.387708299625828
1379	22.178834840554433
1380	21.673070830022617
1381	22.677900887764473
1382	20.86670361058133
1383	23.009510685200407
1384	25.529387566740766
1385	20.99757359830619
1386	16.484969279936713
1387	20.62622541995693
1388	20.4906024752257
1389	19.14387060564971
1390	18.505805820320553
1391	22.429166091972444
1392	22.294923162621604
1393	21.611305216927576
1394	21.150851979142807
1395	18.69994766914914
1396	23.44137112665841
1397	19.90789700108638
1398	23.218808573861182
1399	21.34118118334521
1400	25.770566971893324
1401	18.19340197196203
1402	24.019950690102466
1403	21.277662366263762
1404	14.583255088148224
1405	21.665716448869457
1406	28.068728720036443
1407	25.1115490002453
1408	21.942195387688116
1409	20.74717904295955
1410	16.221107760276645
1411	23.51998354579943
1412	19.963984154411055
1413	25.04957702360116
1414	21.029533394019712
1415	21.27772169484136
1416	23.676540545341147
1417	18.776713125012204
1418	15.351902085490169
1419	24.48478340469811
1420	19.366907384363003
1421	27.05731595402408
1422	27.50747363716364
1423	22.11702809821136
1424	25.07307316004102
1425	22.19329956547333
1426	21.71025242088786
1427	21.69761276257857
1428	20.767261973484352
1429	26.148336692420155
1430	21.581075952264655
1431	24.49820140009238
1432	20.7924702379276
1433	27.20058741772082
1434	19.06843429677085
1435	20.96088699309621
1436	20.044609777756374
1437	24.896420179680778
1438	19.637839905543093
1439	23.453009580273093
1440	23.671144205831986
1441	20.93037338732571
1442	21.017520455492054
1443	27.339966976351324
1444	23.76927707768482
1445	20.685010412040477
1446	21.908697775682977
1447	21.30459457897408
1448	22.959393086534245
1449	15.677867243418822
1450	21.55794043898043
1451	19.487387274690807
1452	24.128868460729038
1453	24.66645463467412
1454	21.144233092763898
1455	20.13228580962667
1456	21.690953393998605
1457	20.76545597351422
1458	20.877785829591126
1459	17.686955780076282
1460	21.083495163229948
1461	18.639077910731185
1462	26.624016173445852
1463	22.30808883257295
1464	25.10862114163352
1465	19.310834453037312
1466	24.989611802717533
1467	14.328642733237782
1468	20.743577559831913
1469	21.086849936940283
1470	20.360156016673187
1471	18.021046926816926
1472	23.50357137277626
1473	30.715962704167968
1474	23.558915629685888
1475	27.265842425413556
1476	21.137497300045535
1477	22.664111656431047
1478	17.25840647912656
1479	30.4739240351015
1480	22.11830247151826
1481	18.421520829865976
1482	19.811202930914465
1483	19.502411085111817
1484	25.818097672741196
1485	20.243463550737943
1486	23.01074352624063
1487	18.296980024880863
1488	22.32939216012868
1489	18.498373198765712
1490	22.540839556801327
1491	15.017401256173015
1492	21.787136657375637
1493	21.997723042303598
1494	17.195959271156294
1495	22.22875951493892
1496	19.526653094711946
1497	22.597116126984474
1498	20.66275116927983
1499	24.810441763953943
1500	21.25289474486462
1501	14.783562013544142
1502	22.167012278641135
1503	25.849630726319447
1504	23.150119276536863
1505	18.528148285587253
1506	19.9751029899706
1507	23.114154479049223
1508	19.039835687549786
1509	26.640111697721295
1510	23.088364546680683
1511	24.76438047988967
1512	20.422077408718906
1513	18.835702223334064
1514	20.700076786809113
1515	20.93745408962584
1516	17.155092687578872
1517	24.69694898395032
1518	13.29336466088793
1519	21.333429848061044
1520	21.89543751674576
1521	21.45502290234093
1522	24.25563248374113
1523	21.30092986351734
1524	22.98390627793637
1525	25.126843126566634
1526	20.709044376744714
1527	20.408063949015553
1528	23.057034854705517
1529	20.23123713501991
1530	22.697527598608744
1531	20.7666771868956
1532	21.308517751743224
1533	18.560011197615843
1534	21.62285905328187
1535	14.637777816355229
1536	27.1423379019693
1537	20.084441977749773
1538	24.097420143058777
1539	15.197952019480558
1540	22.03208394426937
1541	20.028599724990244
1542	23.43558898297737
1543	26.167149559996854
1544	21.216793174920085
1545	17.677465808976972
1546	23.680505445871027
1547	17.292910288640996
1548	24.11901903519435
1549	22.845540398502944
1550	22.48268306031241
1551	15.72086609292975
1552	21.084170555234888
1553	21.693912958300768
1554	21.825587211051715
1555	20.671460488252343
1556	21.952116236672737
1557	23.492696643282137
1558	22.235231446145377
1559	21.968033184832894
1560	29.940365991010417
1561	22.7253740535055
1562	15.3630857646255
1563	20.819265033552625
1564	24.03300987273205
1565	21.751570411877513
1566	20.328282570000738
1567	22.255083976610532
1568	16.357983617118332
1569	25.83878328093766
1570	25.298253449195325
1571	22.256484583210355
1572	25.77614453558068
1573	22.965469225751907
1574	16.358077146753203
1575	23.213851990347145
1576	24.313794440389128
1577	19.739903050428257
1578	17.072013023062027
1579	18.08729850172272
1580	26.111510492346593
1581	22.947067201950542
1582	20.894100570357597
1583	17.76920724762421
1584	21.02671591561203
1585	34.251050150681
1586	21.065092126079772
1587	20.715471645740962
1588	16.60646689658807
1589	22.648148250185496
1590	21.13852268416272
1591	22.488244212003934
1592	19.99269469578403
1593	24.613916661732816
1594	20.089240480817327
1595	24.212547755463326
1596	21.98058328264233
1597	25.55825022294514
1598	24.225761294696415
1599	22.906955979974008
1600	20.982630856736982
1601	18.835599152238704
1602	21.62633450768888
1603	22.722768263152194
1604	16.360594316236437
1605	21.779848051463542
1606	21.057213440270754
1607	19.7633877507404
1608	15.342834376713395
1609	20.60393397944568
1610	25.759791253680866
1611	19.957643313024224
1612	26.06639113065776
1613	19.14620108983945
1614	23.32939269012322
1615	24.084424850414507
1616	20.29165590742857
1617	19.715242172140993
1618	22.596764898900666
1619	20.056405536227356
1620	20.006860406279724
1621	18.78852136018298
1622	19.698446214122868
1623	20.30118251770248
1624	21.76280040529673
1625	20.41600985009276
1626	24.327312538591137
1627	23.355879644239796
1628	21.76280619455341
1629	24.35951580764863
1630	21.40872183291313
1631	19.771091760848112
1632	19.033875524587486
1633	17.882856843229902
1634	15.031246566719242
1635	30.245105192766207
1636	23.077378336069696
1637	29.651233278692636
1638	22.303468534685805
1639	19.48648671109374
1640	18.811905728635164
1641	21.786362275046606
1642	18.681458973802364
1643	22.530336128215662
1644	20.411717038745216
1645	22.575014793903392
1646	23.680869660776278
1647	32.87215129595383
1648	19.684788973154355
1649	18.61925852752947
1650	13.814842661853287
1651	24.908125828391267
1652	19.91486849738524
1653	25.750406538927926
1654	23.46669663063561
1655	19.62836418886745
1656	24.038025554532425
1657	23.654509612868424
1658	18.3059332752091
1659	24.281570657159147
1660	20.116567873668636
1661	24.4208683747548
1662	29.06006179394117
1663	20.475330890568554
1664	18.987026922227535
1665	23.613266009942823
1666	23.645436926925523
1667	23.99531184424686
1668	15.816225399076938
1669	22.333350501205448
1670	34.681840622228464
1671	24.069506578762084
1672	22.309224336262872
1673	14.68694824387785
1674	27.637449352610307
1675	17.087621084990957
1676	21.420032531943765
1677	23.31209066800875
1678	19.423435020991683
1679	17.361883822409435
1680	23.480453313855833
1681	21.27534645829851
1682	20.86302560035541
1683	21.066279949879917
1684	21.881987751897594
1685	23.50127781426272
1686	22.324289260231406
1687	22.329456451549554
1688	18.7560286973021
1689	23.06508864996223
1690	20.40356395240197
1691	24.190526851808052
1692	19.309978934397588
1693	20.485912291072147
1694	21.746711380755656
1695	22.926096768748454
1696	26.304114154817608
1697	21.68427985238668
1698	27.911350596181226
1699	19.14397722458536
1700	27.203616127948322
1701	22.72601156232376
1702	19.34788043396074
1703	21.732967109288694
1704	25.096375926919603
1705	20.624140985281976
1706	18.54131249848248
1707	21.016389431553847
1708	13.808270686492325
1709	25.242515057993486
1710	22.674375515170233
1711	19.881938837551086
1712	16.35660536292776
1713	23.04989011306811
1714	15.022054922252305
1715	22.01891167903025
1716	24.29932623935847
1717	26.98814589967497
1718	21.72674644993147
1719	23.434827877568924
1720	20.294365262126966
1721	17.31876504037439
1722	21.421750905056452
1723	22.036966915529774
1724	20.58923001170053
1725	25.588825987969777
1726	24.496490623658367
1727	22.637889610954982
1728	24.58491089158081
1729	21.19276205661255
1730	22.820433328468827
1731	20.841980817274084
1732	18.386646821806206
1733	26.776876499005272
1734	23.322536472215884
1735	23.039535886115683
1736	23.116427034402506
1737	24.051271812127464
1738	20.700594692387515
1739	20.67097458502879
1740	22.20792818701525
1741	20.75695998465256
1742	20.609918280504644
1743	24.791123221134768
1744	20.676679594973393
1745	24.271539780735687
1746	17.76023957429846
1747	36.01899187267228
1748	19.665404202139552
1749	31.639618322081468
1750	22.54144699379802
1751	29.938060405518055
1752	24.85487540806126
1753	23.167404775921284
1754	22.93856061639131
1755	14.25467875159146
1756	24.10685321421434
1757	21.95473747786212
1758	25.47998641784254
1759	25.729084266602577
1760	22.586203020202984
1761	25.62655429977858
1762	23.39835782566686
1763	20.31463741069137
1764	23.480984248797455
1765	20.033981484128162
1766	27.02613488257767
1767	15.920058880076144
1768	24.22330248250844
1769	15.889616675168167
1770	22.021445215253447
1771	22.869528212588193
1772	21.956846396262147
1773	16.78402756041448
1774	22.848741365176544
1775	22.487436171110065
1776	21.81066994737855
1777	20.288788289417212
1778	17.61538956997067
1779	22.484308462570894
1780	21.543060228058422
1781	30.564471076870483
1782	24.31730116907548
1783	23.21716306993767
1784	17.23855675758301
1785	22.676560051698562
1786	19.562776548683477
1787	22.32878800798525
1788	28.336457825782418
1789	22.206459712481994
1790	24.31721536742197
1791	23.72931360785753
1792	23.646718698972837
1793	22.13463489947728
1794	19.918263284997508
1795	22.190757759562615
1796	20.28456154892088
1797	23.874295592629416
1798	21.04422811347014
1799	19.72716959783333
1800	28.645099513798154
1801	21.77437932801179
1802	22.65778875353135
1803	24.79160022060387
1804	20.332314918784117
1805	21.380184334188957
1806	24.7928020395193
1807	23.73982254638527
1808	21.63436230549484
1809	18.6499717485537
1810	17.945728716385062
1811	24.4080834062075
1812	25.30811460823891
1813	22.094208797880825
1814	21.970641401077657
1815	26.43582951915133
1816	21.85004953763788
1817	25.8629217857168
1818	30.14289956104932
1819	25.56002002081547
1820	20.684273451462325
1821	21.87653525168207
1822	18.22138510644436
1823	22.041978407884017
1824	21.159597440467525
1825	21.513625900117173
1826	23.24829632203552
1827	15.89014932211242
1828	20.858499582214602
1829	20.35457791479376
1830	22.315357852889143
1831	19.768782994029056
1832	20.698572177660715
1833	15.559509506593619
1834	22.208065933260144
1835	20.915465452534455
1836	17.14945007144922
1837	21.286813214513664
1838	22.58348757683134
1839	21.849285556484634
1840	25.435607751574256
1841	19.365302738283194
1842	22.505767071480683
1843	21.38857087208097
1844	25.35386795791408
1845	21.75236527364407
1846	26.735995693705117
1847	20.553973826220293
1848	24.334835786744954
1849	17.49482249509957
1850	25.711319190962968
1851	23.763083940980405
1852	23.5739196202664
1853	25.052792682612136
1854	21.513725911550733
1855	22.329667167289667
1856	26.36257297398047
1857	21.234042663301807
1858	24.46395455610214
1859	21.80259484594993
1860	21.48273704816641
1861	25.105608511390166
1862	24.6248718312587
1863	26.090713238329045
1864	20.391519583362555
1865	20.110494194386497
1866	30.09532013269823
1867	21.0241270783828
1868	24.10836178438169
1869	19.063434088008542
1870	20.617816138604166
1871	22.74411363323648
1872	16.21573299164062
1873	21.346136635402218
1874	23.07671837295656
1875	22.148072830867022
1876	24.42356013831782
1877	18.392872606266007
1878	23.31274366149165
1879	22.021588567147493
1880	24.78950548796944
1881	21.307131234909438
1882	22.26417317986799
1883	22.854809874892926
1884	19.612344804688888
1885	22.42104220025418
1886	16.703624640604378
1887	21.550419458840043
1888	31.115937779744854
1889	22.80243369684442
1890	25.797923968362237
1891	28.365351607916335
1892	21.588611085541807
1893	20.502343007413
1894	16.68461264734894
1895	28.402783894421933
1896	16.095873914803757
1897	23.614501536898118
1898	21.14420724362135
1899	20.9213049809138
1900	23.689116824023507
1901	22.964241449953988
1902	20.345862535949816
1903	23.818184969621583
1904	23.722578826365254
1905	23.410853642268457
1906	22.056293160380466
1907	20.825755850847077
1908	23.979185149052434
1909	21.978567622197595
1910	21.297312587829463
1911	25.70421843104806
1912	20.7503761975899
1913	21.254915470327955
1914	19.971259189480595
1915	23.984095195022782
1916	20.598327246073087
1917	22.437274756765937
1918	24.784770786647865
1919	25.876660367561747
1920	21.833133474851703
1921	21.877915504135725
1922	26.462449384821902
1923	19.352077640216233
1924	19.02371879683838
1925	19.810581691059454
1926	21.393275559989963
1927	22.02450923662677
1928	17.359274704369124
1929	19.136314622990756
1930	25.274232428103428
1931	17.68028219690712
1932	25.6060723622624
1933	16.319390507617726
1934	26.315249445754553
1935	18.330549480450443
1936	26.431399142565418
1937	22.07010407945462
1938	40.86069082011779
1939	19.725089740329643
1940	23.83306011242389
1941	18.484448659507073
1942	23.685243947359805
1943	22.294958296420546
1944	29.229703074092555
1945	20.5446466082565
1946	20.908084398128594
1947	25.497801932544018
1948	20.146942297731275
1949	19.84246215542468
1950	23.347415276289244
1951	16.604041540191975
1952	21.547336085233837
1953	23.966003247638582
1954	25.59745900856564
1955	20.37409474337897
1956	34.88644776387082
1957	24.971921896754512
1958	19.20375357005105
1959	20.658725331597296
1960	22.68996261353459
1961	21.87800382661813
1962	24.30094482226233
1963	28.39252960310461
1964	25.142547542041395
1965	22.14274298922828
1966	18.549746227841823
1967	25.354248741777106
1968	29.043424154242054
1969	20.768628025794744
1970	20.250717427745258
1971	20.583273254796573
1972	23.207469739973583
1973	15.835078102978075
1974	22.64495989233095
1975	21.375008022450828
1976	18.598526094261725
1977	24.625464241711818
1978	28.698367274190275
1979	21.457489571646757
1980	20.994539276502717
1981	23.551713851058768
1982	20.841837946646564
1983	23.170856811332744
1984	20.54706931166661
1985	24.214715713048996
1986	22.54729544030461
1987	22.591592905286234
1988	25.780211615167854
1989	21.37806206332607
1990	23.257430189681838
1991	24.258159799810528
1992	21.08325227291789
1993	18.348494078757774
1994	22.555011295224922
1995	20.78911548923861
1996	21.901421039090067
1997	21.27481963815573
1998	25.587038654993094
1999	24.15708744864535
2000	17.19708523663899
2001	23.404259112696057
2002	22.079975203997865
2003	26.742805685425576
2004	19.420884593701686
