6	12.199240054755604
7	13.917034378761162
8	14.07877058174449
9	12.605405436174014
10	13.820858127234661
11	10.94929090793802
12	12.08357190920986
13	13.438992940423113
14	14.305243348129807
15	13.02085712640354
16	13.877756901674699
17	12.120613307432091
18	13.886452099717312
19	13.618373368532144
20	13.791247634599358
21	13.309529260689743
22	12.741399622554601
23	13.797459142471567
24	12.786619348466653
25	14.206131625003385
26	12.753615523904731
27	10.733864278749817
28	14.62742051974911
29	14.190971694005658
30	14.462671677463534
31	11.710031396925299
32	14.132384776700963
33	14.340329247477106
34	13.034659750244584
35	13.042889911395083
36	13.254876099042058
37	13.528493091807745
38	15.412888116216957
39	13.854365534105359
40	13.34839117741549
41	14.53812279506683
42	12.99825850396485
43	13.87440961763862
44	14.552245413086215
45	13.487534459022093
46	14.033290976011825
47	12.839129994815616
48	13.967431862552306
49	12.99280552592781
50	14.745363826328559
51	12.654876936732762
52	13.13078028024635
53	15.081050221472651
54	12.788162700781758
55	13.604891739580413
56	12.343436210364382
57	13.26839252693147
58	13.417110385615766
59	13.13993025231839
60	13.15592095576745
61	12.630418983529275
62	13.56584356397463
63	13.424089668331897
64	13.854617753782804
65	11.651994897109569
66	12.489841198126461
67	13.826909101121435
68	12.78795687682281
69	13.560470440304154
70	12.812887877282698
71	12.565766716176624
72	14.687314311593244
73	13.306784315950294
74	12.002847015511978
75	14.71040373187287
76	12.772977141449214
77	13.91116409138633
78	14.128175289297005
79	14.564414279446282
80	13.165197527324292
81	14.092864522990144
82	14.199143324680932
83	12.84134061338195
84	13.923087909112231
85	12.740732274764156
86	15.005955556528352
87	14.212374505209805
88	12.230770243063853
89	14.55339195563426
90	12.974658690203984
91	13.577933313587305
92	13.936708746234737
93	12.277242387171711
94	13.795182130799125
95	11.398604492057487
96	13.92427443174839
97	13.426557792131563
98	14.827707547902483
99	12.187244652600688
100	12.829802926997004
101	14.918452525100127
102	16.219581740914474
103	13.249872244460928
104	13.665439744352625
105	13.549162580979033
106	12.127254564430471
107	12.472435820006163
108	14.200710018219139
109	12.293512393695568
110	13.71112237958785
111	14.217048364226684
112	14.906396035508502
113	10.859509635466274
114	12.14474338628301
115	14.153308964766856
116	13.211157161585657
117	11.382040667784443
118	14.237434281000843
119	13.292378094158407
120	12.70612885785194
121	14.499146064873841
122	12.77946833924873
123	13.443001761396177
124	12.150056376501592
125	13.092806628219932
126	16.131346244936342
127	12.528925075659313
128	14.145477794914813
129	13.726890999318256
130	13.273671685993051
131	13.207493640752213
132	13.630125994871452
133	13.140269998654796
134	15.219233542611704
135	14.98037916053519
136	14.168689038208855
137	14.181435527115797
138	13.208144043920598
139	13.21514853269198
140	13.4260090219184
141	12.648474563877711
142	14.031274081061449
143	13.449313923707173
144	13.685726983876775
145	13.742728769764653
146	13.163371417144198
147	14.271027774801608
148	13.968174483259487
149	12.920109803161072
150	12.136490201203815
151	14.016043261907882
152	13.432163235998939
153	13.281502735915858
154	13.237967947770677
155	12.99215300063996
156	15.069788069886476
157	13.676694671606674
158	13.947447698899897
159	12.83047951290659
160	15.087503702663872
161	13.301712406097025
162	14.761101247289666
163	12.909027234012273
164	14.01942822844254
165	15.090944565187312
166	14.504174123309927
167	14.615381037964777
168	13.437691203728718
169	12.98795729944998
170	13.330204550889109
171	12.43701409677548
172	13.624959293517371
173	12.175582736947621
174	12.572020042761569
175	14.829874721816832
176	13.854219266172278
177	14.211081258203947
178	13.060131742935887
179	12.687139990841189
180	12.699181236359829
181	12.50459019466611
182	12.815669528727213
183	13.9720672901839
184	13.185317052064459
185	13.194142531671819
186	13.895866382522778
187	13.48309379731072
188	14.81802913373567
189	14.278814196574213
190	13.95936792800981
191	11.954256999296195
192	15.666861774023467
193	12.938262074222894
194	13.926962605277703
195	12.21662589268563
196	14.427766356184813
197	13.027125794569598
198	13.010243217716198
199	13.879390692115217
200	14.573660390920002
201	13.656555124146086
202	13.174945455916912
203	12.657938843986981
204	12.685372580807247
205	13.7266857175257
206	13.121811188733842
207	13.949526648887339
208	11.293095203920947
209	14.32295402876782
210	12.46710615672114
211	13.336526470218754
212	12.895442778423003
213	12.153292689905356
214	13.336755876425327
215	12.343598634512677
216	12.80560887369793
217	14.090158274511497
218	13.861502867881134
219	12.75156150924613
220	13.736022636337605
221	14.561082855488786
222	13.048336283156459
223	12.916375243079484
224	13.692804395646862
225	13.556043668977729
226	14.621702485294803
227	14.560083665997187
228	13.797102910013956
229	12.756489728274385
230	13.142558127497933
231	12.339294198547371
232	13.61966635302997
233	13.33585814708758
234	12.718006177594539
235	13.093760833644353
236	13.035876077381007
237	11.678605381429392
238	14.43055304428699
239	15.342714099195735
240	13.352645249026466
241	14.55939666443386
242	15.281462571488062
243	13.63818560127795
244	14.281124128636506
245	13.993057881853579
246	13.555346532077834
247	14.21307141608122
248	13.405901738217848
249	12.544632606519587
250	13.476525340587873
251	14.792167256127868
252	14.165734064708985
253	14.899536071870363
254	12.68417871152731
255	14.058237026672048
256	13.01698091718572
257	13.818932948005937
258	14.184264638092282
259	12.349208380864834
260	13.609930074703394
261	13.589528610394085
262	12.565648606260462
263	13.695276132185827
264	14.659066711873294
265	13.10164177047229
266	13.790901407243645
267	11.484626286617665
268	14.05065227702855
269	13.794223166992223
270	14.146574510174105
271	14.079340116272375
272	14.101225157052491
273	14.427892530673489
274	13.599036930764019
275	13.450186893196642
276	13.181792251779665
277	12.76567276483577
278	14.749344043381166
279	11.65920780353046
280	12.33485975955721
281	12.56006414344644
282	14.13428272670245
283	14.539856817830735
284	13.979379168684737
285	15.213805523300543
286	13.579436567156149
287	15.467957008478106
288	14.340991184920165
289	14.039591694921754
290	13.600085189617987
291	12.908666200682017
292	14.279241965704834
293	12.659028532724026
294	12.092490287175073
295	13.974655591675806
296	13.329995914901616
297	13.477548480316976
298	14.290689150242251
299	13.090010161858075
300	13.172842831119091
301	12.323636146263242
302	14.393676553540336
303	13.431812589243425
304	14.453883324210715
305	13.926110924365615
306	13.13714879219311
307	11.47539551908985
308	13.02573181151529
309	13.330203055259085
310	13.893180300501273
311	12.45157998757689
312	13.654673332201966
313	13.609432304028555
314	13.171668964384553
315	12.051282319068143
316	13.075442629180108
317	12.755047902995294
318	15.876606151302386
319	13.327370513836252
320	14.231051351780096
321	13.413338993296353
322	13.963589926656258
323	15.150826632315459
324	13.870082154210797
325	13.99257991449603
326	12.651717866437789
327	12.231588491902002
328	14.081921860233976
329	14.092987772144584
330	12.770893136870734
331	14.131661805209848
332	13.053337708503628
333	13.302969743561869
334	12.303748713386979
335	14.083397492730985
336	13.61278247301137
337	11.539922992899191
338	14.204767926241567
339	15.512154214455222
340	13.385397557342385
341	13.945983644322647
342	13.654440305440646
343	13.148939264958715
344	13.243759287011457
345	14.859721763363341
346	14.165774958622642
347	13.705275114701076
348	13.644066592621675
349	13.541390021382464
350	13.809767083542493
351	13.876808050397381
352	14.176647925790233
353	14.029324034138376
354	12.61639053272509
355	13.493401165550855
356	11.51700293600804
357	15.10074404622249
358	13.45976973368254
359	12.938957734066728
360	13.982022098083574
361	13.525592866324176
362	12.963913179296751
363	12.568971596599225
364	14.204700794940278
365	14.641205805112675
366	13.820340801195782
367	12.922585872889144
368	12.95605173284555
369	14.857349029731267
370	13.859644084019893
371	14.583691114873195
372	13.491005145056272
373	12.979636169723346
374	14.086174933123402
375	13.496914718485236
376	14.57959840984489
377	13.139037991657485
378	11.00285497877066
379	14.463281968190131
380	15.22554221791528
381	14.013098100372273
382	12.10552832995868
383	13.48492685674354
384	11.255717077666693
385	12.88439311688584
386	15.520176749713054
387	13.35550204029403
388	13.956695369661183
389	14.116385498133775
390	14.044925174181117
391	12.767328690537116
392	14.926395962024351
393	12.689688975203278
394	13.083046283439192
395	13.554599129058456
396	14.266622159612222
397	14.384414656353265
398	10.688305512041003
399	13.623580870853635
400	13.620349600194228
401	13.344267829396024
402	13.740731804813736
403	12.729963227116386
404	13.730473620277412
405	12.290267854693747
406	12.287499256987598
407	14.727491169329204
408	12.839859203053791
409	13.561493980329033
410	14.527478551846974
411	16.342049227161525
412	13.851631884340158
413	12.805862291704845
414	13.569892524320393
415	14.071834573919963
416	12.76483283029008
417	14.671361910553449
418	13.013996768423105
419	13.123927569047037
420	13.929641647432517
421	13.341454306995729
422	12.848287979208923
423	14.867862738874955
424	14.725123798398272
425	12.75871552437026
426	13.567988936651213
427	11.887621500230475
428	14.124712620877466
429	14.209704945895444
430	13.500533093036092
431	12.91501065188398
432	15.188247871237792
433	12.926023539689824
434	13.513606731427643
435	13.320986468772707
436	15.267504517601083
437	14.183178519357815
438	12.536939883940713
439	14.781877374242868
440	12.911986954792784
441	13.23841971388388
442	14.177574074871183
443	12.36968643196742
444	13.157110219775985
445	13.513914310662765
446	14.420272722536797
447	12.261879942335767
448	13.08807993752341
449	14.287892442399741
450	12.983882201886829
451	13.555713125730328
452	12.318200802394381
453	13.510664690188909
454	14.257941464140517
455	13.920043834939735
456	14.255757084490378
457	14.135253062324963
458	11.920426299436077
459	11.760791466811666
460	14.906569053006283
461	13.182504800515987
462	14.111533270394595
463	14.154432633881763
464	12.052106625420139
465	14.046964448367778
466	13.461969279485492
467	11.934054922903835
468	13.815514165923675
469	10.666194453651476
470	13.105973753521685
471	14.386224630443653
472	13.867699259484652
473	13.795221075484005
474	13.63560219999012
475	13.575616997492034
476	12.562627071044131
477	12.825096166041394
478	12.550502989968258
479	14.828883019817079
480	14.862696352285816
481	13.317623251825449
482	11.822929820729136
483	14.031866284358426
484	12.241077438866162
485	15.783930146612693
486	14.679418777352037
487	14.426554253020747
488	13.519989528014978
489	12.927472044632305
490	12.930451508549352
491	13.049369571023552
492	14.486263266708292
493	13.017331461986624
494	14.283276978088216
495	12.267482761628344
496	14.373595217487132
497	14.35995673033176
498	12.33219377109815
499	14.64221719083214
500	13.731122605436292
501	14.142045153164988
502	13.006085285752828
503	11.732148901446354
504	13.240004367701323
505	14.323924861945914
506	12.614909310027276
507	15.166637452187473
508	12.803998576864128
509	14.715101677603759
510	13.794376177197167
511	13.539662930907612
512	14.065378447017428
513	13.982168577914798
514	14.271029247582192
515	14.292729944829583
516	13.647540936125145
517	13.970004979778462
518	12.010797770003604
519	13.336593845965089
520	13.844352861577875
521	15.354782652933899
522	11.612174010402148
523	14.233488884962714
524	15.494015244087477
525	12.511894173048656
526	14.227119972434206
527	13.617224313594246
528	14.310140738479015
529	13.269185250229203
530	12.799170579043944
531	15.089315446365314
532	12.869940359774814
533	14.758210417917157
534	12.649592542002646
535	15.109853464955778
536	13.154878779926802
537	13.573909345280574
538	14.36743494920573
539	13.287987391976639
540	13.012563019247654
541	12.915707659602681
542	13.613251224370309
543	12.328059243421572
544	12.37932315042417
545	13.788670902283313
546	14.998365033960775
547	14.683134101902917
548	13.856811638228733
549	14.83055182316845
550	13.009585331909046
551	12.032500737968283
552	13.20246816035508
553	13.05406363460076
554	15.061570729521918
555	13.151526721216774
556	13.394838091583274
557	14.11705900269436
558	13.867045307112244
559	14.197886053585476
560	12.861195109711245
561	13.90246291209478
562	14.441491230594163
563	14.621702044026224
564	14.17347554319334
565	13.492647223368598
566	12.131898267859459
567	13.4013862622632
568	13.524008364872342
569	13.753000960844492
570	12.3573299104472
571	14.559690552800506
572	13.868667730624573
573	13.564735400824926
574	12.685550415846851
575	14.014512228243328
576	13.259055588966502
577	13.058621790574128
578	13.30486242121193
579	15.860378076634504
580	14.790327820589301
581	14.780297345763538
582	14.634010684031123
583	15.044493513814942
584	13.749730519098383
585	13.73117569383905
586	13.158089126742977
587	12.960915183526595
588	12.73996720592972
589	12.892552114309888
590	12.727682831435231
591	14.570388464651842
592	13.01349891448466
593	14.190136551957242
594	14.081754637759804
595	15.26328439546764
596	14.52977142879732
597	13.353422008053615
598	14.963736382875078
599	11.45283735412305
600	14.368507497779708
601	14.271227726876862
602	14.765011390871312
603	12.779062853031117
604	12.557200853520873
605	12.27822653824975
606	12.529798766682184
607	14.367777130320949
608	12.068138641574587
609	14.552232850203291
610	12.632650902038081
611	14.028308720402865
612	12.761960047600473
613	11.661051466473593
614	13.407729718002624
615	14.545891229298386
616	12.813880593028443
617	14.513180892235445
618	13.891814033335507
619	13.15099352618024
620	11.963008224638493
621	16.047701429156586
622	13.740027032156968
623	13.33644850738494
624	12.94771121672784
625	15.079735914401532
626	12.717435216684692
627	14.96153926959544
628	13.606487012522706
629	13.626406633211191
630	14.314882769526221
631	14.791963227746157
632	12.806528882205194
633	14.895115818453512
634	13.427572550956466
635	12.451376839115891
636	13.723742297090554
637	13.658515147817525
638	11.757883130450596
639	13.56786149378604
640	13.217990684158783
641	13.525473627541537
642	10.906579337548465
643	11.422792424146017
644	13.998368628664648
645	14.195357329907637
646	11.89435641204105
647	13.55460275239117
648	13.900084893139876
649	12.083116065596158
650	13.322800024705767
651	12.575123188135747
652	13.734367178575864
653	12.934380180644466
654	14.242028787625895
655	13.098072997113276
656	15.312281946704553
657	12.115683852377096
658	13.89925913284311
659	13.606781763719795
660	14.407255829003653
661	14.399989868090156
662	14.805465596318754
663	13.430372769704375
664	15.137027060918234
665	12.639932820133922
666	12.746343577568446
667	14.32847437758202
668	13.773651787245825
669	12.44293021621045
670	14.12618237716163
671	13.667048726867911
672	12.926407331267349
673	13.75514032553235
674	13.751878010752037
675	13.329311110736203
676	14.234401597695516
677	11.428739444655665
678	13.734334374353889
679	12.605982656338407
680	13.240954845239564
681	13.628667441724868
682	11.691231872797628
683	12.22073474009837
684	13.95329087977815
685	13.462113397446801
686	13.491662548130584
687	13.509289032598819
688	14.26681349593758
689	14.696485026093232
690	13.38583585974822
691	15.511112651960557
692	13.469366451127556
693	13.619688445111803
694	13.479570801716505
695	12.936009735252743
696	13.583547618398573
697	13.749884574566726
698	12.493216986758444
699	14.657441700724625
700	13.108504145241264
701	14.38196450406152
702	12.365210931455659
703	11.289722089828082
704	13.429679523134837
705	13.010888769791928
706	13.766912009456286
707	13.405704622441986
708	14.034708398618948
709	13.565681737899864
710	13.783541226655837
711	13.610076156205327
712	13.008514508549567
713	14.382801411612613
714	13.327066840324552
715	13.48502832383383
716	12.014994733951012
717	14.12232426746303
718	14.548009870808716
719	13.96745886813086
720	14.697974075159898
721	13.693024149231434
722	12.964995303907772
723	13.783290572449914
724	13.212061677147892
725	13.47541891054425
726	14.107822789338744
727	14.306130595489119
728	14.167934477070137
729	12.342077218798092
730	15.280218031227209
731	14.16619868680062
732	13.424119599085449
733	14.014329457554656
734	13.858904077904299
735	13.56473013765382
736	12.639177617210791
737	13.00384925746053
738	14.609404395892414
739	12.325517040999749
740	13.183670149348472
741	13.243628167183257
742	13.143065303593637
743	14.532480488822943
744	12.7523001378373
745	14.961370220027256
746	14.248953914019513
747	12.664012398093796
748	14.357001417151064
749	12.215850239422602
750	12.902763154106932
751	13.936326609205617
752	12.937696305535772
753	12.903349917091887
754	12.612077185821432
755	14.216400426747795
756	12.626477180002913
757	13.678841120289626
758	13.51663910430905
759	13.652337148962292
760	12.683730878317926
761	12.89064550078668
762	14.688562756894887
763	12.910891740818661
764	14.711709498978136
765	12.907727870447358
766	14.213946375451812
767	13.070160255969002
768	13.39989619669191
769	13.033065793310435
770	12.006510284102161
771	13.455839654440114
772	11.989544097921767
773	14.976929123820145
774	14.036702428147958
775	13.947482671232358
776	12.639881538716145
777	13.036066321319044
778	13.2097730975142
779	13.480320192001527
780	12.78440198143794
781	14.168473979495554
782	13.820665456563852
783	13.947818631405134
784	12.32116190555098
785	13.958177482663555
786	15.16222896116007
787	13.565249190316536
788	14.232264690747252
789	12.727133862387458
790	12.889738059384603
791	11.488877234728681
792	12.809031097020315
793	12.793102661846206
794	13.317986074090005
795	12.79093190358486
796	13.196594071785084
797	15.015166444341512
798	12.48196071995823
799	13.79410932552165
800	14.097233774171293
801	13.543067011341023
802	12.764794429547566
803	13.99313927742769
804	14.268465469113718
805	14.044265349051178
806	12.326514168134722
807	14.770920276551301
808	12.599349018396987
809	15.026911221994823
810	12.402033305211392
811	14.305679288894718
812	13.091784755086106
813	12.981205454751407
814	13.364833766427285
815	12.162472134823805
816	12.617749828419232
817	13.16280670983596
818	12.764437671779339
819	14.739942314691293
820	14.634497001322286
821	12.912891140785359
822	14.333733585962802
823	14.042906409738443
824	14.882856433271497
825	14.187978646912546
826	14.717375548188027
827	13.241915050619083
828	13.43283967856461
829	15.43553751169271
830	14.023767405947169
831	12.712038069876144
832	12.919291135592623
833	12.729522373813337
834	13.790123982029467
835	13.289761060323471
836	14.277742922334284
837	13.46389882316968
838	12.854731271598945
839	13.011198635316557
840	15.118040774327387
841	12.560386774381827
842	13.958760264127825
843	14.786444260126963
844	15.836485093933122
845	14.877620675743614
846	13.355563262920791
847	15.59390783528423
848	12.912080731631967
849	14.044006970662545
850	13.485599477591817
851	12.478359992049324
852	11.4786913559032
853	14.496179531099473
854	14.11021027337974
855	12.924151512311905
856	14.723166870832626
857	13.86441551480146
858	15.994655570772935
859	13.239856378717432
860	13.206712445267476
861	14.37726937396781
862	13.60235653504377
863	13.370044746162739
864	13.48851721843484
865	12.58991793284116
866	13.864386664562565
867	13.51514221925225
868	13.592596513631923
869	12.192617660066496
870	13.813003109760642
871	12.945649027970383
872	13.75226535728143
873	13.550634486748585
874	13.396100986785152
875	13.321639878306488
876	14.378967654962953
877	13.050159560208808
878	14.29217431774803
879	12.637559442101047
880	13.363004834481305
881	15.627313822820616
882	12.500641373350502
883	15.131141131924352
884	12.78781781910428
885	13.771919388655464
886	14.646681149668225
887	14.315360983224569
888	12.90506170215159
889	13.964908059425717
890	13.02587800038477
891	13.907518949513827
892	11.793939637194853
893	14.60058022643753
894	13.763781542645466
895	13.439857105656605
896	15.655735275765526
897	12.792873065793314
898	13.266624555379773
899	14.79802925344998
900	13.942703392315888
901	12.752313068645197
902	12.46227251539369
903	14.523338080590433
904	13.89960164623335
905	13.485584043676985
906	13.969959571074027
907	13.719026672111564
908	14.554224744255484
909	13.300717190593403
910	13.559393986704738
911	14.398186408862323
912	15.64828290824274
913	16.140135028339312
914	13.305636980649556
915	13.401881472678811
916	13.64376657944612
917	13.966941203533157
918	13.813405128412082
919	12.980836046206864
920	12.035501122843593
921	12.285395411862659
922	13.587845147722254
923	13.155215853202526
924	14.293547645992172
925	12.35304279786845
926	13.213423102962048
927	12.621777596885416
928	13.227206466073591
929	13.998258320361538
930	12.797676025566608
931	15.003740087202356
932	14.574621696809803
933	14.410705178236999
934	12.170835233471735
935	14.835986579057394
936	12.876330824482018
937	13.258140889348947
938	14.621347616988908
939	12.50181768114479
940	13.351383384269866
941	14.161737544145367
942	13.989794169136152
943	13.804052453711703
944	13.617382420125068
945	13.964178407423036
946	12.912356378493964
947	14.892745635137247
948	14.669448639833487
949	14.088168841592656
950	14.24215815019852
951	12.494293611222547
952	13.329870731900593
953	13.251266813801355
954	13.713113763423207
955	11.53452709384594
956	14.759078659717208
957	13.102047852693067
958	13.042693356729366
959	12.91472463124596
960	13.841448972775002
961	12.333785042214979
962	14.692619841469549
963	14.928384074722416
964	12.924554513441713
965	15.037372642248206
966	13.904985024798329
967	13.196408597873075
968	13.471883082838698
969	14.31474829973929
970	13.005616100882115
971	11.856893427750741
972	14.138222475210204
973	13.102663076898482
974	12.228467816064576
975	12.82399952386876
976	13.450452535597991
977	15.246442723115454
978	14.635873912923689
979	14.62342799551178
980	12.31371935469912
981	13.100811482030032
982	12.667081145928837
983	13.891703838919057
984	14.080005655213343
985	13.358021266459374
986	14.512441237304301
987	13.541229861022797
988	13.436544343274324
989	10.985139635861914
990	12.496180633293642
991	15.532938254450878
992	12.169549996503891
993	13.555284523826211
994	12.185778256627204
995	13.322756845123942
996	13.242584152321797
997	14.82202436788129
998	13.989180824756327
999	12.512470863075809
1000	13.217306739974042
1001	13.66332067570544
1002	13.094482456697378
1003	11.360694958632081
1004	13.273391112408103
1005	12.949667107202592
1006	13.57387830390114
1007	14.321732566795765
1008	13.54188119741674
1009	14.121777836514253
1010	12.501614902417739
1011	12.55940442534403
1012	12.610309796354382
1013	14.607793515625174
1014	13.64572836433984
1015	14.040063461506858
1016	12.084358699900312
1017	12.710123412341524
1018	11.77398405444636
1019	12.66302545663036
1020	13.99585456972763
1021	14.857892285971545
1022	12.598065465444787
1023	10.854737133337252
1024	12.953599501261488
1025	14.42966933658573
1026	14.051479514996846
1027	13.708187122336918
1028	13.82889764809981
1029	11.759493113344433
1030	14.272383564601187
1031	15.090837808497085
1032	13.514753307420106
1033	13.547366390501569
1034	14.230498609463831
1035	13.614809052274925
1036	13.848161164433696
1037	15.142186160341225
1038	14.551914060191484
1039	13.891295096007966
1040	14.060086996874757
1041	13.793868088971495
1042	13.12309064415506
1043	13.620770480151155
1044	14.85028094351421
1045	13.303214959753047
1046	13.697649275659419
1047	12.705939628323124
1048	11.892411439996888
1049	12.314861460227583
1050	13.719918140621726
1051	14.162717517811615
1052	14.071806280364228
1053	12.722582656702754
1054	12.642015801821934
1055	12.311615187671064
1056	14.57639010612958
1057	12.282664863379594
1058	13.924906981243701
1059	15.556111192717118
1060	12.619444042905235
1061	14.625796196929349
1062	13.97046535123117
1063	13.47076226455263
1064	14.762384298608415
1065	15.703786541436758
1066	14.87468448881073
1067	12.658106468815822
1068	13.159030057650558
1069	15.160348893156932
1070	14.027051351524399
1071	13.239161578919413
1072	13.877659800575085
1073	14.122155989319841
1074	12.24224642728565
1075	12.832687210062808
1076	15.09842363675125
1077	12.100208884978201
1078	13.64315035035612
1079	12.895618142796234
1080	14.263122379078133
1081	12.930296140359914
1082	12.701608315995795
1083	15.264356738720089
1084	13.731225056660314
1085	11.749260140230609
1086	13.817345322752372
1087	13.657697081736002
1088	13.747047281530858
1089	13.587532064603815
1090	13.922374172638612
1091	13.829854466623681
1092	14.21673393513228
1093	15.24760461649652
1094	14.691752320699676
1095	11.605444397095166
1096	12.600712187066502
1097	13.543192390537147
1098	12.273797935790693
1099	14.913978585845701
1100	14.017239628157213
1101	13.52838342760224
1102	14.146593615018402
1103	13.611805897244873
1104	13.351388603748637
1105	13.897927584001552
1106	13.456867960939508
1107	13.985690006558768
1108	14.935449771643556
1109	13.602826744672106
1110	13.251269672422067
1111	14.303475727067472
1112	12.534748910549162
1113	14.195628856368025
1114	14.22499869870288
1115	12.021128143260224
1116	14.893205783063811
1117	14.020833960381534
1118	14.01392173903462
1119	12.540440388216933
1120	12.104192793554363
1121	13.455118218495969
1122	13.663044567010038
1123	13.200385337131312
1124	13.97823605544827
1125	12.999363990371219
1126	13.619121609476407
1127	12.805791692830987
1128	13.66345047106818
1129	13.100962069482707
1130	13.101116971815513
1131	11.942479874395454
1132	14.3847102480037
1133	13.057605684547115
1134	13.045993198584897
1135	13.877412226876315
1136	12.341086467389356
1137	14.843891976788212
1138	12.497813129971277
1139	12.11860964419846
1140	13.18161163554113
1141	13.875228404475564
1142	14.281877555454889
1143	13.421712766270758
1144	14.092635299652573
1145	12.367787409526365
1146	14.426671324088835
1147	14.294047140334442
1148	13.622088512827066
1149	15.94603604586174
1150	14.143767677200959
1151	12.282474104951227
1152	12.003565448856747
1153	13.694552489895406
1154	13.275443434984865
1155	12.953076082623584
1156	14.999880239665902
1157	13.195613652004976
1158	13.224758631175584
1159	15.205024644683968
1160	13.025579394960547
1161	12.63025673010557
1162	13.629681442674393
1163	13.68212474252112
1164	12.622823269824343
1165	14.130849964397688
1166	14.854345529449775
1167	15.052372104736461
1168	13.53080747592994
1169	12.93036546615291
1170	12.442779555360772
1171	13.810309832317712
1172	15.125062629796291
1173	14.363776834856253
1174	11.957188929465817
1175	13.891416766262877
1176	13.861336316313182
1177	13.362328817703943
1178	13.14719091300813
1179	13.982747083041453
1180	13.661191704770317
1181	11.857254649702183
1182	12.438342888891283
1183	12.44401706652211
1184	14.169498340969358
1185	13.3933846076982
1186	11.857278907363634
1187	12.483502867393723
1188	14.870334136816382
1189	14.090201962752165
1190	14.854664984444323
1191	12.929498026837662
1192	12.818984572138723
1193	12.048545463568379
1194	14.220165842471438
1195	14.582850609007531
1196	14.048323880310637
1197	14.172612710257194
1198	14.582124637299588
1199	12.68600110061816
1200	12.454493237442843
1201	14.9234356630701
1202	11.766500196290306
1203	13.642757471336658
1204	12.120802952285825
1205	13.55943029558032
1206	12.184796071725913
1207	13.883561110330588
1208	15.205833577276415
1209	13.800135115749585
1210	12.279611994159987
1211	13.525769838728593
1212	14.05197543801873
1213	12.626184658092903
1214	13.15229953229624
1215	14.1215518239051
1216	13.479552024551548
1217	12.692806859403168
1218	12.235068108431733
1219	14.8873259073589
1220	14.147042540489027
1221	13.673987754659963
1222	13.30145613617626
1223	14.282833370052025
1224	12.249926872199211
1225	12.654926198747766
1226	12.935988039577003
1227	12.118950877443586
1228	13.143727720877601
1229	11.557970827707852
1230	16.47683289160897
1231	13.055094607073618
1232	11.931834314109032
1233	14.431338833027338
1234	13.500604627927144
1235	12.641359468512688
1236	13.548276693727821
1237	11.035595357301645
1238	12.440212608636422
1239	16.396619370143277
1240	15.964420946150966
1241	13.99817293734541
1242	13.176914036005849
1243	13.959892531659884
1244	14.339944488206488
1245	13.708640574736314
1246	13.092309452895279
1247	14.305104345565528
1248	13.92210438940674
1249	13.839289009746594
1250	14.915005830838682
1251	13.641902241357961
1252	14.444379864954888
1253	13.40046049686621
1254	12.206850170706913
1255	13.573592174318893
1256	11.829526740344814
1257	12.047158311586827
1258	12.069860557339142
1259	14.3375750794362
1260	14.03764132880868
1261	13.282475091795455
1262	12.336199222949846
1263	13.193691948362781
1264	12.09208603556423
1265	12.418796647053238
1266	13.420020420926448
1267	13.153753752816497
1268	14.187421316308585
1269	14.822011915725083
1270	13.256361546415109
1271	14.663042517790366
1272	14.082868085496806
1273	12.097771045248544
1274	13.671332747625586
1275	12.262426289702201
1276	13.173772444630721
1277	12.473473678015068
1278	14.07479458001158
1279	14.227262915560278
1280	14.378803043834385
1281	13.391771372246119
1282	13.78209786079048
1283	13.620376471872104
1284	13.533854715815954
1285	13.252547025407798
1286	12.583686272873926
1287	14.772574801329677
1288	14.768000215253172
1289	13.064578035400762
1290	12.793339741961764
1291	12.005721153028556
1292	13.80328466860755
1293	13.694955188932633
1294	13.078979044008936
1295	15.64043292040309
1296	12.57100399734918
1297	13.706964907633193
1298	12.351496436120268
1299	12.984735067305525
1300	14.416808395047806
1301	14.949568832220177
1302	11.839753588373119
1303	12.414252520069509
1304	13.487538139452226
1305	13.206555240734849
1306	13.493054469641043
1307	13.37201863681377
1308	13.622690591826622
1309	14.288766096736904
1310	13.907114724582573
1311	14.500838501358936
1312	13.692851350533173
1313	14.891195020369054
1314	11.093705936560347
1315	11.209769666570713
1316	14.637814691568742
1317	13.438304892898305
1318	14.515638560894876
1319	13.668719881730608
1320	14.148694623877722
1321	13.871422776385947
1322	11.736359728503828
1323	12.92844163490295
1324	11.589243379398576
1325	12.849757608538493
1326	13.724381742803546
1327	12.35947121018932
1328	13.891706844290288
1329	12.647100741882515
1330	14.699352109668633
1331	13.310227880780788
1332	13.108472302053258
1333	13.325854525333412
1334	13.189475621290816
1335	11.829610032874992
1336	12.817049108088638
1337	14.337465754673616
1338	13.224083748157136
1339	13.855326611469959
1340	14.250531118003918
1341	13.723483005890667
1342	12.211817212966121
1343	13.405065599273168
1344	12.628390673658428
1345	13.59585107153413
1346	13.438115004691644
1347	12.453977300615119
1348	11.979387740153701
1349	13.91882798130578
1350	12.451382387480836
1351	13.29048651747483
1352	13.795264254993159
1353	13.716255788724604
1354	13.256362157395067
1355	16.390435619892454
1356	12.54859353414755
1357	14.848125864413374
1358	14.097875127297206
1359	13.981774506605111
1360	12.749524633283727
1361	14.80144093205432
1362	12.552298043900187
1363	12.718824789517539
1364	13.344335121213632
1365	14.5233385388115
1366	12.956715709705794
1367	11.627417946991045
1368	11.807379526782027
1369	13.408647179894615
1370	14.521232608387926
1371	13.355730410937568
1372	12.117210896184238
1373	13.377860643788674
1374	13.561918027506405
1375	14.004211247566639
1376	12.696264786152309
1377	14.188598492770994
1378	14.324901934181437
1379	14.026535114472997
1380	12.47819318117985
1381	13.79191256918892
1382	14.728715011681503
1383	10.973737565389108
1384	15.517483986148179
1385	13.223357304488994
1386	13.446403271033583
1387	13.388391985428296
1388	13.83904380983397
1389	12.45571590538522
1390	13.254520182648648
1391	13.903719510356831
1392	13.789593179552707
1393	14.73413090806093
1394	12.965188729173933
1395	12.206247452991084
1396	13.203874446457485
1397	14.627957250185213
1398	13.345074145082053
1399	11.698705084638537
1400	13.88767385634128
1401	14.280140887469141
1402	12.242919285349819
1403	12.566040295064576
1404	13.493587239981732
1405	11.924439891506918
1406	13.89880354899739
1407	13.499357664429153
1408	13.970705198258225
1409	15.53545672453092
1410	13.209864471225927
1411	12.353196318254673
1412	11.675009865180106
1413	14.708933468587219
1414	13.348996882875715
1415	15.304413001361672
1416	13.103807083381541
1417	13.070975685779038
1418	14.687954308655135
1419	13.291319933325623
1420	12.602773581485023
1421	13.29696300507859
1422	13.665652289350904
1423	13.814121229757022
1424	12.810597799425768
1425	11.224636521561033
1426	13.160056822059298
1427	13.970831954929357
1428	13.51015143880145
1429	13.749179242601341
1430	12.556912773127099
1431	13.6315040117095
1432	13.812062872033234
1433	15.104232104498447
1434	13.408900579724493
1435	12.827340983419196
1436	12.87935619612159
1437	14.737407882791013
1438	13.757438878867747
1439	16.057735403879114
1440	14.603787586964401
1441	15.160676021153838
1442	13.336054731635901
1443	14.618398743810188
1444	12.784367435898664
1445	12.788968976356324
1446	13.542499353549266
1447	12.66013789904321
1448	14.98486678934488
1449	12.59336570340469
1450	14.065294492112505
1451	13.177148643282708
1452	14.22959082333219
1453	14.175549926552776
1454	12.254757187818177
1455	12.795473438346574
1456	13.068005767700091
1457	14.746902343366177
1458	11.461745612168064
1459	14.642757785595798
1460	12.49117244665562
1461	14.775603790980918
1462	13.459561432172594
1463	13.062461046231261
1464	14.889298351040404
1465	13.357193980916655
1466	13.448633868883396
1467	13.532613244477826
1468	12.331838029939847
1469	13.750155592238082
1470	13.489734784885451
1471	15.099121955083683
1472	13.594825519506
1473	13.635426922780002
1474	12.171427335207616
1475	12.337130587510464
1476	13.003589773725253
1477	13.236125118606605
1478	13.135437570626234
1479	12.996990292164911
1480	13.349064659955541
1481	13.893994721495325
1482	13.984843290414883
1483	12.722641325897477
1484	13.442657056799227
1485	13.690705563389482
1486	15.465290152167558
1487	12.72499460810088
1488	13.372562626358487
1489	13.546407382910633
1490	14.163525832526677
1491	14.248285107001928
1492	14.20015364669224
1493	14.110068367938672
1494	14.191214418057353
1495	15.308804593086746
1496	12.369107013049705
1497	15.361156153602753
1498	13.688025813687489
1499	14.451209514800992
1500	13.857796729319288
1501	12.66415584771204
1502	13.559027905870202
1503	13.75236855651666
1504	14.480367806211977
1505	12.406407640310048
1506	12.876634300989805
1507	13.453242952772417
1508	14.211097669674928
1509	13.723328105832353
1510	12.097678986469377
1511	14.332245679709956
1512	12.892799909853737
1513	13.428436130939103
1514	13.413983248009506
1515	12.05078514481155
1516	13.800635089906041
1517	14.33918952035489
1518	14.756814646191502
1519	11.73337955459168
1520	14.832158061579081
1521	12.493605477405557
1522	14.611468633897763
1523	13.050641348821642
1524	10.818322229857973
1525	14.475665144439942
1526	13.848235234388635
1527	14.761850012895016
1528	15.540074118668818
1529	9.718457073624228
1530	13.498142922465275
1531	14.989902368528888
1532	13.305482552724023
1533	13.806854295727264
1534	13.76642975461505
1535	13.137944814987572
1536	13.424535367922443
1537	13.489493654677418
1538	13.431034446884997
1539	14.321775585572833
1540	13.076267903637875
1541	13.179663697490469
1542	14.931832100919811
1543	13.681641897359253
1544	14.371597549670303
1545	13.479724419730626
1546	14.616790520619265
1547	13.785567751241615
1548	13.384185323267177
1549	13.433587408866375
1550	12.323004732708796
1551	12.632554142459412
1552	12.899783745694618
1553	14.317267628233438
1554	15.6444571014484
1555	13.263491927743564
1556	13.368231228529803
1557	12.831808463115955
1558	14.198375085499137
1559	15.416705707834229
1560	13.361181553417135
1561	13.94087785745123
1562	13.160604086323191
1563	13.584654380355985
1564	14.339667040711412
1565	15.032211943586566
1566	13.449211360991631
1567	13.268913611198183
1568	14.274572163803636
1569	13.179878046230996
1570	13.232020679008688
1571	14.049959809106605
1572	15.089917568813284
1573	15.562875510794168
1574	12.613171299419331
1575	14.806450503975308
1576	13.210891250915573
1577	12.658444926421433
1578	12.454590277936386
1579	12.487848556962012
1580	13.434012624143312
1581	12.956056693961965
1582	13.543286063971046
1583	13.756120248012142
1584	12.602276023132381
1585	15.43094792987382
1586	14.880519705797559
1587	13.570590145246584
1588	13.418542415749782
1589	13.635283739640522
1590	12.320148272321783
1591	12.588094122493965
1592	13.782285376409577
1593	12.710439168434176
1594	12.091376671988446
1595	14.660274534911286
1596	13.163816334820734
1597	13.451966001573107
1598	13.514941239168763
1599	13.93670012059182
1600	14.10657360668235
1601	12.614397209896707
1602	13.653007113967712
1603	13.874521977854075
1604	15.002795170944106
1605	14.055708709152531
1606	13.011383858303397
1607	13.580701229549557
1608	12.590265889867783
1609	14.777889522986317
1610	12.193407930902644
1611	13.687953615453337
1612	14.10053137548041
1613	13.13501989587842
1614	12.519293207869735
1615	14.798341461021694
1616	12.194856388915381
1617	14.728350507061105
1618	13.247721607504886
1619	13.37693136444805
1620	13.699442791154384
1621	12.68684502071119
1622	14.112859240655476
1623	12.53905461924623
1624	14.046306054518936
1625	11.273618800238529
1626	13.502693270211282
1627	12.763066005639054
1628	14.227881693467499
1629	14.235172300927973
1630	12.773198081335673
1631	13.587795335947334
1632	13.330494206923518
1633	11.638201343037913
1634	13.256694214996498
1635	15.902868349551378
1636	14.74621336914103
1637	13.691182584954348
1638	14.098025427918124
1639	12.437162019140622
1640	15.515356538113734
1641	13.474765489946911
1642	12.248432697532033
1643	14.252752804815085
1644	13.353597704556716
1645	13.48101224810151
1646	14.212340802499433
1647	15.01917039578095
1648	13.965551285738911
1649	12.573897734090375
1650	13.059098149299246
1651	13.54958504921912
1652	14.923637113718364
1653	12.366914745944086
1654	13.30928318300635
1655	12.648267990661418
1656	14.483469901204279
1657	13.587170531859304
1658	13.399492593924725
1659	13.639707492736823
1660	13.447569979847396
1661	13.154471937357448
1662	14.248602764394422
1663	13.505559931929124
1664	13.837009709285097
1665	15.606864224286687
1666	11.96838529528216
1667	14.945426306262943
1668	14.14334099171155
1669	13.78151319327139
1670	12.965055625837218
1671	13.29860677677315
1672	13.425238269286368
1673	14.65752370223137
1674	13.543088793129261
1675	12.950392341777002
1676	11.99833716595637
1677	12.048960605386034
1678	13.62078158789399
1679	13.616161825689709
1680	12.189387654894604
1681	14.232021412592648
1682	13.964954718600282
1683	15.441373675806268
1684	12.789447085022488
1685	14.612836033759757
1686	12.940309495829098
1687	13.286363818961513
1688	12.975672634642162
1689	14.887603460329633
1690	13.290353824377235
1691	14.544666897285627
1692	13.539518451686794
1693	13.357966317711702
1694	15.05394058697857
1695	13.543836259223994
1696	12.377009669792578
1697	12.447909175040346
1698	13.103086067001438
1699	14.42028977322609
1700	15.303104240185348
1701	13.387227998160187
1702	14.3689198458818
1703	13.897815455506999
1704	13.601621946378922
1705	12.373054433552575
1706	14.721676209025969
1707	13.091066821728853
1708	13.894414564959929
1709	12.247862777920322
1710	13.663518805448648
1711	11.473719634497956
1712	11.692354626813904
1713	13.776624305620013
1714	13.187204518388107
1715	13.25453239053022
1716	13.189316949827896
1717	11.871587847045934
1718	13.405578296656344
1719	12.618053620267691
1720	12.400339412830746
1721	13.62689270276474
1722	12.341859334252408
1723	11.632669002600167
1724	13.627939261370697
1725	13.218234943175574
1726	15.35243277265267
1727	13.076390536128736
1728	14.880418958669832
1729	13.291956261251098
1730	12.871898607276972
1731	12.783128430874786
1732	13.623655300180783
1733	14.620901949082812
1734	13.256418005958425
1735	11.715082242801145
1736	13.194973169999773
1737	14.147212472245831
1738	12.672886977592011
1739	12.113556792306989
1740	13.101378318106365
1741	13.374336410995706
1742	15.667353309661229
1743	14.014179757097736
1744	13.98922920202926
1745	15.439224287908038
1746	13.710658009975958
1747	13.70826363248052
1748	11.060943374419402
1749	14.05308967738484
1750	12.962339651432732
1751	14.721359506050202
1752	13.155659414155618
1753	13.427862377129967
1754	12.534014931170358
1755	13.451349541969922
1756	12.452370841878777
1757	14.093363886481981
1758	12.794746554683435
1759	12.950250349063426
1760	13.759885615140702
1761	12.669992309747428
1762	13.943134682914076
1763	14.857461090019735
1764	12.017751233929413
1765	11.216912644043521
1766	11.854298081679735
1767	14.693141952527055
1768	14.193433190050806
1769	12.086284983757215
1770	12.477373798425857
1771	13.150870259273022
1772	14.244890237841755
1773	13.656885283680943
1774	12.153511350575867
1775	14.417835497542935
1776	12.417214805808888
1777	14.078183881822042
1778	13.812224718610281
1779	15.632861006062011
1780	12.412428380628567
1781	12.981572692347017
1782	11.371351902324811
1783	13.237974373933062
1784	13.021528871513535
1785	13.852723401185928
1786	14.188926865923262
1787	14.329971806844696
1788	14.599877161796876
1789	11.575959864268079
1790	13.482593911899519
1791	13.550648569814403
1792	13.68307512398468
1793	12.117680918093715
1794	12.363175318159987
1795	14.069366123596584
1796	13.636429562590395
1797	12.313122809446964
1798	13.048516472808034
1799	12.463897242789898
1800	12.774097801897572
1801	14.980957990211934
1802	13.488622832187438
1803	12.85305536036347
1804	12.859729466154166
1805	14.137972166337326
1806	13.618637057746618
1807	13.665350875199342
1808	14.413009288854449
1809	12.319640822754467
1810	15.562536057452153
1811	13.26224881453034
1812	12.384945045136782
1813	12.39824595540226
1814	15.242417325904226
1815	13.091876795695333
1816	14.067676791505267
1817	13.897384465547463
1818	13.437373007491365
1819	15.024980591981908
1820	13.844239642464423
1821	13.311902367311422
1822	12.82444059561965
1823	13.306388311391135
1824	13.77762194070383
1825	14.868728822161701
1826	12.636049365378259
1827	13.990092039217181
1828	13.286196736249304
1829	13.93821492125114
1830	12.985355041177872
1831	13.83710320198527
1832	13.06685726816854
1833	15.089225742728354
1834	11.848036010069626
1835	14.759787706027348
1836	13.882043957342786
1837	13.618436115729654
1838	13.307358228731466
1839	13.321556086360943
1840	13.7623908665328
1841	13.307110868460343
1842	14.925346067753818
1843	13.173712615951752
1844	12.483741759116619
1845	14.408266596376851
1846	12.765641415836411
1847	12.399692308188726
1848	14.543121557902998
1849	14.186185588979592
1850	12.969305934686162
1851	14.680500117505378
1852	13.898866211899856
1853	12.718644965444346
1854	14.191645212141642
1855	13.553412471331754
1856	12.13482366525568
1857	14.126834132741156
1858	15.335431677984324
1859	11.508506407146342
1860	14.151936081910996
1861	14.174693199539822
1862	13.047029392994368
1863	14.357047865222697
1864	13.508555750540914
1865	14.14557273070594
1866	12.373043246144478
1867	13.883211105467474
1868	11.419993694128108
1869	11.522936287423363
1870	13.265916125195172
1871	12.751134377382524
1872	12.077104567402245
1873	14.736253119138695
1874	14.148942386174374
1875	13.23605900842768
1876	13.560207392159624
1877	12.764818240911243
1878	13.231873480643845
1879	12.511742830867329
1880	11.871676065676313
1881	13.186328940085051
1882	12.584443150238846
1883	14.920835953623216
1884	13.008574711150843
1885	11.864938144610884
1886	13.050689368499802
1887	12.829055509857426
1888	13.330430708868706
1889	14.153462358989055
1890	13.004869720604667
1891	13.439720715939378
1892	13.287235893445603
1893	12.76896257732167
1894	12.908069342302543
1895	14.0788870445997
1896	12.916520082349168
1897	11.953895740227066
1898	15.76596229419444
1899	13.5769797947542
1900	14.99662152637029
1901	14.539767758547521
1902	13.14166496385495
1903	14.176417590543029
1904	13.812517182370254
1905	13.238774142185735
1906	12.315634741492378
1907	15.111846628287113
1908	12.167613117027727
1909	13.156969360525157
1910	12.117525600018174
1911	12.71085108200881
1912	13.812187513366721
1913	14.958598544648398
1914	14.096598077174006
1915	12.223291112240545
1916	13.968777085076375
1917	14.007498250784241
1918	14.884234588022034
1919	13.284990676320517
1920	13.498630629334627
1921	13.494976739491042
1922	11.764291248505067
1923	13.676335600598168
1924	13.466959845509942
1925	13.415380899018297
1926	13.874682207554278
1927	14.342926019093452
1928	12.272062037140131
1929	13.197535601941953
1930	14.999336949655715
1931	11.875212714726027
1932	13.23366003074818
1933	11.940525238544474
1934	12.013537208388284
1935	13.368537384849333
1936	13.557793298987525
1937	13.081649992788254
1938	13.551768989968753
1939	13.242013494797941
1940	13.872712062139597
1941	12.190422098227764
1942	11.827149147905924
1943	12.708881312777983
1944	12.93035571578926
1945	12.475653308663059
1946	14.448195019285553
1947	13.83289547573908
1948	14.143532080946729
1949	13.3665028386707
1950	14.709436937783574
1951	13.843878367455263
1952	13.404504344765362
1953	12.674869944201044
1954	11.833519616674085
1955	12.080788394840187
1956	12.738150312871827
1957	13.20575446467904
1958	13.658668130532337
1959	13.70294052984255
1960	12.382667905426668
1961	14.4880395929065
1962	12.562351633335503
1963	13.425882257452166
1964	13.36225951265215
1965	14.756918317888415
1966	13.489721657887069
1967	13.583140579185315
1968	13.40388507630125
1969	14.246995658836147
1970	14.032847942118051
1971	14.435421888101606
1972	11.807355549241251
1973	12.053245979187851
1974	14.233002810714655
1975	13.253340992339266
1976	13.628794421299151
1977	15.079903468077715
1978	12.663545814055475
1979	12.64032501854174
1980	15.609187598059002
1981	13.513592815910028
1982	12.043810691243149
1983	9.350503434331563
1984	15.115165081183502
1985	12.754937590862392
1986	13.079678322375653
1987	13.02264329772377
1988	13.894533110930976
1989	13.57009570384575
1990	13.860415899013686
1991	14.072136973324435
1992	13.899763590516523
1993	13.32904169978186
1994	13.081541887668305
1995	14.263484369851557
1996	13.29815010151392
1997	11.531663308183298
1998	13.732687057495252
1999	14.284636218078345
2000	14.741520215274699
2001	12.850472036440268
2002	12.737462585863586
2003	14.64044318938676
2004	15.72872318098908
