6	6.424268316946472
7	5.773102270183959
8	6.7052391555785755
9	6.044902399843912
10	4.906829386376818
11	5.5041355720652065
12	5.492820962239193
13	6.375893744884524
14	6.267666335526623
15	6.341252773025492
16	6.7851518121675936
17	6.2459859472483
18	6.253711231268123
19	5.626991475580078
20	5.608178531689191
21	6.219758518785056
22	6.145887870447647
23	6.025535910578453
24	5.968193978946601
25	6.552276612257368
26	6.1579929884948275
27	5.404860013183174
28	6.6080753928290505
29	6.3413315073739795
30	6.307236610745248
31	6.242681249814471
32	5.274930096235039
33	5.455982411123322
34	6.217806819097314
35	6.030565331378057
36	6.38258523870051
37	6.303226914049966
38	6.283947502122568
39	6.404423028605379
40	6.879589094952583
41	6.549342046036535
42	5.380539729980228
43	6.629173501399886
44	5.091633621148503
45	5.372081698722988
46	4.745416329396903
47	6.601701000086905
48	6.835661639683947
49	6.266298153835669
50	6.169457896056493
51	6.5767878191341875
52	6.559547549101159
53	7.314191531382676
54	6.840764975413752
55	5.592314593335322
56	6.382872534022074
57	5.3595209287559555
58	5.576727506575116
59	6.145027696315083
60	6.303098233453056
61	5.141244756515205
62	5.912242250691634
63	5.388520366381272
64	5.515810680947955
65	5.532917442437403
66	5.553300524066799
67	6.750074998768729
68	5.53556783371702
69	6.237739910664095
70	6.576483458513394
71	5.66629102305742
72	6.023541758621125
73	5.196769697746883
74	5.875589681942074
75	7.4559505952105
76	5.579160144103558
77	5.793227484364252
78	4.46137830176546
79	6.883978947062133
80	6.380366260821272
81	5.583827529547852
82	5.978844512170326
83	6.906138204985837
84	6.231775726757145
85	6.359328385373893
86	6.442576533323518
87	6.456812120959512
88	5.342667311211699
89	5.45283309007209
90	6.465312199327552
91	5.356430929297598
92	5.077946212433744
93	6.115433555085474
94	6.7073390242876485
95	6.226965384452342
96	5.9087600860823715
97	5.428121765264742
98	6.044309110218819
99	5.601478185725033
100	5.050797320815036
101	5.6949193978313515
102	7.589408009398539
103	6.238343434664785
104	6.387155046744738
105	7.309408162269392
106	5.0953032635676205
107	5.9639613949790755
108	6.663900184510567
109	5.57280970908889
110	4.389759164854088
111	5.491033171621633
112	5.940398345084759
113	5.129409602732267
114	4.569714047666639
115	5.8229679786794195
116	6.012298179071513
117	6.466038865366135
118	5.732891935494263
119	6.466616532083468
120	5.558144215513104
121	6.719896747148596
122	6.2169349543899965
123	6.233077001539641
124	6.8474218103531586
125	6.503291233670704
126	6.217036431142333
127	5.484424220010017
128	6.530670846640715
129	6.309027258358482
130	6.323204827900294
131	5.909751179213345
132	5.718852835480357
133	6.179341571796815
134	5.732898281679289
135	5.577484403701964
136	5.077687294060264
137	4.13396733267776
138	5.1443942007483985
139	6.295641316908586
140	5.030430701175646
141	5.587454284474786
142	5.7013011683484365
143	6.614871190415995
144	5.408218087786476
145	6.016157645688509
146	5.43936690762348
147	6.960447376670345
148	6.728976077796688
149	6.562356352814406
150	5.9440828143900335
151	5.6608670882968
152	5.798029698980307
153	5.792999720590887
154	5.616057456308876
155	5.715101018269446
156	6.019156417962222
157	6.761305488267681
158	5.42857796369612
159	4.687350007015214
160	5.570471044038034
161	6.539658374261178
162	6.604149176884675
163	6.543180844319674
164	6.398440293926147
165	6.489061396182349
166	6.062067877829707
167	5.936085005732214
168	6.118702460113647
169	5.68841733455257
170	6.331943744817788
171	5.669047397536425
172	4.600557453406509
173	6.399426631589449
174	5.9832463959631115
175	5.009573566436302
176	6.707039709963802
177	5.510853483740773
178	6.2108498092682565
179	6.309619347336896
180	6.256425341285649
181	5.715266561173069
182	5.529209378088126
183	6.040305851730019
184	5.283803635825669
185	6.171116303674353
186	5.995071769255446
187	6.472997576518537
188	4.785991953615199
189	5.463799680609049
190	6.582224921335
191	7.416048452403629
192	6.485917772457469
193	6.536428593021507
194	5.092083484323666
195	5.118115664651019
196	5.3885165549082945
197	6.633466586882215
198	5.691580239654286
199	5.923949795612965
200	4.829976950650841
201	4.961397046329997
202	5.853434469019703
203	6.753981335891045
204	5.696890256809032
205	5.93681887729742
206	6.010022352042142
207	6.865935309280758
208	4.929539125965675
209	6.709591270258118
210	5.7450578149619105
211	6.358045053988462
212	5.927861689768179
213	5.899576019932283
214	7.086727021681976
215	6.16276431505269
216	5.994907077105988
217	5.778343781151177
218	4.9882731072175375
219	5.353978122967029
220	6.355853832166758
221	4.992844057219502
222	5.50059434365701
223	5.569824790625717
224	6.124720710411202
225	6.626245976086163
226	7.113338109261046
227	7.112191557069309
228	5.65224965041021
229	6.3744157768553125
230	5.976943210803438
231	6.270372942822481
232	6.635411123696637
233	4.998531538294628
234	5.976767695584567
235	6.10586992726603
236	5.788445152800705
237	5.7545889734101365
238	6.7021551088885944
239	5.918052509063273
240	5.725756410691247
241	6.351274617357246
242	5.984916420417398
243	5.490122897531061
244	5.084968117286917
245	6.655673130176082
246	6.594286754487257
247	6.980296713033957
248	5.630348801100626
249	7.657045828283299
250	5.173947919756756
251	6.243507430441241
252	7.422553176764632
253	5.226807137535486
254	5.982260210051511
255	5.849858204510383
256	5.965016942288328
257	5.755903467521421
258	5.775289164935073
259	5.527310970912367
260	6.568805646432641
261	6.827206741910361
262	6.4582721876961715
263	5.854522360039742
264	5.728777171714076
265	5.382164292561356
266	4.699051020666957
267	6.0092526528557455
268	6.337140354628597
269	6.5589149162655564
270	5.0200805372109505
271	6.033717840036843
272	6.066988756625506
273	5.9734409033553675
274	5.877599602167417
275	5.7465913089865355
276	6.8049382433112315
277	6.288318250910379
278	5.674742897856049
279	6.00078377709724
280	6.831699040645617
281	5.292725912777574
282	5.798968099562141
283	6.573510763958828
284	6.336775380510113
285	5.406043899449287
286	5.315291292225344
287	5.37426589208917
288	5.790099645666487
289	6.8606081840449145
290	5.197349090619745
291	6.126222495846117
292	6.440336973255034
293	6.985660603573908
294	6.807406258260016
295	6.307713846351752
296	5.86891531250957
297	6.837078106622877
298	5.4970723706210265
299	5.552134752496689
300	4.758387152765256
301	6.025119858871524
302	5.976162601960823
303	6.5116436201691
304	6.270270245120628
305	6.342438312654849
306	6.096720879179581
307	7.025639096701828
308	5.964144640277872
309	6.6057228025456425
310	6.335018562890279
311	5.59951768311051
312	5.585354415758047
313	4.752429595255914
314	5.542988372086256
315	5.499714188539656
316	6.715764328856797
317	5.949672823985263
318	4.9873399545257495
319	6.281036552241338
320	5.613433861098851
321	5.93772185264
322	5.4352005035849285
323	5.87222652847413
324	6.929024635050155
325	5.476316800274487
326	6.190548364838053
327	6.175412852870068
328	5.56331221749618
329	4.191779085667804
330	6.108931024716834
331	5.98382187318722
332	6.282282857825824
333	6.159246885440855
334	4.78957725773632
335	5.639289104263298
336	6.230325583401801
337	6.130585394791394
338	6.445750823236137
339	5.089423463338919
340	6.001097077586954
341	5.392116799135692
342	5.822318771339876
343	6.100087115291639
344	6.66790723786523
345	6.202632432170503
346	5.345716930110939
347	6.856064712936392
348	5.309597063169349
349	6.015155670457586
350	6.3936260585687705
351	5.683369347098051
352	5.220686237743523
353	6.082272482162807
354	5.15230786241591
355	5.544520778785227
356	4.395043506221555
357	4.806737111520488
358	6.987886990769766
359	5.492059172829613
360	6.460768124758033
361	5.154786836630332
362	5.321965607548399
363	6.386126437990849
364	6.839608012269309
365	5.280944624522817
366	5.431412745341992
367	5.682613747592161
368	5.094907868966402
369	6.520977496376468
370	6.51256112587871
371	6.444381004690917
372	5.651623864250723
373	5.586767395442751
374	5.281007442778598
375	5.298769409775559
376	5.783183874695429
377	6.027480047786542
378	5.097317784791812
379	5.922653373608934
380	6.60940157462998
381	6.951272510559647
382	6.249370938712673
383	6.327939919620154
384	6.049987767889563
385	5.151517075328489
386	6.034811498432343
387	6.080205914065508
388	6.409107895946363
389	5.9436154278955655
390	5.393905858590733
391	5.49980669421105
392	6.54664808443825
393	6.674900155107025
394	6.167471653135079
395	6.143262388450759
396	5.720420055685099
397	5.60939206059993
398	5.669707856926834
399	5.433148605216827
400	5.9659143337921705
401	5.685114367872302
402	7.340047549907467
403	5.325440516222443
404	5.913477841725883
405	6.519093271781458
406	4.8397673182674525
407	6.659022109050836
408	6.48064777481098
409	5.9832480009728375
410	6.366037149302429
411	5.914727917241787
412	6.130884436563065
413	6.371033770256743
414	6.11437139386544
415	6.103511472972708
416	6.176223179655305
417	6.917654827195553
418	5.551139228162356
419	6.463035835819836
420	5.589287545508705
421	5.62901143009852
422	6.737590249147615
423	5.967864279843135
424	5.677836652922754
425	6.366350408374274
426	5.907302849009284
427	7.147955766384257
428	5.6704077572212555
429	5.937037581192271
430	6.994485162882484
431	5.879638341406826
432	6.657761407815593
433	6.367015150849641
434	6.089264416928927
435	5.5561058018822225
436	5.583707067591604
437	6.3381249748345
438	5.65233507434771
439	6.7079702775445185
440	6.561413717381323
441	6.542591791105224
442	5.300386632957573
443	5.992411036909159
444	5.977340849879612
445	6.133781024385826
446	6.7212073442933615
447	4.461921568164446
448	5.486880638774892
449	6.933525821911947
450	5.9563708782807225
451	6.4190989149792586
452	6.425857848931628
453	5.678688836730241
454	6.7038730583412365
455	6.476800158496189
456	5.876756639619998
457	5.380123888608068
458	5.493757391722673
459	6.305974861906309
460	5.41207255005637
461	5.504251078943655
462	5.5986755050932215
463	6.173520373515203
464	6.3704793604944525
465	5.728269002274222
466	6.091933534222854
467	5.809462023208782
468	6.422153129167522
469	4.796245156147052
470	5.843264046707191
471	6.872862765158061
472	6.695338856453808
473	7.0009837090716855
474	6.004221875824442
475	6.094756271719234
476	6.129976614368691
477	5.398082459323632
478	5.963703476544469
479	5.4399122960239765
480	5.191341466059384
481	5.923567798243312
482	7.64548071520403
483	5.599884962561191
484	5.878708795896576
485	5.528769331926014
486	4.505014698610466
487	6.094003704035588
488	5.266294629938784
489	4.996523477505737
490	6.533593750334278
491	6.51984150071803
492	6.633536697922474
493	6.232431523618288
494	5.7943841662878794
495	6.099536057598016
496	6.062114674054707
497	6.384248982365534
498	6.029919322914793
499	6.779829174697322
500	6.789137969932718
501	6.224767865065951
502	5.7043032301423535
503	5.215240650635678
504	5.695711482000271
505	6.849086967452119
506	6.773642038412315
507	7.178870488976827
508	6.915352088308686
509	5.891061743934794
510	5.687421435157636
511	6.190758298027504
512	6.393632261975047
513	7.36765207809367
514	7.578840624541044
515	6.41453605969582
516	6.068611640104791
517	6.663193964440974
518	5.362391470790109
519	6.208161196679741
520	5.506407224187569
521	5.490879938850412
522	5.908904187548615
523	6.09394544891418
524	5.663949192656825
525	6.170284448700841
526	5.662024383879422
527	5.8897026492486475
528	6.662486505461857
529	6.577509137627203
530	4.914650027247262
531	5.713568957372835
532	4.708327687442458
533	5.667357646371238
534	7.086262086090366
535	5.339542901182237
536	5.63707474982948
537	5.4618834571613535
538	5.803465709416196
539	5.8570868410752155
540	6.33857674022147
541	7.586291780312812
542	5.8605203804327175
543	6.41377188995414
544	4.200892577483319
545	6.695578308499535
546	5.024860000684082
547	6.093254399325815
548	6.840597843149832
549	5.418291685185977
550	6.277907193172723
551	6.422545941363621
552	6.097642654054133
553	6.245912738784682
554	5.7842607507814785
555	6.721013848475802
556	5.4356766053824686
557	6.282279578881571
558	6.3996671847832785
559	6.112075538823514
560	5.89298950117414
561	5.136132531624753
562	4.961370240687392
563	5.2975436254782835
564	6.657162538513409
565	4.978720216386137
566	7.577725593194676
567	5.800901159544343
568	6.131865340372315
569	4.30961833220707
570	5.655565257300623
571	6.572361990776179
572	4.879593058442697
573	5.809837561150614
574	6.044485600461485
575	6.106038039649969
576	4.538004507959288
577	6.414536060605315
578	5.7589928063430955
579	5.83414090117107
580	6.115012365692694
581	7.061589470715262
582	5.280210520506704
583	5.539773748008884
584	6.351443638656444
585	6.619676195143256
586	6.570149173513831
587	6.419306524505373
588	5.88892964409024
589	6.831249155511614
590	3.924878498830367
591	5.736986601678654
592	5.599346186603523
593	6.7021500890647685
594	6.833798820987188
595	5.462045254108186
596	6.982196803354392
597	5.888317551393993
598	5.915108865767252
599	6.050100305094384
600	6.18889487543816
601	4.847457671863959
602	5.339520816018598
603	5.733117986077559
604	5.338259637258791
605	5.8629006603732705
606	7.423222599235097
607	5.875718793909376
608	6.524272683059929
609	4.757026439700793
610	5.921171988308844
611	6.517812847877697
612	5.637039132898541
613	5.944797263669898
614	7.089938869670732
615	7.105874098371714
616	5.276888098722945
617	6.531151669076644
618	6.548540502187929
619	5.805833915963636
620	6.490931156407377
621	7.141726837400347
622	6.166398384913919
623	6.699202428442529
624	6.425250258102703
625	6.07767585113955
626	5.72676979830592
627	6.181611014613217
628	5.213535236543976
629	8.165878734135601
630	5.949928601815675
631	5.007316168830065
632	5.385596694599371
633	5.482776985986026
634	6.219961445828501
635	5.689948690624442
636	6.983236758649582
637	6.344693719243098
638	5.316823527609813
639	6.467666862576152
640	5.808872481051367
641	6.5794178925247655
642	6.267841761795959
643	5.7426781215305835
644	4.850067153805867
645	6.49039167673327
646	5.869933825943412
647	6.01953153499926
648	7.0109509327448905
649	6.560143563357997
650	5.7233444615073195
651	7.1246055110532325
652	6.687606543019813
653	5.840949125405002
654	6.849272606126033
655	5.286590133386198
656	5.991604126657227
657	6.440406067562955
658	6.79559041657194
659	6.2461944068199955
660	4.869148434547242
661	5.707369557814673
662	5.468143836551462
663	5.958065304416232
664	6.097138431403437
665	5.643448831532926
666	6.661411783524922
667	6.8216051108029205
668	6.456140605965629
669	5.100227256800281
670	6.260801368858665
671	6.070399779263728
672	5.412755279119925
673	5.747311209192655
674	5.83573680826521
675	4.50855817248313
676	7.056818597659003
677	5.570106952916831
678	5.568811184543717
679	7.454633205998107
680	5.353952297079377
681	5.4530797228217125
682	6.515774565968766
683	6.550878061408487
684	5.894584034846048
685	5.9736933735432105
686	6.234769580686199
687	6.413655187391366
688	5.611160069631296
689	5.947779513579527
690	5.45573122514179
691	6.042176610008547
692	6.157320766510176
693	6.057031802181155
694	6.547889956855215
695	6.573638350376859
696	6.776282301289029
697	5.3249323404888855
698	5.914945392869413
699	6.083907850358325
700	6.533488696673885
701	6.270760566511724
702	6.859219927620143
703	6.443291809274039
704	5.374388052165159
705	5.871934201851088
706	6.381192166474648
707	5.159584036834228
708	5.84773226523248
709	5.826124298256925
710	5.82115301707693
711	4.6395479860560345
712	5.305608857088373
713	6.4570453436047375
714	4.958763198325566
715	5.977754205130623
716	6.889489638066152
717	6.109269005106762
718	5.648227201292424
719	5.383634511368452
720	5.819423573615495
721	6.122549908984054
722	6.315342848101864
723	6.3332568396415025
724	7.205900828776066
725	5.9771181790080545
726	5.12866155973461
727	5.2536505550545245
728	5.335735096596181
729	6.590105752887514
730	6.130340165575035
731	5.148323668108787
732	5.5042983688957365
733	6.583145424354977
734	5.367462930602154
735	5.732289575942559
736	6.273523464233482
737	8.005282584577799
738	6.324619775974295
739	6.390446298732423
740	6.651341734133894
741	5.4442624434401905
742	5.991016008408873
743	5.254922359682886
744	6.223260283220692
745	7.128761932935698
746	6.1866462104953825
747	6.052080670546275
748	6.551474340792213
749	6.95956501669328
750	5.827696248877328
751	5.6558703143382445
752	6.728165144549815
753	5.87553991911201
754	6.509141571688815
755	6.082735593646897
756	5.103072106066975
757	5.72663167464946
758	6.6005768914215475
759	6.162251779770789
760	5.6361332397844475
761	5.5288842541049235
762	6.618147547254921
763	6.8996184844096815
764	6.516270519447668
765	5.802950142352428
766	5.155863108183257
767	7.038783005438745
768	5.242315485549625
769	5.964850684264093
770	6.3018778471741825
771	4.993250259489287
772	6.908706543268636
773	5.75773410167959
774	6.158885121611612
775	5.809494313517852
776	6.047301451326348
777	6.5653713697434535
778	6.402181338286027
779	6.526581824141821
780	5.495052874709169
781	6.201839187255246
782	5.1735460322317
783	6.426804041761595
784	5.547799860383384
785	6.222421660611872
786	5.634280163395617
787	5.487018437823281
788	6.667518577375449
789	5.600381541108205
790	5.265543571556918
791	5.8253754189160345
792	5.498121645010542
793	6.131620378606021
794	5.840628230929724
795	6.273699871788267
796	5.077274942557172
797	6.0194446754675095
798	6.054196234021219
799	6.036219255649485
800	6.256727621386138
801	5.846058548478011
802	5.391522244273801
803	6.996428644206996
804	5.1786429144849535
805	5.539099145520595
806	5.8090045620753825
807	7.149673223975697
808	6.89525233249047
809	4.878086538228672
810	4.319036926181677
811	5.727177126701766
812	6.197801641110952
813	5.822099684427182
814	6.138351103678967
815	4.9764397776194125
816	7.1881788767142485
817	5.594949662638828
818	7.632311964390932
819	6.165193107278485
820	6.29270983793928
821	5.584432238386944
822	5.73416412255675
823	6.482868476906636
824	6.154822323820554
825	5.685867680935189
826	6.084387795284523
827	6.043511950604928
828	5.980045904654877
829	4.451022221105329
830	6.682899136736523
831	5.52258883227062
832	6.101806147038587
833	5.0816842534889775
834	5.5528272461767
835	5.478606461497423
836	6.524365606581948
837	5.602128178993654
838	5.9267125963566025
839	5.904592847063516
840	5.38547315710457
841	5.387639698514249
842	5.029333386182164
843	7.211124474149464
844	5.737562594327351
845	5.41026977726724
846	5.6882480377930085
847	6.150628239076468
848	6.1841791125738785
849	5.514897638210096
850	6.1675381549367945
851	6.198202880885219
852	6.184227858952779
853	6.952665851989877
854	6.74258745737773
855	5.161336124292575
856	5.295577507477719
857	5.857785192185214
858	6.9610800628433935
859	5.511162902150924
860	5.946358936423037
861	6.0170246282876985
862	5.53131214112509
863	5.385260897041816
864	6.122300515882671
865	6.415528448182158
866	6.42536381269539
867	5.442129407403991
868	6.658999230030791
869	6.5191153819129495
870	5.8301531473174695
871	5.727959321678749
872	6.236835855809558
873	5.6958541594212875
874	6.331349493137428
875	6.473587727190794
876	5.785561917965034
877	6.062172530917451
878	6.748102207217016
879	6.015109948886675
880	7.063105491305968
881	5.407604981718275
882	5.86918786916649
883	6.501659190301628
884	6.206588822932515
885	5.577926624048915
886	5.9811085493071
887	6.276954758606735
888	7.05423050224781
889	6.49799024083768
890	6.426714542338492
891	5.18806092179979
892	5.352990031791186
893	6.329871401190758
894	6.706613736707368
895	5.216144477482885
896	6.055063260098298
897	6.6639497389318425
898	5.721708659385331
899	5.436481831735
900	6.058625987468986
901	5.128439637389965
902	4.612691340521754
903	5.010981747847317
904	5.6863427490129
905	6.9962258266917035
906	6.395303292698892
907	5.891079352220653
908	5.918562916185086
909	5.7605062975448424
910	6.705437683985413
911	5.842162485650208
912	6.364095305344866
913	6.141209198899257
914	5.900883928588074
915	6.428062237815799
916	5.766315750860875
917	5.28604782068093
918	7.168025453076033
919	6.058051198754193
920	6.188124663149938
921	5.773626435024198
922	5.584231842006557
923	5.8894636742188595
924	6.281496261013672
925	6.233738947528764
926	6.040352399949915
927	5.383005625757505
928	5.921987998149624
929	5.941179881318628
930	6.4904891295203315
931	6.483584769005473
932	5.379290330951335
933	5.923769409069791
934	6.41337298201397
935	5.103558313350992
936	5.80342772258963
937	5.949916645511985
938	6.0615179746445005
939	5.718455615899681
940	5.957519774726178
941	6.406505129959744
942	5.363122267488507
943	6.409183240573232
944	6.263465512893163
945	6.461596681008814
946	6.067963427602081
947	6.563650578464149
948	4.371508042415371
949	6.102475287376104
950	6.745056525600376
951	5.664085844376435
952	5.5005298589821905
953	5.437644322480385
954	5.260260855804922
955	6.112754902719254
956	5.53992075010735
957	6.019765239225568
958	5.681957521883305
959	5.845408420381136
960	5.875673495964812
961	5.961157668134547
962	5.95085536532237
963	5.756692594285899
964	5.519087764647945
965	5.481444226112217
966	5.7592530392243395
967	6.041944899346812
968	5.906790359382285
969	5.064266315102577
970	6.639049083925784
971	5.235690597522383
972	5.6750138790521305
973	6.259045501339382
974	4.932245493773371
975	6.4570919242396485
976	5.131869182326934
977	4.420567145668126
978	6.835010510636494
979	4.883252607774921
980	5.981728607372913
981	6.062463030851047
982	6.109755159821361
983	5.755587850668235
984	5.884402133594267
985	6.3767470514867455
986	6.025231284336769
987	6.000425172872686
988	6.201125005858818
989	5.674898824538104
990	6.049455992960637
991	4.716660562536812
992	6.9671667231014
993	5.835401032635543
994	6.763556768968036
995	5.831883803475648
996	6.195819508450638
997	7.091061318273812
998	4.739181453885976
999	5.165792882209644
1000	5.643438723686684
1001	6.818006423927727
1002	6.199078232632019
1003	6.203739962100776
1004	5.574680651787536
1005	6.141218801339467
1006	6.216371465561679
1007	5.591768333533158
1008	6.133722325592923
1009	7.285603760683443
1010	6.005084729559409
1011	6.946250922395848
1012	5.8741928825387735
1013	4.6024020960820575
1014	5.13062189382294
1015	6.470391227980144
1016	5.5872392216697335
1017	6.775166909734253
1018	5.147935688479005
1019	6.748735235445201
1020	7.221885162842227
1021	6.231364702951396
1022	5.565637255650169
1023	5.879399617086165
1024	5.520457633402354
1025	5.9122858122989
1026	4.8472472687523505
1027	6.865550592857679
1028	6.257430338271661
1029	5.924355638135846
1030	7.500163776434159
1031	6.044782822498949
1032	6.32636221058201
1033	5.7560372145031575
1034	4.848094156497003
1035	5.747824684005334
1036	7.136736145107231
1037	6.640927762593492
1038	7.239142643840751
1039	6.982670657554991
1040	4.870210244242723
1041	6.614451762771101
1042	5.055315724268439
1043	5.560371626467843
1044	5.646898096980294
1045	5.366846448555589
1046	5.42700688005425
1047	6.623905399762508
1048	5.726292069128249
1049	6.3628870715453685
1050	5.734549856020345
1051	5.497062264650594
1052	6.634940627212119
1053	6.0968218858353795
1054	4.820341576689056
1055	6.3933363956554485
1056	7.226612218015362
1057	5.608520347159356
1058	4.8854366712330375
1059	6.388861050130799
1060	6.1188446589013825
1061	5.84394053616561
1062	5.668065139624689
1063	4.787402645638212
1064	5.718315056641586
1065	5.546751058660448
1066	5.222232213554283
1067	6.1385354780525505
1068	6.689886565320194
1069	5.647363983360784
1070	5.964386767552544
1071	6.490045415403854
1072	4.953977051336551
1073	5.2211024178541265
1074	5.21780004665359
1075	4.99954056124469
1076	4.858375802702669
1077	6.75511213481271
1078	5.758739538199734
1079	5.715441516561744
1080	5.645216894941404
1081	6.336307890363969
1082	6.710646243898997
1083	6.296007156405332
1084	6.115156346728327
1085	7.229923536690573
1086	5.3719369302437245
1087	5.738048248794964
1088	5.987560578534612
1089	6.1344877923062695
1090	6.58451680475846
1091	5.874625146255961
1092	6.244297846220434
1093	5.059752431426507
1094	7.2114159178066375
1095	7.77108145308947
1096	5.537912239475797
1097	6.208446443174035
1098	6.337975151091814
1099	7.019726169023973
1100	5.914309622440487
1101	6.386397628491977
1102	6.3028951334168335
1103	5.471912475435862
1104	6.0535057950764894
1105	6.088649863930186
1106	5.305152434390038
1107	6.0991829210626225
1108	5.129699216922745
1109	6.493508995536508
1110	5.252732798379536
1111	4.717421814034294
1112	6.703226444045348
1113	6.036838241387159
1114	5.939622114370153
1115	6.014304314662392
1116	6.182236648252001
1117	7.648868221750793
1118	5.595275653107092
1119	5.412030812934972
1120	5.622664686732201
1121	5.103642907598987
1122	6.183338364819065
1123	6.419627715367824
1124	6.0176372088026255
1125	6.750793529596801
1126	6.347914536658209
1127	5.548742078577301
1128	6.613308774617811
1129	7.275030757805022
1130	5.8061073304981825
1131	6.924807865239147
1132	5.3484914707485585
1133	5.815647024528256
1134	6.212606592394877
1135	6.185180737895684
1136	6.401009754277766
1137	4.876822167907709
1138	6.38221771319929
1139	5.389994351464945
1140	8.000389399472624
1141	5.782414392149076
1142	5.438003213876592
1143	6.561657611106057
1144	5.413482889067382
1145	5.9602763671427965
1146	5.498837535206059
1147	5.723527302063303
1148	6.803583430858063
1149	6.864781546251227
1150	6.0135865376131346
1151	5.187229032162577
1152	5.883056015374938
1153	7.003930576582206
1154	5.125146316830069
1155	6.6862311958601435
1156	5.043715714477003
1157	6.0375493137398735
1158	5.958887959830463
1159	7.277028438673976
1160	5.967348752979888
1161	6.931088919451993
1162	5.615341390516343
1163	5.380053583000388
1164	5.828611062257551
1165	6.05728591454681
1166	6.07112006863047
1167	5.446651051897788
1168	5.88126614477369
1169	7.239436084753834
1170	6.109567240540248
1171	5.985803689894965
1172	6.245626933905961
1173	5.694148911296257
1174	5.481088545073622
1175	6.259024688674669
1176	5.576655925085236
1177	5.545331303961575
1178	5.657457905006595
1179	6.582826426884692
1180	6.00170983102483
1181	6.721598787565848
1182	6.403158985398477
1183	5.959488508485568
1184	6.383437764631318
1185	5.3772530975596355
1186	6.442155008969296
1187	5.561150079559801
1188	5.810519843428795
1189	5.938242853037082
1190	5.767196505164195
1191	6.110758205468301
1192	5.361497389902878
1193	6.9215096108615395
1194	5.758781528274994
1195	5.7921222731884985
1196	5.365312493551755
1197	6.562931251479313
1198	5.521859494304018
1199	5.930955771822482
1200	5.5947092912522045
1201	4.874353612167761
1202	5.55202239821665
1203	6.039804689586163
1204	6.61053832838661
1205	6.062155959254596
1206	6.323692992096767
1207	6.031483164784731
1208	7.057624465386782
1209	5.910915840358939
1210	5.646534853964113
1211	6.08933048384885
1212	6.83883542424467
1213	6.173452225193614
1214	7.117225594702177
1215	5.687579561357519
1216	7.202002499330168
1217	5.328627388558483
1218	7.018871765409131
1219	6.585581838748315
1220	5.704023727642682
1221	6.8122039523441344
1222	5.748892226455999
1223	5.467060834809672
1224	5.818436021617215
1225	5.986727827901228
1226	6.306677745189518
1227	6.429578516063177
1228	5.377037264672773
1229	6.025810773536149
1230	5.733502555677357
1231	6.133260071655968
1232	5.952460281683931
1233	6.679214288247749
1234	5.94543942285236
1235	5.878756009171614
1236	5.872171276295558
1237	6.7265569192157795
1238	6.4203847501194105
1239	6.18656642944552
1240	5.789961599092931
1241	6.696714989349453
1242	5.963871915087414
1243	5.61316264251114
1244	5.833212696791937
1245	5.740837223931319
1246	5.465138468348111
1247	5.187384265319754
1248	4.133521613864494
1249	6.347011603531428
1250	6.496679162994648
1251	5.045474033414696
1252	4.546450105961412
1253	4.5954472627158145
1254	6.48235538987709
1255	7.053191625094041
1256	5.577428284753114
1257	6.354453797976021
1258	6.757218353411493
1259	5.186038566387391
1260	6.230635620793327
1261	7.102661158744013
1262	6.38668583632846
1263	4.548143401159905
1264	6.420943782641553
1265	5.478798357342991
1266	6.818959231695367
1267	7.073254898268108
1268	6.527390799979912
1269	6.211352622834966
1270	6.342530128817695
1271	6.153465065406635
1272	5.948457539480712
1273	5.518859464628622
1274	5.630425567206528
1275	6.509202896989882
1276	6.579526317247655
1277	6.149889516544396
1278	6.511668510996969
1279	5.825968033828151
1280	6.642224856519273
1281	5.853131732105145
1282	6.30052754888311
1283	5.6568309620488435
1284	6.53480567135072
1285	6.297284727479564
1286	6.351060821183233
1287	5.9613027790561315
1288	6.6081392576452345
1289	5.944204961315596
1290	6.594625499265801
1291	5.654126413499138
1292	5.700664382028792
1293	6.299053410016414
1294	6.616685258981306
1295	5.6712253768595735
1296	5.649850428017089
1297	5.975842765439301
1298	6.965974205277032
1299	7.139797170568879
1300	6.1724022550624795
1301	5.802000568558772
1302	5.792810197387423
1303	5.148213518417573
1304	5.537265518214554
1305	6.263781135203317
1306	5.760906031022647
1307	5.232336509340842
1308	5.690766532606046
1309	5.594082118581152
1310	5.093355367484037
1311	5.043437521106431
1312	6.532867924252059
1313	6.246879783945835
1314	5.605759534490062
1315	5.8238304181224
1316	6.263790518777179
1317	5.920191144725929
1318	6.033651247620583
1319	6.803113538073376
1320	5.456548638667704
1321	5.3388466732188435
1322	6.41578767565079
1323	5.372350741992705
1324	6.150348377142412
1325	5.715184332395438
1326	7.170191845099907
1327	6.553514610199879
1328	5.180990394554101
1329	6.088486395921791
1330	5.878309938474558
1331	6.363518282284283
1332	5.981379458494485
1333	5.480709277259718
1334	5.220365183020476
1335	6.295591036090627
1336	6.239450350869447
1337	5.833601360636142
1338	5.505731640642302
1339	4.5193547423696145
1340	6.091724147022303
1341	6.388000552076846
1342	6.04460752941668
1343	6.2835687076569435
1344	7.595068185648415
1345	6.881610416312469
1346	5.021540779969655
1347	6.263296988027703
1348	5.5907559360843155
1349	6.2762646097980905
1350	6.159598631900735
1351	5.875193980389407
1352	6.625403872491526
1353	6.6602200894849375
1354	6.959361558634555
1355	6.606491966904806
1356	6.149302316881302
1357	5.116407542605884
1358	6.477642296314506
1359	6.623688986618072
1360	5.608639005804434
1361	5.785618406080175
1362	4.839109267056402
1363	5.440919667909232
1364	5.682898882776499
1365	5.518329273269046
1366	4.243983592372388
1367	5.3147051555570215
1368	5.853205283571567
1369	6.402926202514209
1370	6.063888103468344
1371	5.671967471833341
1372	5.310809966836435
1373	5.2722010406141635
1374	6.494367081749563
1375	5.86719545062321
1376	6.385197410792379
1377	6.291881526913494
1378	6.340342631059078
1379	6.26494209447992
1380	6.278426783758083
1381	5.282041167840362
1382	5.992146789362388
1383	5.198960343422368
1384	5.824411476287059
1385	4.236635798914358
1386	6.5232742616707196
1387	6.4004118562908845
1388	5.892072158266923
1389	6.035022205362718
1390	4.517709190910682
1391	6.50015830330085
1392	5.77176626228417
1393	4.971799303981243
1394	6.241519710592304
1395	4.791653685388155
1396	5.964874789468013
1397	4.974906089444024
1398	5.444506373655583
1399	6.400940507716898
1400	5.640305963903666
1401	6.022900952129728
1402	7.014862272389499
1403	5.416839381534373
1404	5.448024498327868
1405	5.4160070930208475
1406	6.030886652713109
1407	6.076468978310004
1408	5.345960305438244
1409	6.333051023006972
1410	6.2758252518833615
1411	6.724989189300686
1412	6.242113566685778
1413	6.433086700776282
1414	5.824303476518253
1415	6.210027755936608
1416	5.900938198746492
1417	6.417407484492287
1418	6.249214963954208
1419	6.404486786923371
1420	5.73467171578668
1421	6.497790938476101
1422	5.956861355621368
1423	5.656019629037473
1424	5.711300130002201
1425	6.207737271285926
1426	5.6543545024469495
1427	5.859663067773606
1428	6.367373262598578
1429	5.213456022397925
1430	5.311281542817596
1431	6.100624408456497
1432	6.518596861677777
1433	6.593276610908409
1434	5.700193370488705
1435	5.064105734306698
1436	6.887140705289009
1437	5.669106402098098
1438	5.9755819769731415
1439	6.334625248936936
1440	5.608916425353123
1441	6.907056410253669
1442	5.055666557571385
1443	6.002531787535797
1444	4.778177518902036
1445	5.525246405712096
1446	5.722066679736599
1447	5.8048414267998725
1448	6.034674268565141
1449	6.156191386189311
1450	6.349875605752459
1451	5.242934942431748
1452	5.46711454187919
1453	5.926769602519926
1454	6.2213450751733035
1455	6.361092678337757
1456	5.833486437758741
1457	6.101023652923426
1458	7.490358715644106
1459	4.940903996893515
1460	6.300727151043247
1461	5.817658446449786
1462	6.466597695435796
1463	5.54538653554794
1464	5.8873031056219975
1465	5.895334214903414
1466	6.221852064505219
1467	6.8326557596737985
1468	6.156542996022229
1469	6.316100677076195
1470	7.602639154414646
1471	5.413930359209189
1472	5.968188887508586
1473	6.319180589324485
1474	5.298052002326585
1475	5.924910944188014
1476	6.867873186777745
1477	6.075837648628901
1478	5.087485587387346
1479	6.343565925090973
1480	5.649528430681675
1481	7.098632785624692
1482	5.302705907832003
1483	6.069591142935678
1484	6.46174329948715
1485	5.739573595036442
1486	6.1293928667437285
1487	6.532739291034106
1488	5.928768232645881
1489	6.314447776036104
1490	6.410165070522843
1491	5.489328723966277
1492	5.4476576191040555
1493	5.197604708573116
1494	5.325522086583078
1495	6.318883867177647
1496	5.836953042928751
1497	6.741913394303992
1498	6.358558185398579
1499	5.513432111025655
1500	7.017262965789996
1501	6.654399554078866
1502	7.050098230796201
1503	5.193051522403645
1504	6.025989098008722
1505	5.929119884657363
1506	6.101242313128231
1507	6.872646681110685
1508	6.209679853132305
1509	6.529152115988028
1510	6.585564986403499
1511	5.51343695493415
1512	5.7398009189870205
1513	5.739882556156123
1514	5.686765298579952
1515	7.557286203140393
1516	5.834466232918203
1517	6.3680644718697295
1518	6.1965446354754805
1519	6.246583035448566
1520	5.847000198361154
1521	4.163862958725076
1522	6.9512549751088955
1523	6.386755986284697
1524	5.2222513161666155
1525	6.144615089986473
1526	5.377935719521095
1527	6.354358758145411
1528	5.261599601450143
1529	7.364322491688654
1530	6.287213616738362
1531	5.8325350990829365
1532	5.818598045235766
1533	6.787907269883102
1534	5.5995778750317795
1535	7.044624486967223
1536	5.467938206469019
1537	6.013494354401094
1538	5.688730678666616
1539	5.367824649205431
1540	6.087894840282388
1541	6.602476994448807
1542	5.527280030422844
1543	6.185518944669249
1544	5.50170935105416
1545	5.695089986858268
1546	5.860939591457801
1547	6.267004486600247
1548	5.230882245415289
1549	6.555983059767944
1550	5.646071834360352
1551	6.648180983184527
1552	5.826997998263687
1553	4.854328864047097
1554	6.907204847200774
1555	6.309060307633546
1556	6.597464136953931
1557	5.961727140122093
1558	5.973510988455798
1559	6.050779542420059
1560	6.0538043027045205
1561	5.302059657539108
1562	6.447176239686087
1563	4.441256976308068
1564	5.706189559306949
1565	6.867493105159762
1566	5.394959211116657
1567	7.624185053212568
1568	6.151935054144512
1569	5.545500359905418
1570	5.031604135109644
1571	6.441355095914332
1572	5.997543059696909
1573	5.580174389760941
1574	6.971717871446162
1575	6.3734745448455215
1576	7.192009458900429
1577	6.194759869889822
1578	5.795952194059889
1579	6.470995977653989
1580	7.305028709291946
1581	6.102462452370673
1582	4.813318177026564
1583	6.740529907983728
1584	6.069994540585737
1585	6.085536037028457
1586	6.472980945371091
1587	4.626067814616753
1588	6.213563567426588
1589	6.7034660533536226
1590	7.270718953313513
1591	6.438713853480294
1592	6.29097673659479
1593	5.302134254999045
1594	5.381295629582989
1595	6.713197577240256
1596	5.971878536889562
1597	7.316321065882221
1598	5.723510827490827
1599	6.259511877161761
1600	5.434109301608987
1601	5.592866918887012
1602	6.785277481656522
1603	6.669792930789602
1604	5.395383215480251
1605	6.375120596993448
1606	6.444388215696173
1607	6.950898577575572
1608	5.876552791596623
1609	4.532363986421842
1610	6.4239739677577745
1611	6.334974433461737
1612	5.734818709432147
1613	6.214458447735524
1614	5.297893428942189
1615	6.631190575048095
1616	4.719533044778343
1617	6.943373897711614
1618	5.922945028287359
1619	5.276261365506798
1620	6.484672823455185
1621	5.7900071747467985
1622	5.903462747422357
1623	5.557152846507961
1624	5.236133201862685
1625	5.823395531764254
1626	6.788346693252346
1627	6.744474707559372
1628	6.211573503765976
1629	6.22270254259153
1630	6.792621884611435
1631	6.4893780176353175
1632	5.940690307924524
1633	6.616887154901633
1634	6.461551482882351
1635	5.044706858500528
1636	5.718165069430445
1637	6.074252968354683
1638	5.709784863450166
1639	6.9753818335529
1640	5.58645593971014
1641	5.571055126772262
1642	7.140188991402586
1643	5.895889853659485
1644	6.346101216428603
1645	4.9544973217416555
1646	6.730490316927899
1647	6.00915737869218
1648	6.3906079630445065
1649	6.554251180909988
1650	6.407813183298068
1651	6.7248002238047775
1652	6.73046447779052
1653	6.899058354785666
1654	5.358810912385317
1655	4.836511594196781
1656	6.921806157126816
1657	4.8141113496385515
1658	4.994972418935504
1659	5.37704082619166
1660	6.459241747390479
1661	7.788026528665796
1662	5.47255986190534
1663	6.078874831000576
1664	5.200519130166088
1665	6.128792766986105
1666	6.40083954189322
1667	6.629467831080547
1668	6.429268563020742
1669	6.429193043576864
1670	5.999643586542724
1671	4.833337737154215
1672	5.8268463134591
1673	6.552732812007889
1674	6.024549476103857
1675	5.615838837285992
1676	4.932037509434546
1677	5.912621013325406
1678	5.616451985402299
1679	5.8335783504363565
1680	5.435370368483875
1681	4.853109707305622
1682	5.950288821776796
1683	5.98186046234332
1684	6.121827380498871
1685	5.830967424592624
1686	6.014723045479816
1687	7.01892020602827
1688	6.383693137244943
1689	6.258154218958225
1690	6.04232544999104
1691	5.367398436931479
1692	6.331727824573006
1693	6.673720389837399
1694	6.423073940153699
1695	6.338865044846898
1696	5.301005106244702
1697	6.018389922832804
1698	6.874498208713097
1699	5.063359730318188
1700	6.478511599396977
1701	6.8988349519786425
1702	7.140677786665037
1703	6.377612772963142
1704	5.8396815956512
1705	6.365835787495598
1706	4.195323139615357
1707	6.680452836418731
1708	6.688534990418702
1709	5.97502753433461
1710	6.611106691390483
1711	4.778748644283041
1712	6.357556062343065
1713	6.144946827353643
1714	6.308731603366323
1715	7.060034320612128
1716	4.805085838260129
1717	5.595008906908333
1718	5.108408094417038
1719	6.645936577619675
1720	6.205824279319495
1721	5.432015193925638
1722	4.7177397403200825
1723	5.680731723224744
1724	5.358313590986654
1725	6.614744212798541
1726	6.07109826028214
1727	5.753163018297138
1728	6.79782087134663
1729	5.792413284722715
1730	6.766685867740307
1731	6.098485020532583
1732	7.087986305278416
1733	6.383086217567325
1734	6.025930215863304
1735	6.0571830426342785
1736	6.097567634956379
1737	3.6686024714726955
1738	6.4224900196616845
1739	6.380295305331755
1740	5.850502309855074
1741	5.9394457885064185
1742	6.434378817182733
1743	5.3014656896702945
1744	5.186181433498859
1745	5.468949507176876
1746	6.498790425314967
1747	5.8032120372809
1748	4.527266021352261
1749	6.420355504999558
1750	5.5106227759388275
1751	5.8895220386912115
1752	5.828465232625604
1753	6.595066284661049
1754	6.209692770315867
1755	5.697875158628449
1756	6.496138327017737
1757	5.884002567235647
1758	6.117154385475442
1759	5.767746284487657
1760	6.053340218296008
1761	7.074918164971417
1762	5.8131973326339255
1763	5.859695642953739
1764	5.197196855132158
1765	5.833741286808315
1766	5.319040650657068
1767	6.07728900827351
1768	5.581419976234126
1769	5.17091868877677
1770	5.122607819037512
1771	5.206877334183082
1772	5.867464347695932
1773	6.496419675515166
1774	5.794803025957663
1775	5.148840272178252
1776	6.284875555778854
1777	6.015571787254885
1778	6.215084045759535
1779	6.0407095629100995
1780	6.344619279455704
1781	5.985650997282937
1782	6.507109569463258
1783	5.428931542410282
1784	5.571621951569493
1785	5.257869499269873
1786	5.496136775915511
1787	5.267894782658134
1788	5.983811446892408
1789	5.521753496024758
1790	6.59495216574786
1791	6.422575281723402
1792	6.4310561743831
1793	6.743771172427971
1794	6.65798555900498
1795	6.598127624319334
1796	6.951624951425141
1797	4.948842693896343
1798	6.85885618828858
1799	5.672675151145086
1800	5.895413983014545
1801	6.2830205127996
1802	5.793441837291336
1803	4.745406802078443
1804	5.469972183287609
1805	4.662264986056835
1806	6.345411229413003
1807	5.270468856295338
1808	6.118027695321611
1809	7.4478335452399085
1810	5.9225436271323515
1811	5.988522993400693
1812	6.272632996385385
1813	5.567225346070093
1814	6.3725888198629645
1815	4.835024736443302
1816	5.421983644308057
1817	6.1242791038239375
1818	6.04092171861391
1819	6.582131911867431
1820	5.725524899666198
1821	6.227642520486067
1822	5.722283594921464
1823	5.188376486146201
1824	5.2429922906449065
1825	5.493563331896439
1826	6.815678002817246
1827	6.550348738286023
1828	5.5550396492006255
1829	7.484752061893232
1830	6.939976369392955
1831	5.146257931162836
1832	5.078586576905634
1833	6.175018874084344
1834	5.964454205241054
1835	6.691331672860542
1836	5.5028979797207285
1837	6.183487193392856
1838	6.111697938584257
1839	6.460544124046074
1840	4.890893724669392
1841	5.150743841322967
1842	6.2171212278772146
1843	5.928703469457105
1844	6.145184217282804
1845	6.9311564333038405
1846	6.486127257492626
1847	6.543939798139036
1848	6.213423396305491
1849	5.92942481019002
1850	4.790605368441902
1851	6.720813541760435
1852	4.821736675853442
1853	4.793557510744514
1854	5.608996450601678
1855	5.761252241079799
1856	6.153994786349358
1857	4.018789858836681
1858	5.979745943487312
1859	6.879243015259918
1860	5.737349066284618
1861	5.824961140658706
1862	6.63917252374813
1863	6.296995280485135
1864	6.182875237020198
1865	5.672780263137871
1866	6.031220668394651
1867	5.824715212419895
1868	6.379158181526388
1869	6.134879759446319
1870	5.726037470058405
1871	5.260018805540832
1872	6.446358938002959
1873	5.831263572171641
1874	4.659443489541965
1875	6.516192636307096
1876	5.466383036604384
1877	7.7971387842359645
1878	7.014271540633802
1879	6.8407035241502205
1880	5.856438674304324
1881	6.094230950732405
1882	5.6323672763537616
1883	5.8955408126847555
1884	5.853477460531784
1885	4.495564037268715
1886	6.835101774361517
1887	6.086042031917411
1888	6.253290528635262
1889	5.595810711978832
1890	6.125523657537997
1891	6.0033281673935965
1892	6.897540577687323
1893	5.238738880906668
1894	6.345488486279335
1895	6.459972598796917
1896	6.818452601524768
1897	5.192194140469655
1898	6.428807258107034
1899	7.073702947868567
1900	5.781797061354155
1901	7.235753096374018
1902	7.269704984733835
1903	5.805972151312744
1904	5.65318689821288
1905	5.607322986237705
1906	7.378848286462016
1907	6.125820728678566
1908	6.18824344384484
1909	6.070401993618968
1910	5.855489588375868
1911	6.332887140801176
1912	4.879792757875596
1913	5.760967966140015
1914	6.298113656695932
1915	5.7608987548654635
1916	6.627505155862309
1917	5.5784896465096
1918	5.46062525135598
1919	6.095353508467919
1920	6.181506296919126
1921	6.0402724653083295
1922	5.200700620255832
1923	6.820725675853383
1924	5.549975301232189
1925	5.434690083144233
1926	6.091101110757639
1927	5.256302296117481
1928	5.305427618906833
1929	5.66693009257627
1930	5.469488524033555
1931	5.783101045235526
1932	6.38529474803363
1933	6.010125024593435
1934	6.295829735618706
1935	4.352217805571854
1936	5.974815011606552
1937	5.671604134049266
1938	5.466336431114802
1939	6.399309854588604
1940	4.592420758019823
1941	6.2732479374390095
1942	5.786761410185136
1943	6.418240447362352
1944	7.29772121127462
1945	6.526086735838492
1946	5.478095424739877
1947	6.699281302447032
1948	4.936293738295457
1949	6.405230368088398
1950	5.789955076441402
1951	6.1458970672184865
1952	4.788017111325947
1953	5.6576943036634475
1954	6.715858633513562
1955	5.594474928553349
1956	5.67350090269465
1957	5.973314840812236
1958	5.404695543589899
1959	5.68230889593251
1960	6.404454106930643
1961	6.063781449367525
1962	5.729189697885886
1963	6.891595450171735
1964	5.0197942348895594
1965	5.730059491674183
1966	6.146890663891099
1967	5.983184304728638
1968	6.692356965038925
1969	6.0813282378949225
1970	5.494535133608484
1971	5.85984081053175
1972	5.868349926468606
1973	6.121223360387376
1974	6.55821922611046
1975	6.48234947246965
1976	6.357420025186406
1977	6.222974668111419
1978	6.242816001409665
1979	6.770040464849444
1980	6.388902356033213
1981	6.354831628734246
1982	5.5118847971607465
1983	4.483703093510121
1984	5.558429935510503
1985	7.739857667358592
1986	5.664006941631669
1987	5.91542231105268
1988	5.51192189832218
1989	5.975979518877076
1990	5.1913760876632296
1991	6.413219609497381
1992	5.551530475761475
1993	5.09420927840152
1994	5.120034259810511
1995	6.105638429018048
1996	5.962281587106797
1997	7.350368047498965
1998	5.2443304397165775
1999	6.425938611927752
2000	6.2503144989022985
2001	6.299387840175768
2002	6.801289481177394
2003	5.45248708541372
2004	6.20828277268447
