6	14.532310504301762
7	11.481812601412472
8	9.780151345512177
9	12.485703272614172
10	12.605335879391228
11	12.79812400177616
12	13.098850660721544
13	12.361878869665547
14	12.862208192257288
15	11.915184804963157
16	10.418212077345578
17	11.061876446115651
18	11.744293864071647
19	10.824288661742512
20	12.931839497525484
21	11.305180714753517
22	11.715939827812393
23	11.539019090198352
24	10.917539576061483
25	13.039123652845774
26	12.995563925064504
27	12.106156667875917
28	11.964561563274401
29	10.646329576001465
30	12.579843177565008
31	10.70815511546584
32	13.429827441013616
33	12.998018993115833
34	10.995268695686313
35	11.596467375733928
36	10.026933543624336
37	12.451585453918856
38	12.17119442058399
39	12.746379724793224
40	13.75668403673892
41	10.786814745431668
42	11.579596695085748
43	11.438196934441153
44	12.922366363276366
45	12.386683090877584
46	12.691453083773105
47	11.68767661310916
48	10.82761535266036
49	12.22170567823395
50	12.421511059033408
51	12.575305008158466
52	12.385692791064159
53	11.85545825360532
54	11.366142199634686
55	12.546338178490664
56	10.145105904336656
57	12.262079689612415
58	12.3240485536312
59	11.364996775649074
60	12.739770722557576
61	11.97873110797634
62	12.239284559984823
63	11.067113071113836
64	11.434858952856022
65	13.39136249242243
66	12.490832841814644
67	10.285820505437641
68	12.318769610032993
69	12.720487918688608
70	12.204893002501002
71	10.230988106851159
72	12.090195124640688
73	11.07297776273902
74	12.413129029284779
75	11.540089938482662
76	10.542398949999654
77	11.6181858591627
78	12.281068165716079
79	11.361685055934057
80	12.82509859939838
81	12.788505487281238
82	12.434592724015811
83	12.119133325367002
84	10.65142549718956
85	13.639437515511418
86	13.267216312003885
87	10.512064227790423
88	13.321583163473687
89	10.588877765141936
90	10.88864120492
91	12.33095491787862
92	12.297436239784778
93	12.5318921085709
94	11.623576621735507
95	11.985573172953798
96	13.407009189221174
97	10.524563100347828
98	13.178203319623067
99	13.462410157515635
100	12.09383154634745
101	12.178438635905682
102	11.994902358203035
103	12.72626626878258
104	11.95209159340824
105	12.102149549195657
106	13.68271548870455
107	13.251519036669075
108	12.547868937852659
109	12.997239801930622
110	12.6085811853442
111	11.832597828660992
112	13.35953700742193
113	11.719370677186944
114	11.87851113242362
115	11.83527508471525
116	11.720008821617244
117	11.899892371777536
118	12.821987132063098
119	12.829659584637314
120	11.121985515769326
121	10.385251629018743
122	12.94213704007403
123	11.121227569991024
124	12.41719447960107
125	13.141447186835908
126	10.942972396297959
127	12.33075742858943
128	12.299052216648867
129	12.814596478207077
130	13.222223031983242
131	11.946395251608418
132	15.0234122242785
133	12.024203996534718
134	11.727649147794057
135	11.53494273902738
136	11.990181201736227
137	12.326907829289699
138	11.936618387385945
139	10.941347723522723
140	11.293990424677284
141	13.233449703216163
142	11.320639813170096
143	12.152673095572807
144	12.5126343784621
145	11.584579100973777
146	12.863308075095262
147	10.17807890295629
148	11.823685201378439
149	10.65363412544303
150	14.88072131113724
151	9.94054887285808
152	12.839802259067175
153	11.794176780173652
154	12.603581531811225
155	12.410620438930927
156	11.152849233439774
157	12.696810833055366
158	11.140057872584293
159	12.473913894279047
160	12.913137290831061
161	11.978023690474435
162	11.857500063904778
163	13.113016638319637
164	13.8187606350285
165	13.02867471008046
166	13.123962223153795
167	10.692277050716653
168	11.492212547499962
169	11.498403520448138
170	12.210152636563484
171	12.096105223297013
172	12.169461034146966
173	11.583621155313558
174	13.055797262143946
175	13.942420071663692
176	12.738418793016102
177	12.595788504215562
178	11.343717113464502
179	11.687954809043589
180	12.282793825318661
181	11.949018809110653
182	10.7548300129081
183	11.968084944831377
184	12.019503919288214
185	11.575700256590403
186	12.29566179227777
187	11.708069270609963
188	12.964583536479296
189	11.606727850269122
190	13.392274830439185
191	11.909444778036558
192	11.103239673754546
193	11.440083660301182
194	11.184325203505013
195	12.404609574311717
196	12.560589673316148
197	12.393530754735902
198	12.431837312557036
199	10.837670256833503
200	10.676955296105007
201	12.371152238259898
202	13.757144325996125
203	12.090748343031919
204	12.779899733498683
205	13.464308965612055
206	11.452989429011508
207	10.745383859690829
208	12.397069116778143
209	11.368102006549153
210	13.250398571931767
211	11.731915932993154
212	11.462661468279622
213	12.131709129131021
214	11.942368408020146
215	12.980476135575314
216	11.24920001385962
217	12.133347386724465
218	10.184026552647184
219	12.202077415746837
220	11.099109737264506
221	11.818280448471764
222	12.323460253157045
223	11.286031477713095
224	13.606715454308446
225	12.028720382207561
226	11.252964786626762
227	13.312431173822809
228	11.830644866605455
229	11.69667712896314
230	11.67459002133703
231	11.68262654246121
232	10.999110100959355
233	14.631151274468047
234	12.48461311936456
235	11.826198773208409
236	11.368042579191778
237	12.82075084678416
238	12.509534268897285
239	13.0571785812695
240	11.496442085041517
241	11.173454564207155
242	13.209702665042602
243	11.254714554307856
244	12.15345329119412
245	13.222678388664852
246	12.001088176304997
247	11.701779136948158
248	13.734580683734142
249	12.034707403809373
250	11.62582251291285
251	12.008481405710917
252	10.919907270145414
253	12.605974933833874
254	12.797191839376419
255	12.155884699128254
256	12.84804421657592
257	13.407325818170069
258	11.7037352640662
259	11.57282675145916
260	12.313221334804643
261	11.735233516223557
262	12.008727442851523
263	12.796477756201803
264	11.502057494105964
265	13.128089088218985
266	13.583613015570444
267	11.33576779726119
268	10.473394868487958
269	11.571477939119088
270	11.373181397972076
271	12.055603099134691
272	10.773612099854386
273	11.777245620262498
274	11.77402481239868
275	12.374540560380915
276	11.267661561955705
277	12.556567469055558
278	12.30737484008592
279	13.841434182687047
280	11.845285777041378
281	12.464360383004031
282	13.204838634819478
283	12.169113856945101
284	12.489661422868982
285	11.929304314015566
286	11.765314543272623
287	12.560855938669077
288	10.821306237415618
289	11.277704029899233
290	13.127229763478526
291	12.325953152144884
292	12.83458303380499
293	13.32249885717465
294	12.022711713940131
295	11.330463654382832
296	12.789394503813275
297	11.443550350809042
298	12.186066032843623
299	12.262471705334049
300	12.660437308718617
301	12.31877584455875
302	12.116822786205981
303	10.697133349372407
304	11.114316150329582
305	11.207951847073327
306	12.859411773242206
307	9.947952936779863
308	12.159512990114028
309	13.871142612901636
310	13.770018410204406
311	11.675781139595589
312	12.472405498061228
313	14.31170357958916
314	11.50046326284258
315	12.907656641816368
316	11.643783970561344
317	11.506965049911136
318	11.817830807716948
319	12.4229613298659
320	11.848482557504239
321	11.299396136681025
322	11.482996974099867
323	12.673893067821423
324	12.43576184680772
325	12.136695720577983
326	12.30041621528316
327	13.07781703724714
328	12.923679430883986
329	11.58491515508224
330	11.574050116095398
331	11.51729318066786
332	12.34194856692521
333	11.758318293811975
334	12.127826749176243
335	11.06284619562476
336	13.164682286542616
337	12.551512109628112
338	12.27133409217857
339	12.159032744202705
340	13.73917593321816
341	12.412346685391956
342	11.76445873084841
343	11.237142854301991
344	12.498090393117245
345	12.747183487585442
346	11.127082725888718
347	11.762084982585042
348	12.350109634165419
349	13.047893385437579
350	13.769323433271511
351	13.363997235498163
352	12.602422636230537
353	11.849988683089256
354	11.666277114204908
355	11.553079208551084
356	12.20858261818363
357	12.260537306929473
358	12.717760165884448
359	13.460608137023103
360	11.777369383150472
361	10.542898552982498
362	11.276577967788576
363	10.510206987162219
364	13.016346196990344
365	12.883823133246173
366	12.790843294794156
367	13.43424323321718
368	13.256304300802258
369	10.461704118250427
370	14.24526415143555
371	12.827171995472856
372	13.216291110829237
373	12.47046412398516
374	12.471681020569164
375	11.605522048657384
376	13.04633806262707
377	11.203972584472892
378	13.041271461410881
379	10.861588287075412
380	11.079132904135369
381	10.589442763416182
382	12.293228423687141
383	12.991955181043402
384	12.146816082566863
385	10.955535870366242
386	13.436604008934118
387	11.374475818226347
388	11.700820699811448
389	12.906213602502545
390	10.286236404333348
391	13.27682960939904
392	11.718499142749351
393	12.553398193011983
394	12.277741554391596
395	12.11104798091087
396	13.219380336419688
397	10.121116768084008
398	9.497258006951448
399	11.784379606894264
400	11.809053214214751
401	12.17715481643181
402	13.548923817905868
403	12.802282897350207
404	10.936035102876438
405	12.010260098812763
406	11.233303699531909
407	12.34971044525496
408	12.283077526385785
409	13.523564128481667
410	11.457485334757317
411	12.25172197023846
412	11.55613461357716
413	12.744950784669966
414	12.59938114316372
415	12.347359581548622
416	11.365609534968895
417	12.738392956593694
418	10.758579621662127
419	11.49097318355282
420	11.734303252002242
421	12.323787460027665
422	10.855047982536279
423	10.910379729647603
424	12.505894894921392
425	11.642639512394089
426	11.73037901231437
427	13.318698230873062
428	12.609110727040873
429	11.928264947873165
430	13.482122881990758
431	13.674397258320823
432	12.451895149479522
433	12.575690760089763
434	12.031017840908524
435	12.376130586716895
436	11.965804630325389
437	11.882663837401196
438	11.179295426684947
439	12.462218962592052
440	14.136550294602934
441	13.076415382168147
442	13.117022561570842
443	13.56869399125639
444	12.310155374625092
445	12.854563198257077
446	12.837263812349798
447	11.503905258460387
448	12.452610998953379
449	12.324125537805443
450	12.778470075149512
451	12.497751124126808
452	12.316308852766786
453	13.065487656261812
454	12.565040087690862
455	11.012181136876237
456	11.474149060022507
457	11.80865966409196
458	13.592848570490341
459	11.994767610950825
460	10.487186055852554
461	11.718292722362094
462	12.315095759948651
463	12.544624759423497
464	13.781556335226364
465	11.554812552466734
466	12.665529718588866
467	13.349634165863673
468	12.887183919925574
469	13.422023595567293
470	12.346819022024397
471	12.271667014443665
472	11.156515348961246
473	13.105026969998505
474	12.10742760501823
475	11.704331286977428
476	11.945984254510371
477	11.824602324801868
478	11.45290051034586
479	9.98842820307988
480	12.867842876666968
481	12.59357590322142
482	12.799039617504848
483	12.348239642328512
484	10.90604359039418
485	12.50312742756745
486	11.575036037560325
487	12.793074230769417
488	12.628191727417288
489	12.729310444417374
490	11.596850078365753
491	14.044563745774978
492	12.42798315851342
493	12.880497232260744
494	11.975317885970249
495	11.692063408525428
496	11.680897798858282
497	10.523371210747147
498	12.187020271178087
499	12.379211580162519
500	13.754541065118527
501	11.685922945249612
502	15.175355011919656
503	11.51824447295944
504	13.939650238679492
505	11.05880628048109
506	13.277148532040883
507	11.222101269837626
508	12.985853678578279
509	11.526114322622684
510	11.736766950267619
511	10.788320023520532
512	11.548334498625385
513	12.929519400538993
514	13.618642251274329
515	11.407332957651484
516	12.173260650472217
517	11.356525409602623
518	12.647697903471999
519	10.72168873731872
520	11.888259446450874
521	13.083595930299877
522	11.692903214710862
523	11.964196733657088
524	11.434255514200471
525	10.866308453582684
526	12.19326316426106
527	11.508935686346376
528	13.742450170995715
529	12.398632156612425
530	10.663402145333142
531	11.486185107270327
532	12.452596549541084
533	15.23374598989072
534	11.901160195636164
535	11.919445039347604
536	10.961913801745977
537	11.613198601782484
538	12.638276100258032
539	12.544331579447316
540	11.45023660238527
541	12.522423535767963
542	11.010541235385784
543	12.226985903043161
544	13.704951242174362
545	11.509566446631132
546	11.946922015980817
547	13.419952473150463
548	11.894529806417895
549	12.823291649756607
550	13.562664004646203
551	12.255504523392748
552	9.438395678202829
553	12.237770624954386
554	11.449401570682522
555	10.830546998770952
556	11.53748536900843
557	12.106273292774858
558	11.875440372701954
559	10.767656769997878
560	14.350522714146578
561	12.44435514423416
562	11.722331545536129
563	12.292597991897404
564	12.393738623328751
565	12.293833215414946
566	13.71870292415472
567	13.27704178149536
568	13.384486313064341
569	11.908480905765748
570	12.32790926125862
571	11.756767038935308
572	11.201893351073117
573	11.993380602973048
574	10.833116692095064
575	11.572436528252862
576	11.237407934479922
577	12.24931274974105
578	12.100293384958059
579	12.365002980175165
580	13.360507361921398
581	13.188511350050605
582	11.212621655368379
583	11.099067824749
584	11.948976828778049
585	11.154083138022106
586	11.450838056835993
587	12.106088134994467
588	14.03300982574001
589	12.112437286898494
590	13.133221263675402
591	12.865367928452757
592	12.52363837393679
593	11.034891899260693
594	11.929867225422058
595	11.372686921461154
596	11.89430536228036
597	14.55553302535248
598	12.061549067736932
599	11.840032662226903
600	11.39540484050409
601	14.041823651208146
602	12.085273636326821
603	11.80053435359566
604	11.54783556335903
605	12.855269844762425
606	10.862907926347193
607	11.171257880287913
608	12.619881104372325
609	12.983718069987455
610	12.011002543055065
611	11.749500447468812
612	11.197243434029966
613	11.322998636353173
614	11.628614634557284
615	11.54127502539751
616	11.635447973457094
617	11.091978847118472
618	12.303615216960264
619	12.888837117259039
620	12.826764812701436
621	15.295300693138532
622	13.714723282553866
623	11.537865232843743
624	10.637604010365276
625	11.353707778804257
626	12.578387891165102
627	12.457728579328483
628	12.755377791352657
629	12.342806879888204
630	12.651202128246002
631	11.844278306901371
632	11.395023012095841
633	13.0625464176849
634	11.397729979243152
635	12.64402816697192
636	11.363496120278041
637	13.709113609835542
638	11.101915063925999
639	12.7097345367709
640	11.557173090152915
641	12.565238541374649
642	10.977676305119275
643	11.931052361777983
644	12.947649118896308
645	12.602250455869287
646	13.386685064435005
647	12.703607539372843
648	12.054534540366697
649	11.024374826590467
650	10.652077003919773
651	10.190778706253408
652	11.85096908262779
653	11.973189133497726
654	11.457837465875583
655	11.433054446736966
656	13.353801486510426
657	12.643091185048464
658	10.842351913850289
659	12.932823049757504
660	13.117605011767914
661	11.950011142075764
662	12.560338370748937
663	12.19452281282734
664	13.537906443041454
665	13.36860168371095
666	12.008634582065303
667	12.344054722879788
668	13.937767009134404
669	11.677971976012206
670	11.274236612146508
671	12.519027404396118
672	13.416932644970075
673	12.537084100826178
674	12.987996903514544
675	11.862105904066434
676	12.837186219002088
677	11.634951496280596
678	13.530688946351196
679	11.629480677968735
680	11.660199898866198
681	12.090712936500495
682	13.990057267849483
683	12.676113659446127
684	10.999555609841606
685	11.273165866369656
686	13.463839899503792
687	12.04753766274687
688	11.366732067197777
689	13.616076884411827
690	11.301444594738618
691	12.197049809822941
692	12.691831656483163
693	11.180462905529923
694	11.981887081859451
695	12.773517965874635
696	11.811128348546882
697	12.785020234370405
698	11.246712003959649
699	11.403016768859137
700	13.260204995740564
701	12.996810422757255
702	11.264053386615958
703	11.782931374814702
704	12.061285143636633
705	11.780424535909685
706	13.211867186076168
707	13.678210085725706
708	12.906196190000305
709	11.403918684754325
710	13.878618516203789
711	12.07976874437748
712	10.58736970900925
713	11.13361971327238
714	10.368878706181672
715	11.96296670350891
716	14.399145901503507
717	13.276656047597779
718	13.322061015314494
719	13.298709130322939
720	12.143161854540397
721	13.239609515777556
722	13.085074353305732
723	11.897619248752369
724	10.938254243911405
725	12.217266316483904
726	12.709695975424742
727	11.457944523154186
728	13.203063989306946
729	12.689054307232324
730	11.976878485855801
731	12.28838604920505
732	11.337635650495798
733	11.96115024789841
734	12.326211953043556
735	11.424576017654651
736	13.007983116744606
737	11.759672650893677
738	12.050245297508335
739	12.85996349153257
740	12.4381509961632
741	11.614484088123302
742	12.201585604834396
743	12.188404981328478
744	12.273827329379223
745	12.014217211854852
746	11.9187192201692
747	11.630678804548408
748	11.287148576446857
749	13.471885935125597
750	13.032603030172389
751	12.309829521246309
752	12.488118400280364
753	14.062519204588362
754	12.799161922482757
755	11.862986434040705
756	11.221964282992607
757	12.772588387067357
758	12.120428356696218
759	11.983344515378121
760	12.81977261026422
761	12.245944800250623
762	12.152460013050586
763	11.917465848631732
764	12.071856253307487
765	12.793126883548226
766	11.400872106670473
767	12.793561855333106
768	11.726279713548578
769	12.53975153229685
770	11.281334500374214
771	12.833568543288463
772	12.470397424488329
773	12.975018271669146
774	12.30603798263378
775	12.329323090608495
776	11.867426140998603
777	13.042680833707722
778	12.84670967686218
779	13.571147646686649
780	14.358852115041053
781	11.983953843412392
782	13.069831396362538
783	11.978933159719842
784	11.319209741952363
785	11.775660111532686
786	11.603593840858334
787	10.77583810844102
788	11.95064548377864
789	11.933681889288236
790	11.340637977562883
791	12.043327629478135
792	12.359509699808417
793	11.417874103318004
794	12.744643644411033
795	13.20630075087538
796	11.804722996908382
797	12.730393023478637
798	12.545402864971424
799	11.627368273351749
800	13.026857986526434
801	12.835197874867696
802	10.540323302913748
803	12.160783719239893
804	13.70864284538525
805	12.177027307165673
806	11.468662767042407
807	12.166885269191035
808	11.574541776835936
809	12.441632695612498
810	12.270147437878856
811	12.378637800515884
812	12.639036765400405
813	11.804929131923497
814	13.47772972178857
815	13.168648583738104
816	10.827927772354228
817	12.431995336370628
818	12.62277117179905
819	12.011848240363772
820	13.358905462617539
821	12.810175758860764
822	12.296060406062828
823	11.636065458827384
824	11.825533359953813
825	12.618373891350348
826	10.61713560987903
827	11.21577701827416
828	12.706208091575801
829	11.246803331879034
830	12.562393513478206
831	10.845858527642047
832	10.763603517799028
833	11.511035210885957
834	15.526023963768967
835	13.187254479344366
836	10.372741413894497
837	13.076048565739676
838	11.830322759747409
839	12.03096646639796
840	11.271633838713486
841	11.01593138761593
842	10.97944211975463
843	12.472857634415215
844	11.556692931970984
845	12.10796966388755
846	13.097179495113307
847	11.58992607464186
848	11.225485862962806
849	13.023219006901074
850	12.335127686506208
851	12.09494268233588
852	12.688277037603362
853	11.941671573003987
854	12.795128124937715
855	13.640440545271112
856	12.812412379168425
857	12.150382103766399
858	13.453862927771718
859	12.386326300041816
860	11.309698964954945
861	11.428677323041484
862	12.078435001773565
863	12.049323427004062
864	12.013183447636118
865	10.983741864653942
866	11.88418791705044
867	12.879957607456683
868	11.231206200369634
869	11.862510258282642
870	11.909254264427416
871	13.486488871653425
872	11.959208404626446
873	11.957713332723491
874	11.864360157753563
875	12.131011340486603
876	9.847065586923508
877	13.234819325230395
878	12.20863860220326
879	11.040829866374574
880	12.153138633090316
881	12.738215875692621
882	11.209944566557269
883	13.554515101129507
884	11.580391904108646
885	13.024527518712121
886	11.455642426252599
887	13.971717246019399
888	10.264816051012145
889	12.08554836293708
890	12.956585480579855
891	11.061246833003679
892	12.56577763070527
893	12.379782865907192
894	10.631728508240485
895	12.238745061055228
896	12.264180590550456
897	12.614167456236036
898	12.643296421963411
899	12.715233716740078
900	12.592300718465015
901	11.391590032270178
902	12.294620895272185
903	11.23229092886969
904	12.035652116435813
905	12.56972126554077
906	11.25533013046065
907	12.432148151960753
908	10.912996354190788
909	11.463526842877132
910	14.116002052289938
911	11.280836207210086
912	11.17694274249503
913	10.789218629690305
914	11.95897920489939
915	12.388548411361281
916	12.539796037085276
917	11.380116706131957
918	12.053237438201904
919	12.97960506619529
920	10.905673114885577
921	10.033675400682782
922	13.11360704122577
923	12.25334699210746
924	12.021880172779692
925	12.224291656702531
926	15.114740954622782
927	13.140158223417925
928	13.205214031042825
929	12.986332278081266
930	12.578611679156452
931	11.563922884536442
932	14.309458305036612
933	12.082753953506176
934	15.197291529504582
935	11.607350485395784
936	12.282739760337822
937	11.00418796158177
938	13.473667990693894
939	11.880114623044124
940	12.247238381922342
941	13.274168915656627
942	9.834363807897633
943	12.216986953851677
944	13.416986120587822
945	14.528620724658188
946	12.405733171319064
947	13.267164776277353
948	11.63813208236649
949	12.15835863579996
950	12.168246630138341
951	11.567391987613519
952	12.249563619937808
953	12.150578023827014
954	12.56356564979568
955	11.496684626287209
956	11.482565774478296
957	12.380237364759928
958	11.116721634197997
959	11.6681354890816
960	11.990679701725538
961	12.820483080683248
962	11.282355975465881
963	12.460959724231582
964	12.108045661017638
965	13.96513709672038
966	12.080048983074708
967	11.691771213715928
968	14.770128778592488
969	11.183408845452952
970	11.519082775266439
971	11.737260889899181
972	12.939395203759583
973	10.916897812442455
974	12.07481870715476
975	11.676132343300196
976	11.883230396627019
977	12.017044133275675
978	11.413989198311944
979	13.467651883460348
980	12.761181092962103
981	11.301457159753356
982	12.119494460692119
983	11.428805325043452
984	13.493453349013356
985	11.814333002173061
986	11.497208325336587
987	11.771550897352228
988	12.920636697041724
989	11.22754832450709
990	12.409318781200925
991	12.489155298652292
992	12.614395178789202
993	12.953092902200297
994	11.116823600753294
995	11.249482318159426
996	11.903824284418887
997	9.834681685963005
998	13.023757906365468
999	11.163095425018886
1000	11.653055594606577
1001	12.441010891507123
1002	12.504502229851342
1003	11.632380726795947
1004	13.22386021331746
1005	12.679783975515791
1006	13.994859009337961
1007	10.23543988418875
1008	12.312912703185392
1009	13.922490498045414
1010	10.907099051926242
1011	11.232653128467959
1012	12.821723963313092
1013	11.805642736854077
1014	12.130028805365106
1015	13.70372062712433
1016	11.873692901821341
1017	13.159796756212874
1018	10.825268060293785
1019	12.460181881111628
1020	11.702866907930002
1021	12.547870651114193
1022	9.90867089517446
1023	11.024922073478592
1024	10.732334584606262
1025	11.44807915994555
1026	13.401858427431504
1027	12.195796062557271
1028	11.89775905347917
1029	11.266697170360462
1030	11.913323246986172
1031	13.095131168546883
1032	12.086579373273521
1033	12.629792033910885
1034	12.442377091673398
1035	12.080689467294308
1036	13.414275764802253
1037	12.221612040648145
1038	12.858568223824381
1039	10.48879198925088
1040	11.700847925818525
1041	12.223468187019332
1042	12.175824281898054
1043	12.303808494753737
1044	11.59401869920873
1045	13.817664301460326
1046	10.652142177052745
1047	12.454624403103638
1048	11.425381799564303
1049	10.77678055736791
1050	11.16830164197917
1051	12.198405923816608
1052	10.91540799740566
1053	11.853477808763273
1054	12.922072846308584
1055	11.812442747947689
1056	12.600760594685086
1057	11.518108465684467
1058	12.137534741406853
1059	12.081438995475425
1060	11.10894328810294
1061	11.713591400743919
1062	13.112082891384786
1063	12.542594376273753
1064	13.865387388351285
1065	13.056438144550405
1066	14.022016009516191
1067	12.303155617073603
1068	12.17539599612192
1069	11.46337399772034
1070	12.823429994741455
1071	13.841073503689186
1072	14.0686407615162
1073	12.058880899376659
1074	11.978495396777621
1075	11.826555989527455
1076	12.413453671012327
1077	11.541215801296536
1078	12.494242134803374
1079	12.779047966568374
1080	11.415193117660747
1081	11.47402355167368
1082	11.671247203715822
1083	12.233651533655145
1084	11.711254031424794
1085	12.780700085872903
1086	12.48310630236184
1087	12.33844352776255
1088	12.272246331577966
1089	12.485023333037343
1090	13.25070024611513
1091	12.874520849044774
1092	12.517492712774713
1093	12.71004616663309
1094	12.957531988774514
1095	10.459918752658151
1096	11.83314028329019
1097	11.262247979026048
1098	10.88301327851601
1099	12.866887002470012
1100	10.306635075833562
1101	13.091255886107684
1102	12.814904260709566
1103	13.414889625720924
1104	11.99507520748635
1105	13.40644970741414
1106	11.999418316489587
1107	13.74884655435768
1108	13.298884798574553
1109	11.115515374092803
1110	10.889418842534552
1111	12.295347712070427
1112	11.857480199555075
1113	12.66274785097031
1114	12.43819641756792
1115	11.474829546828834
1116	12.339369219609116
1117	11.025641214762194
1118	12.752063323520511
1119	11.15106899485722
1120	11.883533285465091
1121	12.17632037255078
1122	11.147211656991491
1123	13.468942775214542
1124	10.139171126148929
1125	11.941651287737526
1126	11.877163377446898
1127	12.066511125309775
1128	13.1937318236811
1129	12.324047471337064
1130	12.872865358648154
1131	11.241161827844651
1132	10.074551496469963
1133	13.544478042490399
1134	13.119276594982615
1135	12.000939981779084
1136	13.094727983625203
1137	12.000893757146939
1138	12.171745712909956
1139	12.470755785971415
1140	12.26666934184093
1141	12.851164465315914
1142	12.325979203669071
1143	11.690064334618103
1144	12.703521463616719
1145	12.233165327550118
1146	11.596004794357171
1147	11.080848369065842
1148	12.57943653949516
1149	10.886790627447995
1150	11.79950234219432
1151	11.42311171520027
1152	11.475643077784957
1153	12.410963398229796
1154	11.58036504065482
1155	13.572565949560058
1156	13.179353363588453
1157	11.919787973771841
1158	11.09807847009
1159	13.220069835474714
1160	13.595609803926587
1161	11.98590753245111
1162	11.329426653062304
1163	11.838625052675175
1164	12.208417570576644
1165	13.457239379120224
1166	11.472572250259027
1167	13.66441180354963
1168	10.960563330609478
1169	10.991378833054986
1170	11.654846646595113
1171	12.888564031361996
1172	13.140677993544378
1173	11.064640259801376
1174	13.785952537683233
1175	12.362606196248505
1176	13.274284942520847
1177	12.13794687954526
1178	12.735029373546773
1179	11.779224020181752
1180	12.20127374274307
1181	10.653299969002797
1182	12.02597229144933
1183	11.918526114060962
1184	12.921125260214403
1185	13.560222113799108
1186	10.38018613310101
1187	12.84179022578294
1188	12.820221710219895
1189	11.314685831166077
1190	12.14261634662629
1191	11.4366737568789
1192	11.224315161358625
1193	12.096555702492228
1194	11.389570481157389
1195	13.452085547558964
1196	11.414489958678956
1197	13.795753025815037
1198	13.020094783178397
1199	12.378219745059068
1200	13.358904221826899
1201	13.85355130816374
1202	12.76290052508582
1203	12.05231075366482
1204	12.151178435847488
1205	12.743295198691817
1206	11.827996966007905
1207	12.04144820912218
1208	11.984709714845705
1209	11.845963039327986
1210	14.087491021680487
1211	13.217925843024785
1212	13.284449404473417
1213	12.283874375655301
1214	12.205645956202975
1215	12.925776694872777
1216	12.725793751874672
1217	12.103121538071498
1218	10.961752074972825
1219	11.653038555571888
1220	12.558657730073211
1221	12.835282144453231
1222	12.334924741385457
1223	11.824493942861658
1224	12.550338860513397
1225	10.581201306627117
1226	11.299878515401911
1227	12.221424112782163
1228	13.361862671010098
1229	11.435477997454832
1230	13.537482768286107
1231	10.410555735436919
1232	11.399636001859863
1233	12.576127639183053
1234	11.4733323253826
1235	13.14362735038087
1236	12.178661717949039
1237	11.907684186505604
1238	13.025364426241833
1239	13.798441251306876
1240	11.48137241776567
1241	13.191325471883792
1242	13.778929692630966
1243	12.858914915234687
1244	12.192336132173757
1245	10.726350722947737
1246	11.989494660112541
1247	12.49229762110716
1248	12.339550608133495
1249	10.968328219143476
1250	10.847405148645569
1251	13.00752037542979
1252	12.627886218755421
1253	12.173174330359325
1254	11.691858455990083
1255	12.280231864508394
1256	12.835180387474024
1257	13.463091325301807
1258	12.019973864388321
1259	13.281652447534725
1260	13.60944960751658
1261	12.086189971086096
1262	11.326999547150495
1263	11.608540532324218
1264	12.64862506218756
1265	13.156801068676177
1266	12.147255625779508
1267	11.880410992930859
1268	11.633413119004109
1269	13.480997431604191
1270	11.629495120766622
1271	12.492936596459582
1272	10.803622481065982
1273	11.213423474850133
1274	11.239530829091867
1275	13.608180155219415
1276	11.148358203121461
1277	11.235706389763212
1278	12.498277348497966
1279	12.13479990636309
1280	13.037859730120447
1281	10.737135363619826
1282	12.327933862702762
1283	12.56333287567499
1284	11.954255923069196
1285	10.895552900704878
1286	11.058180107375268
1287	11.318289361821764
1288	13.247216269168455
1289	13.053008198070948
1290	11.429951173770759
1291	11.093174106987695
1292	11.423311895742984
1293	11.951460662501631
1294	12.048479218723845
1295	12.645360838198958
1296	12.144955891883
1297	11.909839049572698
1298	12.449954684476623
1299	11.918896085877593
1300	10.80594733563902
1301	11.300175905866068
1302	13.452397477557408
1303	11.769301272396026
1304	12.683287172636483
1305	12.486039808874981
1306	12.453249362038067
1307	11.968416357370602
1308	10.895128299956614
1309	10.972980071815286
1310	11.016375334227016
1311	11.770945687203065
1312	12.75255052055112
1313	13.12322826931253
1314	11.57706034266656
1315	12.4663684890381
1316	11.847790098996953
1317	11.306273079815913
1318	13.367040345629455
1319	12.386379731875667
1320	11.944260090705939
1321	13.603723275128
1322	12.485497749049069
1323	12.809110507042432
1324	11.343465581033868
1325	12.864104779964935
1326	12.013146718073505
1327	13.525439815630671
1328	11.980301316284264
1329	11.9865427278851
1330	12.274126592023094
1331	11.294853151708734
1332	12.38628803850894
1333	11.260036572766053
1334	12.235975775397474
1335	11.600201712728344
1336	13.148867665629156
1337	12.323353889354346
1338	12.832217894788258
1339	11.919829108315753
1340	11.952318509592619
1341	12.232238110260699
1342	11.71384954201177
1343	12.634466102712002
1344	12.237119261604837
1345	11.932824290490576
1346	12.644936173214004
1347	11.774281098352125
1348	12.614478183693588
1349	10.543523776889613
1350	10.412200430863873
1351	12.3173679681262
1352	10.637168471442742
1353	13.568547481994159
1354	10.48604263629849
1355	11.657111772608298
1356	11.891218981888544
1357	12.77126663237601
1358	12.966641120569305
1359	12.52450866222304
1360	11.657964556937655
1361	12.272458976456658
1362	10.781002988927783
1363	10.966325624670501
1364	12.018374325707555
1365	12.091652737199247
1366	11.15184105311322
1367	12.409186051085628
1368	12.607364592938534
1369	11.666498716594004
1370	12.689953590571685
1371	11.640725606358805
1372	12.485969550876861
1373	12.55419069446454
1374	13.207547966531425
1375	11.644262552831385
1376	12.630235790934725
1377	10.721745226960628
1378	11.969938061546621
1379	13.338906964362675
1380	12.28581001792724
1381	10.882357153763046
1382	14.203755430941884
1383	12.875584448383261
1384	11.266542602018541
1385	11.920393118337103
1386	12.561652619270953
1387	12.8840266588354
1388	11.131272194418125
1389	12.182784684187874
1390	12.706559665331786
1391	12.421962974999511
1392	12.091858425765531
1393	12.785059240494261
1394	11.677794899519844
1395	11.382867948809308
1396	12.550500801768662
1397	12.731261344137602
1398	12.22191365750817
1399	12.275744626189407
1400	11.235599794084449
1401	12.385617554709766
1402	13.393073952873237
1403	11.451648719955045
1404	11.923749281292565
1405	12.081510668734296
1406	15.56141410857409
1407	12.942354590758649
1408	12.522529497806568
1409	12.921135708854788
1410	13.00624290853344
1411	13.392356905441861
1412	12.298616567840023
1413	10.452619944373145
1414	11.304613445763145
1415	10.18160616962884
1416	12.84183397361272
1417	14.354750701226294
1418	13.289782788639423
1419	12.368898844255455
1420	12.122153134655901
1421	13.164192809653468
1422	12.045253673780502
1423	10.824310607255198
1424	12.823429669387583
1425	12.03185993485692
1426	12.669414208454423
1427	12.76028405038665
1428	12.298982268450416
1429	10.858244118463322
1430	13.989120473535971
1431	11.214745645985959
1432	12.356227686242965
1433	12.349097164701172
1434	12.806211411403233
1435	10.865876928004518
1436	11.696958144848937
1437	13.44666848666966
1438	12.284226462635669
1439	11.917583185275795
1440	12.23073714256303
1441	11.251460124551238
1442	12.569834880635836
1443	11.097370188642914
1444	10.950474030253927
1445	11.045418172058733
1446	12.587399765641228
1447	11.830394806161653
1448	12.17893742949966
1449	13.129143570439721
1450	11.77063244932671
1451	11.554886056580317
1452	12.062339871251025
1453	10.558375331067229
1454	11.852705994652876
1455	12.250365849072114
1456	12.436607984013104
1457	10.878610879162744
1458	11.498441118949458
1459	12.076804386625595
1460	12.873045041760953
1461	13.30254979488225
1462	12.314530864640671
1463	12.992413019508797
1464	10.982371104531921
1465	12.196256951020542
1466	12.71645305693624
1467	11.976572969964971
1468	11.624865364855534
1469	11.01662878386144
1470	11.826964674802529
1471	13.618030615600714
1472	12.359242486420507
1473	11.476338799616011
1474	11.967379722096076
1475	11.266936385422014
1476	11.962962556981662
1477	12.140254165717245
1478	12.339216341812383
1479	12.513526688052112
1480	12.033574578276001
1481	11.272323402121753
1482	12.851265113392289
1483	12.222920958152306
1484	11.164871407533711
1485	12.119719394040688
1486	11.52699134436338
1487	14.19059219936697
1488	10.960860250604602
1489	11.882436856495673
1490	13.218243584629116
1491	12.458013687541989
1492	12.77190241138592
1493	11.554067245361452
1494	12.876721289040605
1495	11.738352275802754
1496	12.822862957510202
1497	11.688426782212938
1498	11.67180537396521
1499	12.524753575926297
1500	12.056742663445704
1501	11.593047008590615
1502	12.96679115216983
1503	11.596568972829523
1504	11.53700273550804
1505	11.795593402663465
1506	12.037795785079268
1507	12.724050705101998
1508	12.410481998631948
1509	12.461045698584057
1510	11.958878875688105
1511	12.60942357416514
1512	10.529069254525865
1513	11.012720419970146
1514	12.122321020145199
1515	12.163522806996479
1516	11.840924756733052
1517	11.657590554891309
1518	12.937542087490916
1519	11.758968634511895
1520	11.457142774286398
1521	11.651723508212486
1522	11.288548702099877
1523	11.173798335649149
1524	11.179464215310617
1525	12.58624181112585
1526	12.144205270210902
1527	12.474735856750547
1528	11.256775969391322
1529	11.787600974629944
1530	13.401973422081557
1531	12.503341081493014
1532	12.806795003197703
1533	11.110974960361741
1534	13.444808922461304
1535	11.36849550132984
1536	12.838005367108915
1537	12.300253497739323
1538	12.363185156360451
1539	13.428065426435257
1540	12.910900720048966
1541	11.604736274423905
1542	13.513546753539703
1543	11.241226239276951
1544	12.864253246570504
1545	12.447540925251815
1546	11.445974110309274
1547	12.348335664665987
1548	13.132314960942512
1549	12.934077076467814
1550	12.459823282777727
1551	12.925101416681528
1552	11.907643521104232
1553	11.297253155772205
1554	11.03868264480226
1555	10.485089398186613
1556	11.917577932328761
1557	13.186418456501666
1558	11.292989360850823
1559	12.964095859113543
1560	11.239702699115258
1561	10.282990252618523
1562	12.683251199266598
1563	11.735810786561943
1564	10.416985269641595
1565	12.243757810909301
1566	12.939744029919067
1567	12.5260653675809
1568	12.487595069320186
1569	13.979018643785398
1570	12.699251579539851
1571	11.649596979380087
1572	13.567374605519165
1573	11.623836461978499
1574	13.168284363265036
1575	12.183713071801078
1576	11.142754069954837
1577	13.06082424392494
1578	12.66635577130812
1579	11.617466139500259
1580	11.1772262300153
1581	10.195738133120662
1582	11.030622679808099
1583	11.858014189397197
1584	12.769888522392138
1585	14.428609201598814
1586	12.250853346342641
1587	11.719431845684278
1588	11.820879899956127
1589	12.814716028809352
1590	12.920053439941036
1591	10.994652067165589
1592	12.1494012504671
1593	10.593286249098032
1594	10.738307827423156
1595	10.563608754189252
1596	12.488977026356483
1597	15.08702966072507
1598	14.371566078919953
1599	12.553833725175757
1600	11.51034025248373
1601	11.92531519133263
1602	11.46291667294281
1603	11.89176569756819
1604	12.789306148013566
1605	12.073323114998251
1606	12.159643122064882
1607	11.698562919538706
1608	11.703223224296316
1609	11.228487698293034
1610	13.554375754974206
1611	12.02867556680729
1612	12.254068956794757
1613	12.806187458727932
1614	11.351509483006511
1615	10.025809974010501
1616	11.743476368810661
1617	11.346156720826574
1618	10.29020625711956
1619	11.037167990259272
1620	11.024773669512276
1621	10.510711491630788
1622	12.356266016681221
1623	13.475140184182527
1624	12.646777852543392
1625	11.905630014821003
1626	11.852375558133991
1627	11.931983745098114
1628	11.645998609882858
1629	12.144477142969503
1630	11.255890566079566
1631	11.731299788605323
1632	11.588498193521572
1633	13.522817668949823
1634	13.522489767299136
1635	12.849419730614414
1636	12.50863828792769
1637	13.178557072618556
1638	11.134690034436062
1639	12.440792629833595
1640	11.764798556587525
1641	12.516861385331405
1642	11.801490679651929
1643	11.11755965157811
1644	13.45079905577586
1645	12.693021557698222
1646	11.720685694554348
1647	10.30456372071553
1648	14.190433932418147
1649	12.309649502392858
1650	11.262187989536367
1651	11.41703177898979
1652	12.806548636079802
1653	10.949838231470098
1654	11.906720014669153
1655	13.065201600638424
1656	13.754966385370459
1657	13.50333577596147
1658	12.015289991667183
1659	12.496688420036568
1660	10.534897122198405
1661	9.976870394868051
1662	13.04248544166499
1663	11.724949982156977
1664	12.165123596989648
1665	13.864852558618653
1666	11.941837005132887
1667	11.124273656240227
1668	12.798551357188263
1669	10.381550046887535
1670	11.358792742493097
1671	12.576763193359298
1672	10.819170665091157
1673	12.399962286853942
1674	11.443217352820323
1675	12.397499176632937
1676	12.35166255922671
1677	12.000809014489112
1678	12.202302210028375
1679	12.849887606506314
1680	12.316864661136854
1681	13.723545634317869
1682	13.77207181883148
1683	11.848441551721027
1684	13.632610101502255
1685	11.494447649615308
1686	11.568313720407717
1687	12.758135482640283
1688	13.950424706164215
1689	12.899050933254117
1690	10.558795077433714
1691	11.344568738736761
1692	13.16292165054862
1693	11.02787146837277
1694	11.125799647268822
1695	11.420689151848235
1696	12.749687528916121
1697	11.0563597311778
1698	10.134653552874134
1699	11.968178322937872
1700	11.820817853629313
1701	11.582235408200619
1702	12.071627605641977
1703	10.301306992716855
1704	12.74382354222287
1705	10.825916349468752
1706	11.605561430593731
1707	12.07363189764482
1708	12.229060705281823
1709	12.77743054479968
1710	10.460763765462408
1711	14.062654475720288
1712	11.280473220503024
1713	11.830289646438734
1714	12.188366318309798
1715	12.075814818269002
1716	12.589052283009025
1717	11.596008889445821
1718	12.02061453986292
1719	12.68843531715233
1720	13.045968266214745
1721	10.904881709388324
1722	12.14823290782694
1723	12.888099988286452
1724	12.659517960808497
1725	11.648759488264382
1726	11.556583112016828
1727	12.247902143781891
1728	11.429777820211408
1729	10.994107262473554
1730	11.65543594121884
1731	14.52761074399837
1732	12.049428053258453
1733	12.61615108300087
1734	11.31426362210273
1735	10.610843764247088
1736	11.013442425703209
1737	11.94292997021922
1738	11.311820299557313
1739	13.009646128097577
1740	13.730639862717362
1741	12.347757668444412
1742	13.331051769743985
1743	11.709688060411281
1744	14.400370288348164
1745	11.892596758238257
1746	12.635206284440057
1747	12.995551897943592
1748	13.340850120997056
1749	11.231867638128321
1750	12.551873614545912
1751	11.436941059038508
1752	12.077270557299995
1753	11.451754267082613
1754	11.854136492318222
1755	13.307782384979268
1756	10.793553938019054
1757	12.572289428195088
1758	11.94383258770061
1759	11.746977042992889
1760	10.931351058486175
1761	10.99663616820649
1762	11.588980940976539
1763	12.862046768810027
1764	12.893815238061558
1765	11.182737503047013
1766	12.153821383148344
1767	11.52241702092363
1768	12.198156941972117
1769	13.359573386034326
1770	11.870428990147877
1771	12.41167870672563
1772	11.739781563567618
1773	12.815955639346308
1774	11.592046807337153
1775	11.915795308368866
1776	12.02800782875377
1777	12.59536995157938
1778	13.144863803137559
1779	11.970475890712502
1780	12.893307255442219
1781	12.127010930379454
1782	13.68784497112104
1783	11.283710134983586
1784	11.382161434852362
1785	12.715179103440331
1786	11.93342322784699
1787	10.835787496349075
1788	10.779864554056676
1789	11.388483563621872
1790	12.41471804652363
1791	12.541608758401352
1792	12.642862806495812
1793	11.547044628865219
1794	10.012170301048336
1795	12.993594275530317
1796	12.131528092393031
1797	11.742467953552508
1798	14.230984935340672
1799	12.196909465423476
1800	10.996992512078982
1801	12.210800124662603
1802	12.206614887887554
1803	13.637995425041469
1804	10.058636269732297
1805	10.218794197144193
1806	12.316178266254163
1807	10.852484870723195
1808	12.700829415294963
1809	12.132285689095928
1810	12.322363228030989
1811	10.675498907383849
1812	12.19109592518888
1813	13.739437428430392
1814	10.761910391920246
1815	12.730109107169403
1816	13.399538950665692
1817	11.378998221723702
1818	12.554360306588933
1819	11.369773574986384
1820	13.198865569494956
1821	11.088135652864972
1822	13.11676508283465
1823	13.174593936548963
1824	12.179183012449785
1825	12.350721417848641
1826	11.659034360077625
1827	11.817143625389276
1828	13.214227570110763
1829	11.739865350690181
1830	12.40647309171618
1831	11.516510120782952
1832	10.421692689002509
1833	11.20243264284253
1834	10.830226994110454
1835	12.655109581165911
1836	11.551824914843904
1837	11.773351861438114
1838	12.679322376839098
1839	12.771375424902848
1840	12.755361732762015
1841	12.395206179625044
1842	12.670369982854218
1843	13.185024286171288
1844	13.99245059164241
1845	12.738561146572465
1846	13.497281165152156
1847	13.469811910840994
1848	11.794583464538762
1849	11.548724043518463
1850	11.883320092189345
1851	13.29738492477512
1852	12.901299672674698
1853	12.399907502726736
1854	12.58409308462276
1855	13.310776832955293
1856	12.203350237120826
1857	12.419562782125118
1858	9.379586478765123
1859	13.489116187841217
1860	11.94344298314536
1861	12.21407067141871
1862	12.690007835772692
1863	12.163125678011316
1864	12.084260410847788
1865	12.044744283430711
1866	11.6050172543386
1867	13.638980461019573
1868	11.832405515629402
1869	12.42410848625903
1870	14.669955271425092
1871	13.13916685500411
1872	10.684121556565811
1873	11.664300900780095
1874	11.408727243801373
1875	12.138040513694776
1876	10.75437197712218
1877	11.566986476827081
1878	12.217435767258783
1879	12.580478672981068
1880	11.622462671250105
1881	11.644407506349186
1882	12.827468000879547
1883	12.000599030476144
1884	13.072187534162367
1885	12.105241223599698
1886	13.0762040308369
1887	11.752836327857544
1888	13.743556416888412
1889	9.96081453842698
1890	11.231092509599861
1891	13.768239651398101
1892	13.611944965984456
1893	12.584294102793814
1894	13.313232827455153
1895	11.162351275362502
1896	11.258372244094824
1897	11.69186091926588
1898	13.40947718532419
1899	12.003154508481433
1900	11.30620050899339
1901	11.869636454846477
1902	12.588659698159386
1903	13.508738412351876
1904	12.357292817392368
1905	13.591332618267305
1906	12.732032779385694
1907	9.754193917007708
1908	12.330886297646542
1909	11.474755191603132
1910	12.183835489781234
1911	13.049381439132487
1912	12.393132545707518
1913	11.533068876562378
1914	11.203693436524603
1915	12.46957839610857
1916	13.417306836741599
1917	12.108464980313945
1918	12.813959822603042
1919	13.237761149542285
1920	13.080077879908258
1921	12.792450922260729
1922	12.487731412822633
1923	13.446544503749712
1924	12.586681312336944
1925	12.408054130485057
1926	12.361042949383084
1927	11.822788905031048
1928	12.766085663334803
1929	12.286738039658909
1930	12.190523847107492
1931	11.462038134472095
1932	11.725937970803075
1933	12.026286594168697
1934	11.409294849882523
1935	12.53171369060057
1936	11.093605928990405
1937	10.984745611043763
1938	11.42342362136237
1939	11.426651060202857
1940	12.054843630819747
1941	10.815686593898995
1942	12.930307180530773
1943	11.539419971680138
1944	12.256906059227491
1945	13.333552251252796
1946	14.47020744104785
1947	11.297984256910286
1948	11.665073252586728
1949	12.974902565666843
1950	11.864086978817603
1951	12.166721152314436
1952	11.670273657839157
1953	12.319929899136367
1954	13.127748686196083
1955	12.265847472141363
1956	11.237704552042608
1957	13.63661011187523
1958	12.274819108089758
1959	12.143350574589366
1960	11.741221408834871
1961	14.321767804668621
1962	12.828276481940756
1963	12.080405121914703
1964	12.349422057889306
1965	13.350742034672294
1966	11.137167521286756
1967	13.298096667863623
1968	12.169944260611373
1969	12.682185232801924
1970	11.203445812926761
1971	12.531407730784593
1972	13.892812964407941
1973	11.887992811589356
1974	11.951219441596715
1975	12.268890193289183
1976	13.35801790187179
1977	10.26826081539576
1978	12.25370173359386
1979	12.227086616164472
1980	12.035353173599823
1981	12.783824978786152
1982	12.387719127658192
1983	12.591161396984685
1984	11.760544385117967
1985	12.21704486612082
1986	11.105681361225969
1987	11.334910057757472
1988	12.928188218847692
1989	11.483686025034183
1990	11.798558942628006
1991	10.542814466297965
1992	12.295213409560406
1993	12.184801711838004
1994	11.40961040927642
1995	12.439741869329008
1996	12.541318102001796
1997	12.9438350014011
1998	13.562033666103767
1999	12.281642489917836
2000	12.03414369434838
2001	12.105709200520069
2002	12.292271224368985
2003	12.524151973253073
2004	12.00373658067927
