6	15.592029835766208
7	18.43315407372033
8	14.894591552303043
9	13.25785376987309
10	16.83873786301539
11	17.92259442810684
12	17.1415868687453
13	13.627681236106323
14	13.266435943740746
15	15.407746153304874
16	18.142001814059345
17	17.629117877049083
18	14.898088222246257
19	15.477483456708008
20	16.374402372672787
21	13.86896937823099
22	17.247469743366075
23	14.935343538965542
24	17.059459064579574
25	14.160556775394488
26	18.411347750670625
27	13.59465267198324
28	18.638115170787852
29	17.040971817049435
30	16.148462097267114
31	14.835894958619331
32	12.232828271279248
33	14.61283670309794
34	15.95884937330486
35	16.129840767303186
36	18.116109648283235
37	15.573864717959788
38	17.07252406655217
39	16.73746493580887
40	16.59449067406141
41	14.399202839849698
42	14.603760040804739
43	15.154147257434948
44	13.087983868788035
45	14.402815810148955
46	16.14241762884501
47	16.08639535306376
48	14.506241550301553
49	16.662382729965323
50	17.884653329255283
51	16.640896870078233
52	14.811653333038077
53	17.096736546129375
54	13.679269978983676
55	17.19341957034437
56	16.34946703167521
57	15.21909848138254
58	16.26865574729623
59	13.539580068662088
60	15.671659702513969
61	15.845172764313963
62	14.314342799619137
63	13.288689536099374
64	16.029478990780675
65	13.713460773975536
66	14.745707162102748
67	14.401866938007812
68	15.936489603646727
69	14.853728326514863
70	16.14593141725618
71	13.986323949417212
72	17.036434764644255
73	16.90502099480059
74	14.923854911749649
75	15.056207378513092
76	15.523905345082133
77	14.587535697821615
78	18.144877802794117
79	15.765812342871696
80	18.304487801582344
81	15.049648242123897
82	19.23104049655861
83	16.558575244313236
84	13.047132610280979
85	14.5950697749033
86	14.697720794467992
87	16.665300614492427
88	15.026816439856638
89	17.257205426976817
90	15.25445367559536
91	16.567070588411983
92	15.002284247067228
93	15.716837001014852
94	16.005434167657892
95	18.108785306449604
96	18.758736444941153
97	19.20357176716825
98	16.08474156025446
99	14.258454966009042
100	15.481940486857333
101	15.45271908965168
102	16.863487476931805
103	19.323990758286627
104	14.341534013291827
105	15.688579720233697
106	16.257227285326703
107	16.407592351252756
108	13.598306173583357
109	16.59224383847447
110	13.564870557347604
111	16.37468886231382
112	17.53957869221667
113	17.050003728213007
114	11.574247226870357
115	17.35459877072244
116	13.453391878600131
117	10.516748565609369
118	17.320394260388625
119	16.629607222604555
120	14.514943816448927
121	15.657246564560763
122	19.05612368619004
123	16.104568415205744
124	13.926624435282552
125	16.17483450547365
126	16.99975491800939
127	16.377715431227667
128	18.635637508546658
129	11.835906415046695
130	15.270786866739586
131	14.192216412768865
132	15.734119888488568
133	15.111238859630928
134	17.21994625015169
135	16.643195223224943
136	14.91289380559905
137	14.597593602566317
138	15.098700022466558
139	15.678070300559101
140	17.236595055896817
141	14.818003200335495
142	14.773582545249049
143	16.576415349290354
144	13.36545906354362
145	17.779428876949776
146	17.095956279626087
147	17.67151263160251
148	15.922366239998352
149	15.544324324116719
150	17.071096741640797
151	15.722112924290132
152	14.904946342789152
153	17.417006087004168
154	14.56793164061489
155	14.564952394704749
156	16.20689367718853
157	15.845512389749828
158	16.4982544984947
159	15.244125664075895
160	15.16382264621863
161	12.448132524089571
162	18.352541693796276
163	15.390153901498623
164	17.008884446736094
165	14.564302108837927
166	14.728500415434274
167	18.491444449284288
168	17.225743270674528
169	13.24186388424813
170	16.601372722835713
171	11.118251962026429
172	17.050948915796287
173	12.934953604423315
174	16.003217676640475
175	15.61904376716167
176	14.6852986880756
177	16.163247467655662
178	17.634765437377077
179	16.827328133272797
180	14.346373178903304
181	16.31216160232281
182	19.105534457856454
183	16.342744770115154
184	16.996978447974175
185	13.850103788615913
186	16.417046567482153
187	16.04616408536515
188	13.630984236763082
189	19.041336456846107
190	16.11098597893657
191	14.425327868087992
192	15.796850606142813
193	17.093187587081204
194	18.93722468053809
195	13.741939651325469
196	14.091850836961678
197	15.763901418182696
198	17.75464346695477
199	15.591510021798715
200	14.950388935171558
201	13.341897104508462
202	14.7619439421097
203	16.38272952126336
204	16.303842523239677
205	14.563424015064337
206	14.798060158037995
207	18.48695450664212
208	16.78301364503111
209	16.867312011269313
210	14.328295409089638
211	16.15488904581924
212	15.998796547567421
213	19.249298121436038
214	13.611451347711045
215	16.704357899118225
216	15.163315390456946
217	15.388618592182036
218	16.179918016151074
219	14.083455456721518
220	15.661417988003771
221	15.273588935593965
222	16.77629902251869
223	14.71418293865473
224	15.572830994523288
225	16.431159421495703
226	13.764084658651761
227	15.538808512081145
228	17.268862195274732
229	15.66275442375822
230	18.626364965503164
231	13.967769237995416
232	13.716883354186795
233	15.91713482277563
234	15.101775799032833
235	16.450434819685626
236	14.781422522013742
237	19.502434962585113
238	15.901361638315159
239	15.480050879637929
240	14.088425939358231
241	15.867356823509143
242	14.817879730293436
243	20.922499389020455
244	15.909437010499698
245	15.610977040451544
246	15.656671895356551
247	16.506251367358253
248	13.682301710941829
249	16.14989747478237
250	14.871289646223547
251	12.289101034777039
252	16.070076739874782
253	12.2817561841201
254	18.17007576986862
255	16.19214696583304
256	19.097473641061555
257	15.100308558733667
258	15.397250379040841
259	16.770435762725985
260	14.647206328399061
261	16.687283545935813
262	16.620694118732875
263	14.575288098348688
264	15.913054701656502
265	16.70223748218653
266	15.480175916591454
267	17.368933819807317
268	15.458062012455882
269	17.740413074962078
270	16.719595991925917
271	14.97073502214436
272	16.64230472868845
273	13.784360612537345
274	17.030554430218817
275	16.16304356336496
276	13.915578664309109
277	15.531927591560388
278	16.323122540143817
279	16.5798611577567
280	12.185972500807747
281	15.79307436546633
282	14.584530801508956
283	16.319408644608828
284	15.078823749554894
285	16.29647008396449
286	16.50206580883512
287	17.076863266295646
288	15.9722479231198
289	14.939340826139828
290	15.047746072505834
291	15.221737056183754
292	15.825278303164382
293	13.242375985688513
294	18.634097543048433
295	14.603186101977737
296	14.170117557118449
297	17.343821180513082
298	11.07240640831324
299	15.637897570905503
300	18.37620064195106
301	18.016474522288892
302	13.95314227700117
303	14.683332455387815
304	16.008267804883456
305	17.762137708041216
306	13.213921484405619
307	14.999636719423386
308	14.71318777625962
309	16.92551345863784
310	15.612508141902557
311	15.094035258973017
312	15.678881858881061
313	17.386536298657106
314	15.759383451336292
315	17.186371208087532
316	16.82359007247684
317	16.46023523506093
318	16.53239845525776
319	12.997942315378806
320	16.627436543611683
321	12.671743071260776
322	15.148336979185894
323	17.773890279880703
324	13.542401110706715
325	13.405393457908499
326	14.391947019024167
327	12.478232520416372
328	17.15365636137708
329	15.804884360446696
330	13.831547692481248
331	17.864191799920075
332	15.533116368422634
333	15.36951615739963
334	14.58891693867396
335	14.648286818031105
336	15.12425327274832
337	16.261265161884218
338	18.914666632965144
339	15.454017923806852
340	17.650145949717885
341	17.05831759188115
342	15.771391232873981
343	17.70354874189469
344	14.451524712739047
345	13.648565704617532
346	15.130407227382683
347	14.986352503049877
348	16.222212483687233
349	17.816506354155575
350	12.020929846913765
351	16.88374305209043
352	16.547766691540023
353	16.32477347137209
354	18.39816502961935
355	17.167280313672908
356	13.499201112881723
357	14.023174652917959
358	16.394815647877724
359	11.40410504680194
360	16.58806474987862
361	14.583617543660305
362	16.823995493486485
363	16.925104637725052
364	15.972800134487535
365	18.51754106952231
366	14.558826925152463
367	13.07995879127644
368	16.92363904508889
369	14.053172159189192
370	15.488285398356737
371	15.579598140884361
372	15.789041486928369
373	10.019389976940282
374	14.131386149693256
375	14.207354736630805
376	14.596175327699306
377	16.367398553385826
378	11.398232214316424
379	19.044207014781172
380	13.375764685462595
381	15.958175068152794
382	13.77483324913434
383	16.80303937499781
384	14.634101473909686
385	16.150929078448886
386	17.342946687537378
387	16.703621506428323
388	14.2879176342302
389	15.831126880132139
390	13.967742727068911
391	15.709778845713556
392	17.08210755506436
393	18.27977178842937
394	14.368173485285645
395	15.811949964144354
396	15.54411038210862
397	14.591456685844106
398	17.15151067020183
399	16.58598159494928
400	15.41690477212992
401	17.2690114362712
402	15.875756901104767
403	14.54014500244217
404	16.993514043011853
405	19.988847009770463
406	15.618802019871179
407	14.156147925392313
408	18.95058388772126
409	17.111278288245344
410	18.419547350614994
411	19.20128944934363
412	15.180600830675226
413	17.387616210831258
414	17.070515069370884
415	16.118131667779004
416	12.179371104736104
417	17.331389407028322
418	17.655098435866588
419	14.367330092127139
420	16.221052105037963
421	16.578629765987905
422	12.477829036454475
423	16.102767722369485
424	16.230497602786702
425	14.382470373234842
426	17.338330921066177
427	14.946970867074436
428	14.536352127781294
429	16.581996247417578
430	15.559832671386287
431	14.83443091721055
432	17.03724691593521
433	19.097379575105922
434	13.368765159571348
435	11.322651855528125
436	12.493804645386332
437	16.055226056979308
438	14.049097190691988
439	16.174065421222025
440	15.657087918874652
441	18.44999316315819
442	17.309363095787905
443	12.442998836333684
444	16.149443802294055
445	14.693231131862495
446	17.93267224346017
447	17.745992870331616
448	19.471312473020046
449	11.112773572293614
450	13.812254333721025
451	17.714231268473668
452	11.171494221511436
453	17.19907779930196
454	15.597124770295881
455	11.459199151874255
456	16.459871869786486
457	14.470269566974602
458	17.03303982458926
459	15.066512728748137
460	15.033210132054174
461	15.278696447308988
462	16.609001531963244
463	13.746076451283578
464	15.91032898235218
465	16.57683298624141
466	17.00235371364803
467	16.55736437303937
468	17.03663753106499
469	14.64749915972914
470	15.284920342253873
471	16.040483660034916
472	15.691201114361066
473	15.004919328953086
474	18.075710755235853
475	15.313150152690321
476	17.0903504322313
477	15.681065242099516
478	16.65013524377448
479	15.4864848630555
480	15.037688801292761
481	16.13835942021877
482	17.39624792132507
483	14.547982981747227
484	16.797914586631737
485	14.57924115471386
486	14.300703592233136
487	18.52065917799251
488	14.944014295978462
489	14.290554818365626
490	16.37100181621674
491	15.686347483932282
492	18.262509057588378
493	16.803429733220046
494	16.968981326484826
495	14.333159931062255
496	18.116952167897164
497	15.659443650924802
498	16.216335889782385
499	17.64761253994697
500	15.655923037399193
501	17.838197351528276
502	17.57181737734757
503	13.384841504669042
504	15.179984093848585
505	15.083929541411049
506	14.128669845469291
507	16.42756833510133
508	8.333320025292778
509	18.89771653647288
510	15.811927539968543
511	13.754103510779613
512	16.86522048526658
513	14.707732433919803
514	13.960334656608364
515	14.392663496881744
516	15.30270505014817
517	16.91981461838991
518	17.30614459299009
519	14.557053422845712
520	16.61818843529909
521	16.210117424711676
522	12.712652818339848
523	14.421401293456096
524	16.385605096748726
525	17.476371997768375
526	14.926290949102787
527	17.226675365441345
528	16.457008242437123
529	12.479467126561145
530	16.573751789342037
531	12.314267676897263
532	13.724446478036109
533	16.48826705570891
534	19.62333117473366
535	15.98001040721826
536	11.31724567757111
537	17.58178424484504
538	17.13709500866792
539	15.801650511429417
540	17.666956544619776
541	18.086639432917284
542	15.378072427850888
543	18.850213430746567
544	14.024517352738435
545	15.74378088455283
546	16.66991850715149
547	17.326577313014617
548	15.88542094815208
549	16.622018247201463
550	16.53424777953466
551	14.34188730096672
552	15.163669408612666
553	14.128115388869176
554	18.264263359022838
555	16.83076346704027
556	13.92946107058006
557	19.784986052210545
558	17.997515828017793
559	14.64597929634898
560	15.69588087327746
561	16.31522585602943
562	15.481198352716012
563	14.858820759705218
564	15.662279522129877
565	14.232692310188234
566	11.989536994046741
567	14.606070216058034
568	15.887716866094895
569	15.279019603330532
570	15.906081953207185
571	17.376633983440808
572	15.307817824912878
573	15.022527826726344
574	16.382315210603455
575	17.30489595346494
576	15.829982895332845
577	17.9338102044765
578	14.728915115298125
579	14.378193358356185
580	21.216116874706046
581	11.933540794689815
582	15.033906831705274
583	15.643620386920297
584	14.305029466089001
585	16.18505055685726
586	15.58174853278489
587	16.070520794316028
588	15.480798549785623
589	17.756208431392746
590	14.267304931982654
591	15.95180089982064
592	16.517730151989962
593	17.022799608117204
594	17.42627354507657
595	14.916340435917627
596	12.867787875431878
597	18.88492789860194
598	13.809281710760843
599	13.513202451565302
600	15.371324721506895
601	17.721358865897493
602	15.40775717922952
603	17.22835403955731
604	16.7288955909973
605	11.487589215812857
606	16.53317823515938
607	17.96463800495183
608	13.395157544270235
609	16.43450117577087
610	18.01108723301295
611	16.135269079279453
612	15.19575638124176
613	15.299014333959219
614	18.719309927897733
615	17.76987735764795
616	14.018380318559206
617	18.057226039687876
618	17.329894684291105
619	14.466763456508893
620	16.349583728244045
621	16.882161669962027
622	15.324882965335936
623	15.317154511470848
624	15.54109322489143
625	18.1310600844425
626	14.46757525695452
627	17.273386322088115
628	17.053573424750862
629	15.662244828220675
630	17.257993926127117
631	14.71010471196649
632	16.687668948552446
633	17.948349137028412
634	15.826619594256249
635	15.476633476306587
636	12.571469870420554
637	15.171253758900308
638	16.860071688408553
639	17.03376549915566
640	11.649197768333833
641	17.44723579324543
642	14.514176639426937
643	16.18497042753874
644	16.02376375940798
645	17.588676215123783
646	12.927232535982816
647	16.225168045294204
648	15.110137383802794
649	17.64667855191004
650	13.941778366283689
651	16.433259290459297
652	16.60024001141234
653	16.14923055406101
654	13.121434154289696
655	13.37540296081731
656	17.663476115852827
657	14.787149077364244
658	14.178100827110466
659	14.37655281094661
660	18.140107760526558
661	16.290652501123596
662	18.43278777640174
663	13.75805771581411
664	16.656681984135503
665	15.11411935108563
666	12.356330379517749
667	18.34605863625995
668	15.91542534019088
669	17.160317392414434
670	13.304335293018319
671	18.337877204292454
672	17.735361604031358
673	16.773845884687795
674	16.617354935739094
675	15.617006117605257
676	13.692605146280307
677	15.516307361585056
678	17.107901301275408
679	13.447290115754207
680	16.28955349707921
681	16.101930599251574
682	17.205561711111855
683	14.915300824112283
684	17.218024179288733
685	14.488727903469805
686	14.761928368713019
687	16.576973806054372
688	16.635958997837268
689	15.999908641285424
690	12.283298134235391
691	15.178533764516454
692	17.734407032371188
693	14.081832891866547
694	18.137482400276376
695	16.742974675031533
696	16.4035266790969
697	14.026177141454406
698	18.04042777810463
699	11.576680133149976
700	19.26355043330739
701	15.955167461641173
702	15.595019375076056
703	17.91578232793884
704	16.266091163077462
705	13.478436800689213
706	18.100994692354178
707	15.65081083665367
708	16.485107046029487
709	17.117320216474106
710	15.928496398240176
711	16.61091204934734
712	13.805894451403919
713	16.9667478589793
714	18.190500488816564
715	12.463558779061545
716	16.227466459752968
717	13.186786548094064
718	16.79692838369654
719	16.217864756428597
720	12.324976772754127
721	17.156486967079967
722	15.230277776419722
723	15.897684253356136
724	16.111581146429646
725	13.326080058410298
726	17.343815568603475
727	17.426971577884007
728	13.736179807105877
729	15.523824935186665
730	15.386624857236672
731	15.945088244845019
732	15.595555768621717
733	17.383761290553956
734	17.65631870738941
735	15.460808461176283
736	14.699027547267042
737	15.705337644362542
738	14.095958159940148
739	13.775149538046117
740	16.085785119801365
741	14.165402159718136
742	17.46561344695718
743	16.930007096471037
744	16.756947097546742
745	14.150387693672409
746	19.425262763460236
747	17.52030639923363
748	15.8516149270966
749	16.19762441279485
750	17.627467910103643
751	16.1861528747971
752	15.027801929756242
753	16.86246186166502
754	17.129613531822642
755	16.631857829938706
756	14.687405502568486
757	15.081785888969003
758	13.873893670291737
759	14.382283681164058
760	16.029479763368546
761	15.453297491886588
762	17.66972751802311
763	12.818067951518525
764	17.518842115997476
765	15.417906229181884
766	18.44764428209358
767	17.343734021043314
768	17.80138235096907
769	16.36387494819878
770	17.30214350745664
771	16.725406723222115
772	16.440716540595236
773	14.12946983417731
774	18.325155916815515
775	12.157406108970246
776	15.677189752128422
777	12.839165613691733
778	13.894843403120028
779	16.445293359339324
780	16.57931423198808
781	13.275563100158857
782	13.414538383690259
783	17.149425944132926
784	14.59416657757063
785	20.81775782883802
786	11.920223047932316
787	19.88252583764427
788	14.047227136713627
789	19.547392333486957
790	14.403927009591248
791	14.527980345074536
792	14.167592709434837
793	17.622802816225953
794	16.039909315374064
795	13.503713648691773
796	19.06059548557412
797	17.460785636942845
798	15.389178897391751
799	14.653407827674867
800	16.219690223533338
801	14.392518604953034
802	16.045552673030667
803	13.476489415989475
804	12.995172822521711
805	18.371777598754658
806	13.140229771471754
807	16.357279221461226
808	17.193526255090006
809	13.060819022241049
810	16.751582578678306
811	16.082741382809324
812	15.667714152731364
813	17.623001746828475
814	12.064801155420785
815	17.602577260741963
816	14.141452309988065
817	17.489568884592327
818	16.45834109996357
819	13.0470905447039
820	17.294404231179687
821	16.427429640171574
822	16.4606870901048
823	16.353798682322605
824	18.07467055524168
825	15.270157648437431
826	16.317247695286515
827	18.492691645122957
828	15.53150965689565
829	14.83296714604904
830	18.680493785786876
831	15.983644947992515
832	17.456969428518367
833	14.185981130171946
834	18.159848751894007
835	14.561239728093591
836	13.759805332258788
837	17.119643563028042
838	18.033586174271477
839	15.504992009659006
840	17.343146557689543
841	16.55347606558715
842	13.662977632391952
843	14.807729074870897
844	16.945295218825535
845	17.721643900046836
846	15.525169143616386
847	14.78112192146687
848	12.197310510013446
849	14.89581772051315
850	14.134200041284728
851	18.239978022553753
852	14.376230273312398
853	15.66600378653118
854	14.705079542670864
855	12.139806273614898
856	12.77654745424705
857	17.957951587586354
858	13.516840053878822
859	16.162560437311864
860	15.65325686720556
861	16.72497969559576
862	21.896979034803913
863	16.69484866329134
864	17.50897290209173
865	15.725737765792758
866	13.886045860739735
867	17.559732275459947
868	13.585171924149527
869	17.813423802379894
870	14.042147618282417
871	17.00756163790867
872	13.811781056226637
873	16.229738230657286
874	14.518654654887293
875	16.048273145920426
876	12.544572319682246
877	16.37367744718809
878	17.389307201468046
879	17.23711639045219
880	16.262787147599738
881	18.09279494535544
882	13.60353795778887
883	15.832961934787535
884	15.67854512124547
885	16.312929692513055
886	16.801451780977438
887	14.660664974037187
888	13.595713112454558
889	18.011132665909827
890	18.413037475670155
891	19.37644912560051
892	13.28648175146719
893	17.44409254988884
894	14.742693483372397
895	21.413606215775122
896	14.152363911903064
897	15.149869262508583
898	18.636759734603952
899	15.875998900691329
900	16.333772519293785
901	12.002342367890135
902	18.583039697352795
903	17.17360776385117
904	13.386525547328205
905	17.75784320586814
906	13.037450145423715
907	15.795213845377967
908	16.842026327006433
909	13.184013744613988
910	13.561328342740266
911	15.437474865307177
912	15.902680572106489
913	14.223128362253362
914	18.41928995526137
915	15.599923130906262
916	15.634387725745746
917	16.228566598813632
918	18.041856513299003
919	15.476750469050156
920	14.819882091290392
921	14.114140109571142
922	13.614230725576766
923	14.352342457458144
924	17.467002742622217
925	17.089141660089343
926	16.70175898777404
927	15.499313746896805
928	15.628963519879749
929	16.359593425296172
930	18.024220235271414
931	18.484083005609467
932	15.432110768718838
933	14.853554982411293
934	12.99958907457767
935	14.804569314345896
936	16.57603713143908
937	14.844686046948219
938	15.601192351120464
939	14.056841251874259
940	14.412426698022944
941	17.327796258151775
942	14.720512932028383
943	17.919781585634336
944	13.588374767974829
945	13.031491965614716
946	16.16943280098824
947	13.922532949820402
948	18.302667775418765
949	14.534181802533567
950	13.435864104630891
951	17.787413438065514
952	16.397540482561862
953	15.81395719288117
954	17.39231065018267
955	17.29287495267333
956	15.222107012423876
957	12.394206948779232
958	17.49639499832951
959	18.23397234021985
960	17.69280927944332
961	12.761895574175059
962	17.21199331505255
963	15.289153748955396
964	14.859831947276943
965	13.43734296678541
966	16.79575290385401
967	15.616202421784543
968	16.58581944946908
969	15.723348401486874
970	16.80944339392277
971	16.350893567544517
972	18.657367372646696
973	12.695878236684674
974	14.231393860836905
975	16.728851081224754
976	14.802226394013045
977	16.285869554687707
978	15.969757934228193
979	16.672706590077578
980	15.642638266210321
981	15.984724321834031
982	15.653393808463665
983	14.68494130987383
984	12.79057981402568
985	18.06365964684237
986	21.10007214516712
987	12.129642733693537
988	16.133064989232533
989	17.2798781664541
990	17.039680892451564
991	13.902115279628603
992	19.93264784909649
993	13.887343110285476
994	13.571022701806214
995	15.274916755304899
996	19.37622173214304
997	16.689189736831135
998	16.555393722264313
999	17.97575838422765
1000	14.889118114804806
1001	17.601351190866893
1002	16.59961754775577
1003	17.96931826162455
1004	17.453203739822346
1005	16.13092872684339
1006	18.284503155911153
1007	13.342701819026843
1008	14.877670347219507
1009	17.61594565014968
1010	15.239791481576892
1011	18.25630454468061
1012	14.311564011960145
1013	16.816059675868257
1014	15.190538765332958
1015	13.261577511761272
1016	9.938296197629825
1017	14.234075051606471
1018	17.847773014818085
1019	16.46680609931228
1020	15.869618291615797
1021	15.848543422138471
1022	13.822990182748002
1023	15.604219762176703
1024	16.32018671945984
1025	15.701399187969573
1026	13.896146063654063
1027	15.102322217775509
1028	19.397876951436047
1029	15.161917281424888
1030	17.349697185817615
1031	15.221212124059269
1032	15.919840798244042
1033	16.193726867672012
1034	15.427448550029657
1035	16.936379764956655
1036	12.075772968253762
1037	14.396586059972018
1038	13.271862108742353
1039	17.127050902455107
1040	12.675100079420279
1041	18.809385674971917
1042	16.463841273889045
1043	14.944456648615951
1044	14.293317264817787
1045	17.032293325669112
1046	15.52549646069836
1047	16.46431750467678
1048	9.50183577900273
1049	13.755757683775121
1050	16.106799562182278
1051	14.967971705511832
1052	16.58858588207513
1053	15.432557492308613
1054	13.39298574590745
1055	15.14376330527212
1056	14.803949038664717
1057	14.564436145072673
1058	16.733865720563028
1059	18.32151989268233
1060	15.350348279377174
1061	16.19056448548471
1062	15.527298707572067
1063	15.309553929902822
1064	17.01380495623036
1065	18.357145321434082
1066	13.758554636121263
1067	15.533390849437042
1068	16.85528460490305
1069	13.399956193355406
1070	16.75632969188712
1071	15.577633046856432
1072	17.25712102228169
1073	16.528397923191143
1074	15.571730823474354
1075	18.00088951069186
1076	17.59350347097517
1077	14.304620311942417
1078	14.070030424969666
1079	14.215562537790047
1080	19.053639630115523
1081	11.469752992918789
1082	16.97443868122978
1083	17.50083213324388
1084	15.955412183402894
1085	18.987087857025696
1086	17.61912796519558
1087	16.843636142344284
1088	16.165935802431303
1089	14.687134655134287
1090	13.837530195960657
1091	15.1616499352445
1092	16.726918519293477
1093	15.618703639624806
1094	17.70882013357604
1095	17.08730627072824
1096	18.511795181332467
1097	13.67009814234173
1098	11.88251171393715
1099	18.20697155107269
1100	16.153514498081194
1101	15.999133465378108
1102	17.29106568577165
1103	15.463727101231491
1104	16.12584358942695
1105	16.684909849919464
1106	16.47193306428894
1107	20.830125558724294
1108	14.793087611945035
1109	13.104964963178897
1110	18.19349521003716
1111	15.95938915771759
1112	14.798536276588319
1113	17.123482613566463
1114	13.886200102590307
1115	16.145263705822007
1116	15.673380991078501
1117	15.86604743020414
1118	13.534620557395781
1119	13.633732392386916
1120	14.234077118369111
1121	16.724180149651023
1122	14.7598112751931
1123	17.137333136095695
1124	16.8165922047915
1125	16.628820786746623
1126	15.933082479532612
1127	14.700493028032767
1128	16.06714558029366
1129	14.561726956889958
1130	16.04369137581082
1131	16.798941171498154
1132	15.394305199533342
1133	15.616109431966574
1134	14.541388195460165
1135	15.967996286967375
1136	17.79653267631086
1137	16.637862825303454
1138	10.851252312351967
1139	14.595689164287801
1140	15.571439630308644
1141	15.04059625885533
1142	16.466106580353134
1143	16.864240007585387
1144	10.699336981409017
1145	17.725001631419563
1146	17.83908780931872
1147	16.471627265988634
1148	14.424192982063868
1149	18.060038121730813
1150	15.703970155589666
1151	15.746928998680655
1152	15.649923721350037
1153	18.290822429571495
1154	14.572730423430478
1155	15.359303943453783
1156	18.725531534252998
1157	18.30297750157304
1158	15.34708393333395
1159	13.408685152401272
1160	13.81776092337921
1161	16.341869968501467
1162	14.179607118514832
1163	13.008477239444835
1164	17.80563641023638
1165	16.947095495390627
1166	13.930469069907323
1167	17.010826751092438
1168	16.13333368567356
1169	16.790109397776156
1170	16.151623025132146
1171	16.698279641327574
1172	11.976681609830374
1173	17.148765867948534
1174	17.89942418856306
1175	15.466203576490965
1176	17.370497736422454
1177	15.345213196762156
1178	14.971894213481573
1179	16.307990690590106
1180	16.909960488566536
1181	16.800354033450667
1182	19.77792287148087
1183	15.689810750773177
1184	17.67047481580924
1185	13.260251911332679
1186	16.25907852044329
1187	16.12750527565618
1188	20.24842691717683
1189	15.590735725912964
1190	13.793093884466217
1191	12.43556474080291
1192	13.711310576516553
1193	16.102415586276475
1194	19.34646167509821
1195	15.226331097104604
1196	13.050835641835874
1197	17.491213240965347
1198	17.79036027574679
1199	17.711252239468603
1200	14.79406864527028
1201	18.125909907583264
1202	13.977934557671649
1203	17.848349104696688
1204	14.90385810552294
1205	16.705765679256594
1206	17.125782962844823
1207	14.011722312578303
1208	19.005140737110437
1209	16.771736856187196
1210	15.104701478553276
1211	16.073627885703345
1212	15.406129093090287
1213	13.149820138095698
1214	18.954681616021706
1215	13.18049746135168
1216	13.312876051911937
1217	14.60120035274546
1218	11.901051507132673
1219	14.598038066993468
1220	18.484798625425228
1221	13.428403579910723
1222	13.764837479467916
1223	15.96106183359807
1224	14.076415142003816
1225	12.325868821718954
1226	16.440079946016763
1227	17.777960930512144
1228	14.249205664029489
1229	16.518154370637927
1230	18.514573278659373
1231	14.149347885317333
1232	17.79957437151004
1233	17.093621513615243
1234	16.487258945129412
1235	16.70209580413568
1236	18.141785067950902
1237	10.801534854779387
1238	15.470486103801294
1239	18.477918880646705
1240	15.11387007897832
1241	15.254325342047112
1242	13.112873760107657
1243	15.41942501738931
1244	15.425844554119736
1245	16.706105329686913
1246	19.056009156890212
1247	16.29046556947481
1248	17.504270853040644
1249	16.84492702733388
1250	17.220757058752145
1251	14.61101903846786
1252	17.664812911324677
1253	16.53047992314345
1254	13.399725267888114
1255	13.162300996539482
1256	19.660067252501477
1257	13.796602158557757
1258	14.90096626240654
1259	14.665306327675014
1260	15.59000021100914
1261	14.53550973231145
1262	14.710318678854964
1263	17.857104813358607
1264	16.769643806483277
1265	17.215043793711427
1266	16.738831214754928
1267	15.427576213552063
1268	12.539550676074779
1269	16.224384149341322
1270	14.221906745107844
1271	13.183200300653843
1272	17.920520406029205
1273	14.483032833900287
1274	20.193966689622464
1275	13.926708511843042
1276	15.967541413091716
1277	15.891761507867129
1278	16.11523453403788
1279	17.54845981056656
1280	16.860142534989325
1281	14.65017884683817
1282	13.68445802148409
1283	18.030945375014976
1284	16.466342652195387
1285	13.341540207617285
1286	14.094393111905559
1287	15.069586848333147
1288	17.303937829980175
1289	17.37398093835008
1290	13.938649136727452
1291	15.583320585023348
1292	16.201743907671577
1293	15.747904799119366
1294	16.050934972804484
1295	14.629404760305382
1296	18.833618641003536
1297	13.548881492470032
1298	15.795471943686007
1299	18.006984576090176
1300	13.828826956031303
1301	14.846289652788622
1302	13.021466854353914
1303	10.149149012955604
1304	14.915485404869818
1305	14.03286502091214
1306	15.261720409121601
1307	18.367561609603655
1308	18.16031056140255
1309	13.053378708990147
1310	18.70044415121417
1311	15.335628588135458
1312	15.593245600823064
1313	17.614299614630713
1314	11.635541782481596
1315	14.248199953474915
1316	16.554663945668928
1317	14.592368414297068
1318	18.383105492867827
1319	10.67336002762895
1320	15.787578168518605
1321	19.293045678590932
1322	17.138153463111752
1323	15.675521761641207
1324	14.358955934571938
1325	16.73770930792223
1326	14.58357964110355
1327	13.43422891606488
1328	15.947579854823173
1329	17.70638008345268
1330	14.878994006191052
1331	15.80184667893391
1332	16.324105904482074
1333	14.808801695045158
1334	16.295891428762808
1335	15.607087090724939
1336	18.967247994371856
1337	15.955345971660394
1338	15.687611913286476
1339	17.75690127353654
1340	15.171829640527722
1341	13.827018976842357
1342	14.408019676271943
1343	15.146427250524967
1344	12.992004324178842
1345	17.186612335335248
1346	17.93381407265874
1347	14.684672518107709
1348	14.502087878624359
1349	16.349265192267833
1350	15.959976818768636
1351	16.778328859615502
1352	14.914467527870986
1353	14.816572924744358
1354	16.684627759437777
1355	13.416373488548047
1356	17.060944476275854
1357	19.698007392301836
1358	15.515492727166448
1359	14.890064833610918
1360	12.00130557094235
1361	13.622799306038528
1362	15.058068189333731
1363	16.366373505704793
1364	15.394192925434314
1365	15.496543292434964
1366	15.563872101403183
1367	19.34467904742065
1368	14.89765047206779
1369	16.28953272486457
1370	12.450596782163142
1371	18.833642321548734
1372	15.019861476845108
1373	12.072738681120944
1374	14.804374855664067
1375	14.051844844210075
1376	15.4804140621605
1377	15.76669497097341
1378	13.78849838978611
1379	18.21876077676646
1380	18.344365139970726
1381	16.46056012755942
1382	12.926553610113093
1383	14.341954510525103
1384	16.198882035600644
1385	15.516467069658667
1386	16.150006113025093
1387	15.14835275927706
1388	12.851920876497685
1389	18.14269538831178
1390	15.689799496263731
1391	13.734881979368058
1392	14.207878397795898
1393	15.015402517165057
1394	14.244812056992266
1395	15.122863699432981
1396	16.66685527171324
1397	18.415637932163623
1398	15.449761010735347
1399	16.399138853129887
1400	11.785437495201169
1401	16.909941552502314
1402	12.789896835528243
1403	18.530591769812062
1404	15.889491700176555
1405	17.262772111256965
1406	16.33822279108729
1407	19.506919639097113
1408	15.606618936409305
1409	19.609207529842386
1410	13.814698443754349
1411	18.163954654578276
1412	13.592853911878008
1413	17.39257389725079
1414	17.00650815904983
1415	14.9197065212442
1416	14.907708575039132
1417	18.17159245554659
1418	15.071623759677536
1419	16.389438054631388
1420	14.28882047764411
1421	16.708122820738385
1422	16.429561452273628
1423	15.203047888774972
1424	18.665993062482688
1425	13.805051246717904
1426	12.094169985554698
1427	19.609557783067064
1428	14.475399538257118
1429	10.819442393224259
1430	15.682705786827048
1431	16.294911579245973
1432	13.245825394298699
1433	16.674038920138265
1434	17.42840722717005
1435	15.978483240464938
1436	14.812757389895964
1437	15.714051572486845
1438	17.44963444107066
1439	15.574244084542842
1440	15.135476549093921
1441	16.65403716431275
1442	17.070669491749463
1443	13.656148875396077
1444	14.942183486519692
1445	13.56328199857833
1446	16.709186471685083
1447	19.1021099309728
1448	16.429583767455934
1449	13.444421786717465
1450	13.547026933479492
1451	16.863424353466026
1452	14.226806003324898
1453	14.878508759825674
1454	17.2856692791888
1455	15.724724917950901
1456	15.845867679265211
1457	15.339012705121709
1458	15.871452583207024
1459	14.828996000676318
1460	19.52082408441419
1461	14.807394679001236
1462	15.779531785548658
1463	15.070573516145794
1464	17.271652590574618
1465	13.286566862921601
1466	15.47399396609613
1467	16.629173716601557
1468	16.031060001197126
1469	15.484707980965366
1470	13.172722824788295
1471	14.650454249860866
1472	16.56929967400385
1473	15.912668776746077
1474	16.156960277203368
1475	15.534338149029724
1476	16.56906120003127
1477	16.934646607426085
1478	18.370793995934072
1479	15.601253336293833
1480	15.393036861296581
1481	10.82314576225483
1482	15.757786322433454
1483	14.607775142526751
1484	17.21072174452254
1485	15.42764877981972
1486	15.832325996274449
1487	18.61459915110558
1488	15.657900111960068
1489	14.620394882971024
1490	18.913210657346333
1491	14.49247627901888
1492	13.86607643449679
1493	16.09502155824687
1494	18.949712339842595
1495	14.964319253755177
1496	15.513634853273478
1497	16.513672624654486
1498	14.664016330442509
1499	17.555940885564343
1500	16.06724041304551
1501	16.42031679817745
1502	17.300761659137788
1503	14.190733024432216
1504	16.85449747456411
1505	12.750897826802813
1506	15.328302605227892
1507	15.756512134071356
1508	16.47145499447098
1509	19.436960591946768
1510	13.571874535994342
1511	15.571171998497448
1512	13.729317654913757
1513	14.062832633941174
1514	16.188175682621612
1515	15.42175253186115
1516	13.88926646908983
1517	12.331383203463206
1518	15.604839203971808
1519	15.959240957990861
1520	13.263421327813662
1521	15.90679203365229
1522	11.80189877537325
1523	18.55200264317294
1524	17.11068203265313
1525	16.158463211783193
1526	15.873055755147814
1527	17.36352353654875
1528	18.743312637597416
1529	13.200945183280593
1530	15.119852498181835
1531	17.232973261843206
1532	16.076001780365694
1533	14.017477053097293
1534	12.951596800453386
1535	16.424489582560703
1536	16.975998762084377
1537	20.932514170519426
1538	18.224953015051515
1539	15.127801662255079
1540	15.866305816030312
1541	13.663539765473818
1542	15.363447998357394
1543	15.021518618815122
1544	17.270023706678902
1545	15.97916076865513
1546	15.12812261204558
1547	12.490181805815414
1548	15.340245832045486
1549	16.95874250681276
1550	16.49257491786572
1551	15.212916239828626
1552	16.95639447198153
1553	14.629885755590832
1554	18.312404019681768
1555	17.440626549096965
1556	12.025642212050466
1557	16.12953831775745
1558	14.815075888203353
1559	14.015770037481358
1560	18.231237727840274
1561	16.67673060042935
1562	13.795274042028955
1563	14.239863552161951
1564	15.451159189776618
1565	14.1291838764026
1566	15.466282626588574
1567	15.81603034957765
1568	15.80112936194376
1569	18.743396931048867
1570	16.424499042927785
1571	14.877137792402294
1572	15.428757477868745
1573	19.14221353291954
1574	15.746533271828982
1575	17.316745968279935
1576	15.355181866658386
1577	14.05824059709602
1578	15.52641723094898
1579	14.352899676348537
1580	15.404540266456728
1581	14.289278060038045
1582	16.840631946221365
1583	15.01636046393731
1584	17.172590809856917
1585	15.008554160394821
1586	9.664991739136575
1587	16.867912960182426
1588	15.999666888358448
1589	16.465405493045893
1590	17.243340483389424
1591	12.58078947263952
1592	17.326020591358827
1593	15.910276625975161
1594	18.719373326479015
1595	15.03748598040967
1596	16.02075997847245
1597	13.772755420797473
1598	14.09559507579266
1599	15.115612575457254
1600	15.750493301451975
1601	16.633078981625744
1602	20.3615118310532
1603	13.829628718753543
1604	17.876794617259293
1605	13.682191128374566
1606	15.02876813733739
1607	16.794365694570857
1608	14.571730731450513
1609	17.763982505053388
1610	16.72987585797982
1611	15.723969589946904
1612	15.025565681697335
1613	17.584908384631607
1614	12.545610699822884
1615	13.844699946969437
1616	17.4992952626371
1617	16.53824319235634
1618	15.761046634177504
1619	15.223809718309024
1620	16.918078814671997
1621	15.86636467520864
1622	15.096381803048539
1623	15.378803179306429
1624	16.442859631473492
1625	18.13169779687208
1626	14.41984729298565
1627	15.614133639208903
1628	13.036079969451933
1629	16.587888126479697
1630	12.424580215428369
1631	15.701103210350142
1632	16.060264557914834
1633	16.414810401511115
1634	13.520576138335297
1635	17.379092826436747
1636	13.364044430752307
1637	16.776925465492937
1638	16.120295760334066
1639	15.436213854938572
1640	14.700862225520218
1641	17.60069208079544
1642	17.170295500751728
1643	14.26853624987416
1644	13.245926686893736
1645	11.00900345032569
1646	12.57326459600812
1647	16.287022276757078
1648	16.86206177256606
1649	17.4253877427098
1650	17.722784680042725
1651	15.557733906024435
1652	15.341202188506493
1653	15.894655322541817
1654	11.361951377131449
1655	16.574379378077303
1656	16.928043841975384
1657	13.956925782630043
1658	14.953285981662514
1659	16.514883623525794
1660	15.960216450140528
1661	14.680356817660078
1662	16.595855269742906
1663	17.742650972805652
1664	13.24633968735883
1665	16.83959552856395
1666	17.337534956359356
1667	14.864607395387667
1668	17.680679031735053
1669	17.345896942791295
1670	18.082009642008835
1671	14.752478408465578
1672	16.23358443459454
1673	13.191974163669245
1674	15.9835816127842
1675	12.109238841005467
1676	15.571505097077614
1677	16.49700737263212
1678	14.873007340194007
1679	16.542428525876467
1680	13.905912426335137
1681	15.454844976214615
1682	16.13565889184179
1683	15.157633653707236
1684	19.116621003272787
1685	16.48250061180003
1686	16.86474181876637
1687	14.021927253263051
1688	18.10630745384505
1689	19.37654280951481
1690	10.25674718984616
1691	18.713917032620238
1692	16.617926735217708
1693	15.863219462343231
1694	14.753164554492253
1695	13.920075522247098
1696	17.467131313458008
1697	13.655706126947189
1698	16.76444616257901
1699	15.309495993285326
1700	15.555292625432623
1701	14.074580025382687
1702	16.969708098033212
1703	17.83041223837994
1704	12.653477733591188
1705	18.37613749958929
1706	15.804550502029604
1707	17.39770893404251
1708	14.443755035521463
1709	15.344881136401776
1710	19.356794950652315
1711	16.82808317362877
1712	15.5372767662775
1713	16.191675892669082
1714	15.887939440186269
1715	15.139815033886562
1716	16.23614837072387
1717	17.749324161636384
1718	13.869096128397274
1719	14.883680700545664
1720	17.504834601427167
1721	16.26615362568983
1722	14.398976934213396
1723	16.19827868187053
1724	15.920172369687398
1725	15.954069496935698
1726	15.766911511703608
1727	16.00778338937026
1728	14.28843293329575
1729	16.442015286174243
1730	12.748461578382363
1731	16.7028864460357
1732	14.644554768437983
1733	13.628013389327357
1734	18.391529532754795
1735	15.458613849794828
1736	16.8795256454783
1737	14.26341665728706
1738	17.431993753643003
1739	13.091351054238904
1740	15.59898722020123
1741	13.70630360812564
1742	16.286384965106475
1743	18.793433136555453
1744	12.655845140043061
1745	14.99170888000475
1746	14.317005134500901
1747	17.67205796922049
1748	15.267645513397293
1749	14.069247213070808
1750	17.82931855749921
1751	14.834061197065951
1752	18.41048223578371
1753	14.82519428644413
1754	15.38091998758859
1755	14.000823965631788
1756	17.13565928889936
1757	14.63923310449477
1758	17.375330951938473
1759	10.470482348278164
1760	15.078047656126605
1761	17.653572459403048
1762	13.57328085756024
1763	13.277036973338587
1764	16.911067603790965
1765	15.178029610829558
1766	13.77099060842781
1767	13.954113412643485
1768	16.54949643288787
1769	14.11108185551779
1770	12.964720505205067
1771	15.59286372700063
1772	16.930955911175708
1773	17.30804748181034
1774	14.921529135269145
1775	14.342149598104008
1776	17.302382308202187
1777	17.62338353740436
1778	15.937905343806706
1779	15.913995743734995
1780	14.958740034795207
1781	14.865155243574707
1782	11.297374623174797
1783	13.307912022231168
1784	13.895964700285285
1785	18.61458704136422
1786	17.045216325782086
1787	16.283234181520978
1788	17.91828935493847
1789	15.663936550947025
1790	14.50754133232795
1791	16.68937110061772
1792	18.493081714552655
1793	14.268271665486585
1794	20.06623784774308
1795	17.616191205356206
1796	18.95358299982934
1797	15.453367980765755
1798	18.030368186304095
1799	16.01962995021663
1800	13.79116196459654
1801	15.295901510719526
1802	13.579853208202985
1803	15.17625760192019
1804	15.898829569210015
1805	17.117720770870026
1806	16.932374516802913
1807	16.264799539766074
1808	14.90244776548545
1809	15.690359034195042
1810	15.092403315617155
1811	14.933780600364178
1812	13.27418769448522
1813	15.954255421582584
1814	16.48579140534488
1815	13.900418386012316
1816	15.357179976747252
1817	14.650981616044346
1818	14.305384202083639
1819	19.52935274549649
1820	15.06584713809813
1821	15.86056595923264
1822	16.476134724125195
1823	15.381283323890754
1824	14.778291939495153
1825	17.05881089185971
1826	11.578180689870825
1827	16.333387431953277
1828	17.406730031717018
1829	14.34625205185351
1830	16.348319401333356
1831	13.354377433609033
1832	15.717038166279869
1833	14.546336796735169
1834	16.27278695531955
1835	15.944129047380406
1836	16.637255958487216
1837	16.20461212328202
1838	15.501544482423924
1839	16.1940358253014
1840	18.900194494158722
1841	16.908773499606408
1842	17.723881897104032
1843	15.968390258333153
1844	17.341303467311207
1845	16.204699816040833
1846	14.906898687901231
1847	12.930756939820162
1848	17.658268296645645
1849	15.64275644675295
1850	17.731783090827683
1851	14.541631570806667
1852	15.479312511458476
1853	18.33186363920259
1854	18.115061671586915
1855	16.389027943151902
1856	13.50013872057995
1857	15.571438451014304
1858	18.26282535064827
1859	16.05932515204071
1860	16.468171251108956
1861	18.271388764600626
1862	13.234982565735727
1863	15.528807708627951
1864	17.29100158023417
1865	15.59080797067551
1866	14.672102702279945
1867	15.764365285125924
1868	13.942310543410164
1869	12.911938426729757
1870	12.959598750505648
1871	14.931136529415523
1872	14.756021749020016
1873	13.01536309503361
1874	16.581197298059124
1875	14.188003253461101
1876	14.0843321347739
1877	14.931455383203497
1878	17.476961991346005
1879	13.770209899721563
1880	18.47047958814969
1881	12.445177237684838
1882	18.199717228254304
1883	16.94834908842271
1884	15.220488551881164
1885	16.83112361722611
1886	16.731047460260946
1887	14.68199151085618
1888	14.700576339783664
1889	16.172817636235482
1890	14.486585988533186
1891	16.932800464837783
1892	14.087620254312702
1893	16.57657063223357
1894	15.981735773544745
1895	15.300634406832978
1896	14.94797834156476
1897	14.015007668293926
1898	13.340619911630883
1899	13.827964946911852
1900	17.73654807861189
1901	17.005793208993662
1902	11.469728166868878
1903	17.76464693812192
1904	16.827726787295457
1905	17.021694597034063
1906	15.759256380165674
1907	17.92509709938282
1908	15.790812176321912
1909	16.89393915077633
1910	15.409786142580511
1911	16.113126134325984
1912	15.45207330043954
1913	16.11243027467991
1914	14.634842590914877
1915	14.682209678974763
1916	18.48760398529184
1917	16.854945710313455
1918	18.335698162541583
1919	16.514657200916936
1920	16.495840754565492
1921	16.76803783703911
1922	16.05366706744183
1923	16.673584098335898
1924	16.857084840233846
1925	16.76659566668905
1926	17.474479812423567
1927	16.777363522221577
1928	16.488889282631558
1929	13.39950794802957
1930	13.205862470672951
1931	14.239694562079634
1932	15.491006561049163
1933	16.122100236490095
1934	11.26126062597697
1935	15.043059754394124
1936	19.00355725441552
1937	16.82726696121698
1938	14.632641038909416
1939	17.26271880321011
1940	14.085671964269649
1941	16.982306924384133
1942	15.603277995865989
1943	16.517265672828486
1944	17.089246312463988
1945	15.916297389897213
1946	16.386882428815802
1947	16.19001766070601
1948	16.165087664535555
1949	18.793461703603583
1950	17.588550664939074
1951	16.648013421130905
1952	15.95563354126976
1953	16.931656606847536
1954	17.436056109775866
1955	11.39518544592429
1956	16.455373706530196
1957	14.979971462924402
1958	18.19478716931156
1959	14.278032349508543
1960	15.35707916711981
1961	15.280896915403511
1962	17.468125218628465
1963	16.925799382401063
1964	15.467272856283586
1965	14.698904546559788
1966	14.023486228179536
1967	18.507324641206445
1968	17.009482935764918
1969	15.080061057332141
1970	13.811282843987305
1971	15.848422936010273
1972	16.657319561803043
1973	16.386481532613196
1974	16.832628438654723
1975	16.660936561650175
1976	14.913609051585688
1977	15.39635332617006
1978	17.223731389687952
1979	15.482543329291921
1980	14.510266043693928
1981	14.762124222930215
1982	15.95823539786231
1983	16.54389010433198
1984	14.232183124912622
1985	14.331629298752523
1986	16.769339377952452
1987	15.975834795326161
1988	15.73797612837874
1989	15.334801401519321
1990	15.972630285142575
1991	16.791611893888536
1992	15.012170295084804
1993	11.861845273432193
1994	17.767824811617853
1995	15.130758344718299
1996	16.643271093686757
1997	16.622346434128385
1998	16.35464462900615
1999	16.175686415643074
2000	13.677794013119286
2001	17.84845619536823
2002	15.72272000337333
2003	15.634102070693979
2004	16.020383369362698
