6	11.913520663297822
7	10.408754131028868
8	12.493606434991566
9	12.231460920071445
10	12.047450536650754
11	12.911930092549301
12	12.242272007259999
13	12.959847950806216
14	12.528113417992548
15	12.09152469333068
16	11.562557902268358
17	11.81305051246818
18	12.633457662298108
19	13.013460398595766
20	11.976498230459402
21	10.983574367461447
22	12.463743806379041
23	11.947940718164839
24	13.793546318313929
25	13.154869598013258
26	11.746640718251001
27	13.444576612780818
28	11.302711007648668
29	11.806465378779103
30	12.152745241141222
31	11.664345901255324
32	13.155852717646667
33	10.282689878875058
34	13.274676235436345
35	12.624403905556392
36	12.308888390431093
37	12.734795471555637
38	11.431354071422122
39	11.150309764751
40	12.748497125723386
41	10.917460307769943
42	11.439358703102092
43	13.192122453532647
44	12.375240033724063
45	11.661678905748497
46	12.674984031823442
47	9.925435031767119
48	11.384205087221094
49	10.808998074736882
50	12.60274083573313
51	13.347977027986781
52	12.72014115111129
53	13.223429757525862
54	12.609564410240434
55	12.35969142060203
56	11.451956655473623
57	11.169770648181535
58	10.07157339550904
59	11.186996657506825
60	11.165778593935622
61	11.681774804676284
62	13.174831412137012
63	14.06701123131279
64	11.749569252558285
65	10.880416151295321
66	10.970247698352978
67	10.819855086625987
68	12.083921082417268
69	12.918456276893266
70	12.331998113464579
71	12.240909501750139
72	11.874043876552605
73	11.39187899552538
74	12.04262235369788
75	13.38331680896954
76	12.102882011914128
77	11.906112010372453
78	13.076941922782376
79	11.368766035027875
80	14.030808521839694
81	11.25451834780397
82	11.225023728296947
83	11.350286256885738
84	11.596642285612429
85	11.681049858922572
86	12.27711959134649
87	12.106047248501065
88	11.934276588691448
89	13.38297372841771
90	12.345072467459735
91	10.586197991832575
92	10.979085248099485
93	11.498420817903025
94	13.72181271415684
95	12.221980392965634
96	11.70857910214441
97	11.724282064666372
98	12.081429297988507
99	11.557854877398183
100	11.341963660239708
101	12.62899165774838
102	14.139375031041709
103	12.55925806029336
104	11.258506651989592
105	11.722870311185034
106	11.060409411365981
107	12.81883983089541
108	11.505812506956863
109	11.767581268993025
110	10.55488317470008
111	12.893522455598161
112	11.658590865565202
113	12.31443107576888
114	12.931888137222268
115	12.24823140731961
116	12.123514533191337
117	11.201215452050382
118	14.262673970512697
119	12.34635944125226
120	13.202856639695321
121	12.345961174423186
122	11.621590898307788
123	11.29362399699312
124	13.014622931499616
125	12.714182548101235
126	13.016888507650947
127	12.280727207650974
128	9.323165363102452
129	12.278775830728895
130	11.21410324473774
131	11.353236738883425
132	14.062511955725494
133	11.592076718771649
134	10.040905523716772
135	13.62306969514466
136	11.237324825916273
137	12.50223975815364
138	11.852414507830483
139	12.563207629576937
140	12.058701870366349
141	13.114843993905067
142	11.583921539066068
143	11.880359111661424
144	10.564287206565496
145	10.38135944298483
146	11.401178674622011
147	10.551746375858784
148	12.244660845921317
149	10.848482727256071
150	14.272953523376296
151	10.930716265775846
152	12.734692014163427
153	11.514975845912705
154	12.784621679498482
155	12.757989718416606
156	11.685242005118198
157	13.838211059075547
158	11.755657135997252
159	12.178057289611647
160	11.61304117825542
161	11.124835077735563
162	12.343443697255376
163	11.78042749898547
164	11.649605589153778
165	13.912796315525027
166	12.47180205381093
167	12.248404246473607
168	12.62190433708851
169	12.192522267170716
170	11.898157090734458
171	11.808637628905542
172	12.109475216998751
173	12.417355459561804
174	13.679272803939446
175	10.487619339834055
176	13.230306511445503
177	13.165548307912625
178	11.969736455217936
179	11.615774652940067
180	11.734706570772687
181	11.511173862839184
182	12.997378472206442
183	12.077611423322066
184	11.144332753357178
185	11.432791420935246
186	11.792065442341846
187	12.059823941839568
188	12.575670085568813
189	12.879633010266843
190	12.813001118862303
191	11.992377081490122
192	12.074252675339165
193	11.008452329808884
194	11.582993248088314
195	10.793869360441542
196	10.37158772676152
197	11.29023144473987
198	12.361482016941105
199	12.420578039305317
200	12.442415796918795
201	12.861541686962786
202	13.06512934931743
203	11.654575883410871
204	14.979655343122431
205	12.910666958919526
206	12.423654624086339
207	14.365094064924051
208	12.630137054461686
209	11.233923417225014
210	11.2560261021099
211	12.206511958429473
212	11.842230502057646
213	13.130318578216247
214	11.007619497799169
215	11.970541886997776
216	10.714566435451465
217	11.31699902143529
218	13.999534408056206
219	11.807806962647842
220	10.939427694950913
221	12.882643789859555
222	12.802917322354107
223	12.037294916671401
224	11.582674390854663
225	11.699737393675605
226	10.335558124934323
227	11.629894983983831
228	12.828211561456556
229	9.094100847886875
230	11.397342520189705
231	11.40721211761896
232	12.205216412223914
233	10.573807456394812
234	14.142060893325834
235	12.192228590909508
236	13.045761637986288
237	11.44046886680735
238	12.846405063401713
239	12.666959605931575
240	12.247182733019145
241	11.589522670671743
242	11.203775781355539
243	12.572168305739373
244	12.828848274657503
245	11.520004280968957
246	11.951938999329286
247	13.307001366159446
248	14.121528344787658
249	12.183407678814547
250	13.085606948362612
251	13.543874703044171
252	11.989830041949366
253	13.034438390858538
254	11.43179912410657
255	11.5416557832541
256	11.596604150998505
257	12.751851976364074
258	12.710668712980501
259	12.461775693185498
260	12.475457600608934
261	12.918100691188426
262	13.586480620200746
263	12.999157889521614
264	12.375705090361103
265	12.54458921857544
266	11.26014789059991
267	12.499914484540932
268	11.503426749918921
269	12.598963103024289
270	12.085507644947418
271	10.863728919914658
272	11.26178458990762
273	13.615786800643296
274	12.20815833013538
275	12.821193484700052
276	12.244828657471642
277	12.089649871266115
278	12.406769866026783
279	14.02670522371045
280	10.918576910786214
281	12.53055600353816
282	13.183513876031308
283	12.131507719135177
284	10.762589536943576
285	10.57188764186382
286	10.843106071980271
287	13.148029222415062
288	10.736515489421436
289	12.627738243833717
290	13.56550715411348
291	10.264071026243203
292	13.114486287673936
293	11.58094104320561
294	11.528563352090714
295	13.672914860894837
296	12.486082908199428
297	12.797672049657974
298	12.996048357963446
299	12.849222424042333
300	10.676387267041719
301	13.608444478847863
302	10.66584402807348
303	12.612562365339338
304	12.069256648283044
305	12.90332315932028
306	12.027086872368171
307	12.199987089581555
308	12.213342529048012
309	12.975564824446337
310	11.575808166788192
311	12.414918338511294
312	12.889235467048517
313	11.750841112070097
314	12.944605595257599
315	12.631102496079015
316	11.529981372367022
317	11.721745098223133
318	12.310630200734725
319	12.699544847319235
320	11.845120108802803
321	12.120818903747326
322	11.06332057889732
323	13.863742709392682
324	10.010858452566026
325	11.736403520742897
326	11.596710706894685
327	13.73427180678118
328	11.665310631176302
329	10.661809846419297
330	12.330147394095547
331	13.669056306260504
332	10.797647717243914
333	11.93231469693516
334	11.243643043862123
335	11.643536393006798
336	11.286623976848205
337	11.89094772977322
338	12.294282943600722
339	12.20068549294956
340	13.410737413696811
341	12.986207832473156
342	13.469146145012928
343	10.680374151553094
344	11.976005617271378
345	11.645149744857918
346	12.134215658272817
347	11.803353530695729
348	13.71738230632036
349	11.872219422299947
350	12.354993010492763
351	12.10052304155397
352	11.611633975665816
353	12.898189969921077
354	12.134456223798528
355	12.694735601820867
356	13.596749422926223
357	10.851897239766549
358	12.653038637587867
359	11.211688779635422
360	11.221334317975561
361	11.112755589686069
362	11.53758137659835
363	13.088410466521358
364	12.114507938786119
365	12.298901345900958
366	12.023353664171216
367	11.689445659770476
368	12.115642773540458
369	12.16783448500064
370	11.060723356698873
371	12.7540679849335
372	12.74138407260034
373	11.461806653957215
374	12.052535522020966
375	11.615986159318709
376	11.137268136130713
377	12.047474770183076
378	12.855157026813165
379	13.086752856693542
380	10.676483238969618
381	12.591809289609955
382	11.417545273798169
383	10.71577470077734
384	12.89027689626008
385	12.07476668619451
386	10.735085708127977
387	12.006219577642955
388	11.340123922476778
389	11.09559842220915
390	12.133498681045603
391	11.840327556312937
392	11.05194739604162
393	11.42182744895399
394	12.434683195567535
395	13.358737533479664
396	11.865119223459624
397	11.160254248257843
398	11.785716569089951
399	12.15920738308757
400	11.990856003190856
401	11.54795425912432
402	12.71855090128439
403	12.261365477264917
404	12.465706378046889
405	13.924788875046943
406	10.451151975479055
407	11.381537926591202
408	11.423242386323787
409	14.621254651965241
410	11.443690010433784
411	10.916260556279061
412	12.904034075254458
413	13.097879084251222
414	12.256247238405715
415	10.990472249445572
416	15.065249073387045
417	14.524921056032847
418	11.395024454541272
419	10.98959748109337
420	12.234815688978415
421	12.608543484753076
422	12.317045742187474
423	11.528316254710912
424	12.955176785685277
425	10.472989644411427
426	13.412470087350812
427	11.340815687843133
428	11.611489473674737
429	11.557790626568021
430	12.163484001648612
431	11.050109314231667
432	10.63494010010941
433	12.417495601860407
434	13.02411958855373
435	12.706714009435382
436	12.51093921139707
437	12.409020307929799
438	12.747465002026209
439	12.09959558333503
440	14.53526603842121
441	12.87697638576113
442	12.669784535828512
443	11.825862496958248
444	11.84539863301648
445	11.93157393221918
446	10.714631860522786
447	12.457796887155078
448	12.458940312831796
449	13.469132141725693
450	10.819776577300217
451	12.30796112616857
452	13.28471778484527
453	10.683275365522908
454	14.194997993530706
455	11.73126813183626
456	13.800269367704459
457	11.222006827384964
458	13.678299607650843
459	11.233228478680498
460	12.008111190799225
461	11.804804657444558
462	12.713951959604552
463	12.977218558095046
464	10.283351075457176
465	13.032636506424751
466	13.426728578650259
467	10.841520977140005
468	11.996421116645381
469	11.733937724056887
470	12.82466091662516
471	12.208313834279709
472	11.689823294490841
473	10.750768428163914
474	12.411905573237163
475	13.074177551063864
476	12.222701072178703
477	11.602400920884975
478	12.660318129789085
479	11.370440897691878
480	10.722869011988223
481	11.293013702337962
482	11.915797421340054
483	11.67437237194099
484	12.179130987506747
485	14.01517741344287
486	11.56358988147258
487	13.469403213289167
488	13.190937108593062
489	12.977926684645354
490	13.212323963259612
491	12.430812060185417
492	11.812050758295559
493	11.727743779483717
494	12.53672227867646
495	13.286382100421179
496	10.746961007923042
497	12.555264884496864
498	11.794274344632868
499	12.41820005889583
500	12.481606739440135
501	11.132740365853532
502	9.576620382547844
503	11.053967782263904
504	11.951318747763123
505	12.256580903340364
506	11.748561151568234
507	13.392865904927021
508	11.863522786595341
509	14.209318641699307
510	13.522703618093926
511	12.343391821210389
512	11.997725682585346
513	12.52745315850916
514	12.413867208258514
515	13.089531803816499
516	13.02890745353458
517	12.050611337430642
518	14.01230760209728
519	11.449018050301154
520	12.136976453803072
521	12.652669530381294
522	13.236448936273518
523	11.046600449713878
524	11.830549988488201
525	10.797224486683263
526	9.601915354588224
527	11.997105307906168
528	12.42377099932249
529	11.866391284100246
530	10.745411461772164
531	12.365700862520109
532	14.255118652402112
533	11.273100112564862
534	12.82512272666541
535	12.020360031902479
536	12.3545642937097
537	10.510159473516978
538	12.801158166839741
539	12.616627252059212
540	13.338837503397372
541	11.905979041143187
542	13.043591127315137
543	12.589603634933676
544	14.138177051325329
545	11.9781523343554
546	13.228588672568245
547	9.951490132458275
548	11.907499126158655
549	10.44651481571782
550	12.373458483605646
551	10.719761115665149
552	12.349163624474645
553	12.77785934181884
554	13.087247255108585
555	9.871826625060445
556	11.920247318426846
557	12.391860778152477
558	11.936337880208157
559	11.544134064244904
560	10.916027799963818
561	11.000702019562596
562	12.024892617994919
563	12.102842990439967
564	10.764877702633385
565	12.279604920017947
566	12.370302026800346
567	14.480254876776598
568	12.044794985369663
569	11.825121587558117
570	12.336415382203995
571	12.4045472480523
572	11.453237878507935
573	11.640038981917314
574	12.708703655662248
575	11.343409673843
576	12.587907878249618
577	12.541412689184654
578	11.436086120466436
579	11.755674987332895
580	12.656108539019312
581	10.520970601666098
582	12.080861038062721
583	12.602635394170647
584	11.299742164633548
585	12.093201118544675
586	12.5002616240776
587	11.554194681346416
588	12.261019242170732
589	11.3706320625303
590	12.142195597776057
591	12.33720692920033
592	12.466100033760691
593	11.189619042464377
594	12.85185500443913
595	11.017180760507472
596	11.870914503599383
597	13.266954602021723
598	12.488849929254503
599	9.914332080003806
600	12.199288075168928
601	9.929205840150825
602	12.543568708998565
603	13.180979284486966
604	13.766128910220383
605	12.615534316923004
606	11.863940025596614
607	14.027437219460909
608	12.130711268866435
609	13.181060245325272
610	12.18090904784751
611	10.885453300026711
612	12.240219631731245
613	11.466879576619249
614	11.861108442899422
615	13.536228810064495
616	11.905531285835119
617	13.349214369687251
618	11.2985065114252
619	11.76172415007438
620	12.0436598523021
621	12.109491122653708
622	12.958572249932331
623	12.134601425534735
624	11.074089407222345
625	13.178525523748249
626	11.692636387125175
627	11.304862288408913
628	10.4738803614829
629	12.74659509527763
630	12.243989543698262
631	10.879437088899847
632	12.156537190099092
633	14.596012150236804
634	11.649680785285975
635	13.183506738562654
636	11.413487985171377
637	12.368707449591186
638	12.145440774955205
639	13.324354134878376
640	9.471048822189914
641	13.074782112070048
642	11.842189069643306
643	10.930716383803103
644	12.953180690678503
645	11.837052439898253
646	12.026870400476684
647	11.37851667322684
648	10.90512238489464
649	12.157362689220463
650	11.984545815348005
651	12.273207090736832
652	12.209019229564417
653	12.308833232082959
654	12.447855282376986
655	13.1119764779966
656	12.129915659116316
657	11.450578760887895
658	11.745903313101735
659	13.462597223968865
660	14.35600153754543
661	12.180322663421975
662	12.844784219822031
663	13.391677609761246
664	12.390364674167358
665	11.582869320603399
666	11.351452088798396
667	11.541677372020786
668	12.303232821739382
669	11.828575929161161
670	13.846508988543064
671	13.45314781460911
672	11.17623701307457
673	11.234897608907582
674	11.01811686126166
675	12.464373071278844
676	11.048792904533911
677	11.755152996267295
678	12.106011328686561
679	12.238810170150828
680	11.484442234248855
681	11.625951303192414
682	12.150456213392317
683	11.902906353507811
684	12.822718528448604
685	14.938464024430141
686	11.421374398732691
687	12.28443679064771
688	12.03994507958123
689	13.311659310245886
690	12.353587996408654
691	11.8111835680902
692	11.86689897402123
693	10.991478907736019
694	13.34852721792413
695	12.565348447440192
696	12.446767068293411
697	12.783303333824733
698	12.122853246284649
699	11.043367718911863
700	13.18568953612287
701	11.964177714733523
702	11.303665186965372
703	11.59591879468644
704	12.562054431735305
705	11.65369570418261
706	12.309622897262065
707	12.39368310708475
708	13.39765763138712
709	11.228087361501013
710	11.571835025629428
711	10.528044798314417
712	12.413420793076511
713	11.497275474963576
714	13.361258537760781
715	12.121426247307681
716	12.620688619601424
717	11.494646608992479
718	12.028269022919371
719	12.231151781704588
720	12.888941121776588
721	13.604583396750968
722	11.811184948965092
723	11.622324019587333
724	10.277196906434256
725	11.281457174181318
726	12.35969241312705
727	13.237003391824796
728	12.532478779690186
729	11.7081716449983
730	11.238877688534558
731	11.940819117842087
732	10.8796180341742
733	10.722089627505435
734	13.028927854478493
735	12.835680832184153
736	10.370003710401111
737	12.87422742769122
738	12.25384054986191
739	12.257924759504386
740	11.57914945857192
741	11.608270289143547
742	13.620699496657055
743	11.686737918045505
744	11.271090424536462
745	10.430801812509474
746	11.793011437664973
747	10.489163716246063
748	13.951705874273708
749	11.872314185003884
750	12.013589299563318
751	12.177295882099619
752	12.623788832404118
753	11.937688036389384
754	10.908055816384149
755	14.409626027768743
756	12.372456583252642
757	12.212855219225665
758	11.139751246199012
759	12.260961571902348
760	12.208011283412237
761	11.993823441463368
762	12.424656067203614
763	14.213261112609567
764	13.13250096194679
765	11.831256797278506
766	13.62986559679266
767	13.606286559215127
768	11.916553331539035
769	11.87462880644307
770	12.108913772140763
771	10.927036423216729
772	13.036222029244527
773	12.921453248851726
774	11.210305405913719
775	11.273059577498186
776	11.029118315749136
777	13.16739441876832
778	11.434977209282806
779	11.567224568304871
780	10.75488916769003
781	12.709334606261109
782	13.040587629673869
783	11.497638652819054
784	11.983238105871715
785	11.006342739550746
786	12.532412743911014
787	11.660551514200051
788	11.044026629533619
789	12.950519343044355
790	11.305700834807274
791	12.186079290889515
792	12.280284559194115
793	13.913981917058118
794	12.536574492391082
795	12.252767563448288
796	12.793057379836682
797	13.18235171190463
798	10.543565490603214
799	11.92474017450877
800	11.190879182715435
801	12.114284454612061
802	11.232140176682151
803	14.114613436317692
804	12.506072056887206
805	12.67001195429475
806	11.49458116851747
807	13.026221088276039
808	13.015095273515076
809	11.257836455653887
810	11.216754514083732
811	11.221891033967646
812	13.445957772200927
813	12.436628854329077
814	10.959951820278851
815	11.234904290888355
816	12.232941948226653
817	11.870968111022375
818	12.749296330963261
819	11.00932379306427
820	13.79025374702178
821	11.493297062790953
822	12.243550084841749
823	12.165206983898921
824	11.628595535631757
825	11.83401513552235
826	11.06270772148855
827	11.362265222376058
828	10.936144924772504
829	12.004675759662254
830	12.104785815929063
831	12.211506667779759
832	12.929990965567413
833	13.130735723379379
834	12.946221059822063
835	12.45160933371101
836	11.110755893595828
837	10.442112490172601
838	12.0794366811003
839	12.416115096168747
840	12.124336742446758
841	12.31017118432404
842	12.44756475329632
843	12.480656142163623
844	12.954854797804728
845	13.620859264605679
846	11.376547093935576
847	12.804495094402228
848	12.927644725319826
849	11.91049953873735
850	13.030595498508774
851	10.282423922442831
852	11.7922981111998
853	12.2135396344529
854	12.528011437937883
855	10.853708959883079
856	13.118240454851184
857	11.033347627996202
858	11.80363483222512
859	11.201049765901795
860	12.918080261343025
861	11.166042256285436
862	13.127361482125707
863	12.554855290826204
864	12.678863114743892
865	13.028086734149838
866	10.745861171960964
867	12.396502479049378
868	11.730222840427555
869	11.936938301155655
870	11.51691539073363
871	10.959972784189242
872	12.061710515240621
873	11.960842249915004
874	12.89872372364958
875	11.93298156790635
876	11.53830488001196
877	13.518389483079469
878	10.94080656960432
879	11.776030324021121
880	12.810744872483026
881	12.75700772976658
882	12.704278294113465
883	12.204020643174383
884	12.410148008510337
885	11.73382530572255
886	12.97005114958156
887	11.835446286015213
888	12.789807766745799
889	11.839424426376354
890	12.876618844357186
891	12.65629689403743
892	13.098787974383283
893	11.785262134993294
894	11.08614503867284
895	10.824074803204793
896	13.220260240266928
897	11.827713721385226
898	12.731018724432214
899	13.206654393766076
900	10.342675735999364
901	11.770575716951862
902	12.48380462260684
903	11.867018977230016
904	12.208912417026502
905	12.867171279321026
906	13.001764622766391
907	13.565578370554638
908	12.486463800596539
909	13.542210771086891
910	10.827355026713727
911	12.841743774845131
912	11.690309327134552
913	12.548395281735187
914	10.5942715643129
915	12.591565189151359
916	11.653516243145402
917	11.48905896989163
918	11.441864978838046
919	13.749463827116415
920	12.455035126279109
921	11.793441405985504
922	13.863568862038665
923	12.655897352809552
924	13.404849757091142
925	10.2813587776036
926	12.373620290099643
927	12.39392884550034
928	11.535134305728466
929	12.30281547041765
930	13.042737152640862
931	11.857266263299001
932	11.58949616845348
933	11.89279995592577
934	12.121398912509903
935	11.570429983598713
936	10.623434490239662
937	11.303106832143385
938	12.531657161656767
939	10.756611209362745
940	12.470891419914551
941	12.706090403390894
942	12.70609064445307
943	13.874192152405158
944	11.795431924445438
945	12.501342082192423
946	14.54579610953806
947	10.71462465179502
948	10.837498794673593
949	13.104158772920657
950	10.816319043689873
951	13.863565060723987
952	10.258454288728535
953	12.133398822101299
954	12.862186608059952
955	12.981036444161353
956	12.928655468825516
957	11.521101681898083
958	13.185663700933219
959	12.213386036432349
960	12.166037545805532
961	12.81041649103281
962	12.569801658175752
963	11.424259410899444
964	9.757072789458713
965	13.63420055579627
966	12.257668491519455
967	12.634279132005759
968	12.072005186462775
969	11.847506894147955
970	12.812315674615093
971	14.784565544105135
972	11.757434281884343
973	12.735847408317827
974	12.0847681756597
975	12.194015649394714
976	11.863143603753997
977	11.747124670272958
978	11.230377783169388
979	12.510022413684055
980	11.124430855220583
981	11.410628162191383
982	11.641792433937857
983	12.27568145134137
984	12.297379137482494
985	12.402193822388654
986	11.939969009719789
987	11.141444818931632
988	10.498055908180374
989	13.758376258832868
990	13.708589671462375
991	12.000669770109068
992	11.677984458801802
993	10.589725770039617
994	10.5760682177996
995	13.254015227023046
996	14.15750572250025
997	13.899997784988955
998	13.19828834120805
999	11.890166486646715
1000	12.99754396325443
1001	12.972197354378295
1002	10.805074391168697
1003	12.345046954992641
1004	12.051222940441221
1005	12.513105110912067
1006	12.220757439659792
1007	12.375519979492916
1008	11.858002071637506
1009	11.65251359702961
1010	11.35671553768528
1011	11.064244535358739
1012	13.280905608204193
1013	11.071075659295145
1014	11.670791059939397
1015	10.154892398189986
1016	11.464382978112553
1017	12.054251913408129
1018	11.593587509622532
1019	11.81126915612258
1020	11.519916602046578
1021	11.450127667470952
1022	12.723920484810757
1023	12.145905094370912
1024	13.84624745634695
1025	13.244431477289513
1026	11.953568818532707
1027	12.977724703860336
1028	12.48585157796333
1029	12.793482523663746
1030	11.63388637418393
1031	11.96502361750754
1032	11.91805382493961
1033	12.416625660646242
1034	12.160751243820414
1035	11.855691418814887
1036	14.348661396924095
1037	12.158814552487456
1038	11.07007697186782
1039	12.607363440595302
1040	11.175523948622867
1041	11.692688039986283
1042	11.2450332029548
1043	11.126289058476686
1044	12.202417249558493
1045	9.244995223746324
1046	12.55371936886028
1047	10.957397376937378
1048	10.642926517447146
1049	12.72546850643786
1050	11.84109112012407
1051	12.558728745847475
1052	10.433953458106973
1053	11.457339759496971
1054	11.53261340489345
1055	12.595565401095277
1056	11.692810610169545
1057	12.32427081008791
1058	11.756065457913792
1059	12.342324663352754
1060	12.729196503026676
1061	13.458105590590275
1062	13.034363964838642
1063	10.182378956174944
1064	11.073400917385394
1065	11.555966598081536
1066	13.632042959410077
1067	12.191585784611691
1068	13.465541955615793
1069	11.411170423529777
1070	9.79661122825928
1071	12.049494891593765
1072	10.790896535443608
1073	12.780844030727167
1074	10.560921670351592
1075	11.807008556689002
1076	11.61938180747841
1077	11.862027049607908
1078	11.84098812044249
1079	13.93329409781533
1080	12.671813762141392
1081	12.868553499264332
1082	12.201766749345031
1083	11.488664368134257
1084	12.806178251252277
1085	10.93813675653655
1086	11.926518188789487
1087	13.098196159427365
1088	13.337749551632442
1089	11.085967445658753
1090	13.357598990861637
1091	11.084008388254526
1092	13.205035326594952
1093	11.923284562731473
1094	12.732179961788157
1095	12.209368062904105
1096	10.272471366683021
1097	12.761666265875101
1098	11.550401791743933
1099	12.242749084679721
1100	11.623559858370573
1101	11.945249112788588
1102	10.32395850431307
1103	11.107951362816882
1104	11.197199742402882
1105	12.063836374960374
1106	13.499303362332284
1107	14.180390893614717
1108	11.898523869505151
1109	12.119913953563405
1110	12.096159858745523
1111	11.892893114626142
1112	12.678061585407704
1113	10.440817151296264
1114	11.46037000673823
1115	11.17989164594716
1116	12.347125640750164
1117	13.191272485729618
1118	11.667744130757637
1119	10.498863427317701
1120	13.126024643864689
1121	14.149091864470392
1122	11.408858863345813
1123	12.137996575429238
1124	12.799644607418616
1125	13.222878214747956
1126	10.645625476259738
1127	12.291270197635251
1128	11.420865430651853
1129	12.952355649904348
1130	12.599743314553052
1131	13.730441577167117
1132	13.224071643687784
1133	12.831733117212675
1134	12.847223832883174
1135	11.071384326839405
1136	13.784142097167205
1137	12.383837612025673
1138	11.560891899380035
1139	12.072024123820787
1140	12.599372818280244
1141	12.409821960888802
1142	13.354964304416042
1143	12.498530239827232
1144	10.063240938121453
1145	11.622555004386232
1146	11.558516799324108
1147	12.361768154863967
1148	11.774856229479026
1149	11.86114125919994
1150	12.956177984597161
1151	12.373850854637567
1152	11.596005747493889
1153	11.61786437194678
1154	11.926871073897928
1155	11.790677464567125
1156	12.807744409050793
1157	11.34271152727888
1158	11.422892956129674
1159	10.476481922436506
1160	13.894836850726278
1161	10.954844985290297
1162	12.509087561829281
1163	11.188199896332142
1164	14.84046818036586
1165	11.837753602332668
1166	12.106249563928161
1167	12.853554318426177
1168	11.827820694656111
1169	11.599663576188808
1170	12.905026877570586
1171	12.321953608072363
1172	11.490489445793044
1173	11.312516501805346
1174	11.83460082342693
1175	12.29836119626998
1176	12.042614942582857
1177	11.645274298692433
1178	12.096585535405515
1179	13.242460750941452
1180	12.410248616399864
1181	11.84036718994113
1182	11.831949513580184
1183	12.909631751361303
1184	11.844106568090085
1185	13.381061453799097
1186	11.29114964936993
1187	12.54800353428748
1188	12.912555939750746
1189	10.565859920616882
1190	13.261963229160756
1191	13.429266325256322
1192	10.995932191817296
1193	12.032659845333546
1194	12.113600521843182
1195	11.933762946502409
1196	14.765735181747004
1197	11.935126851359382
1198	10.872337928906616
1199	12.495896914508194
1200	10.99751049745828
1201	11.127937826886773
1202	10.861632266733796
1203	12.385363311087712
1204	10.436612310324563
1205	12.282292791263899
1206	11.809554341404388
1207	11.67020791226865
1208	12.720725501974812
1209	11.199976641801186
1210	14.003819995821686
1211	12.101638163253664
1212	10.80118921637768
1213	11.22818616440054
1214	13.554764649976278
1215	10.985502859178398
1216	12.715397903540483
1217	10.931170148242797
1218	12.629383160936413
1219	11.244933290562281
1220	12.008775008803545
1221	11.992053556851008
1222	12.088541197889883
1223	12.822807524469681
1224	11.884193179363917
1225	12.524793296845424
1226	13.62583038089797
1227	13.755604864227482
1228	11.77214059133881
1229	11.432359462034785
1230	13.92370233219117
1231	12.236440019138778
1232	11.223328487149306
1233	13.091215968231804
1234	11.057670092869861
1235	12.209650919151803
1236	11.386056768521666
1237	11.709566103926461
1238	12.897572088753805
1239	12.587346743378374
1240	12.459691757010296
1241	11.833967852975345
1242	12.499903426699651
1243	12.161467524478212
1244	11.016729763808794
1245	13.164610350297558
1246	12.665063955691746
1247	14.33934417576529
1248	11.324842427491344
1249	12.500202194438316
1250	11.825656367310634
1251	12.584400218407003
1252	12.909708159768748
1253	11.33772046890642
1254	11.365791082947649
1255	13.126683365227654
1256	12.00990420053713
1257	12.822550584212877
1258	12.367407463646183
1259	12.573490023546453
1260	12.470970794651658
1261	11.201270839257631
1262	13.053616624292252
1263	10.952725623792503
1264	12.492238817410543
1265	11.291348811898692
1266	12.56220965907495
1267	12.441188466114303
1268	11.14499844191596
1269	10.222161953603583
1270	13.363363550626673
1271	13.454828874731902
1272	11.787921995523252
1273	12.543060484911418
1274	14.778213527257321
1275	10.792252061143518
1276	10.574764291901374
1277	11.849939548410475
1278	12.291035784612177
1279	12.156867123829821
1280	10.63775147411174
1281	12.98749952939605
1282	12.242723754083272
1283	11.580652638152241
1284	12.143945908755995
1285	12.854807254305342
1286	12.769486895555424
1287	11.731068191770465
1288	12.42092432724894
1289	12.312667490215972
1290	12.163934047899343
1291	12.709377670826923
1292	12.269880488082501
1293	12.425713853108594
1294	13.631437117699534
1295	11.551982201802145
1296	13.115031527238898
1297	13.933150936942548
1298	12.178210499489474
1299	12.069012908187384
1300	11.397166434966493
1301	12.945719879935496
1302	13.411019345579136
1303	12.199412385600485
1304	13.45168619544711
1305	11.6363681263756
1306	11.680918346059375
1307	11.406257505894505
1308	14.127340991050005
1309	10.985696542050896
1310	12.725575258140452
1311	11.371783834050543
1312	11.295641942764632
1313	12.741655845025724
1314	11.823891571373679
1315	10.042396280615192
1316	13.083345593818065
1317	12.068746939961178
1318	11.00234485560629
1319	12.707562543917447
1320	12.898820646340027
1321	11.433565228168542
1322	12.206994174087109
1323	9.857199522200972
1324	13.482002737233415
1325	12.457326662057312
1326	11.665786136960378
1327	15.048069983255118
1328	10.44892492616782
1329	11.908937210150595
1330	11.641959534924743
1331	12.335378010587936
1332	12.158745410805569
1333	12.644760062053267
1334	9.87413997395197
1335	12.39846995617263
1336	12.195049112030704
1337	12.578310016930724
1338	12.114866985292691
1339	13.369486284209415
1340	11.449046888068551
1341	13.130935669032624
1342	12.180312528075385
1343	12.83708138210285
1344	10.555866929935291
1345	11.210467168595642
1346	11.199679224577267
1347	10.841450221703521
1348	10.15201359046623
1349	10.485222728661029
1350	11.213487210217863
1351	11.95135237363034
1352	11.74571453540453
1353	13.245872347208206
1354	11.374455660232343
1355	14.48834895618659
1356	10.877257431857288
1357	13.024126631120453
1358	11.762363594723865
1359	11.753594233142213
1360	12.131178091893988
1361	12.212549060757738
1362	12.458137966614837
1363	11.706518995303972
1364	11.746950373938308
1365	12.279833342850907
1366	11.659013398157965
1367	13.94699619486928
1368	11.233842332115662
1369	12.16987794227316
1370	12.990480040200055
1371	11.973354131254988
1372	10.927398971980438
1373	11.53922177766799
1374	12.165613694388108
1375	11.219911384047009
1376	11.793097667928253
1377	12.886500337393954
1378	14.006284847622737
1379	10.658134446333861
1380	13.122437259182334
1381	11.393680269923061
1382	12.363676658864799
1383	11.90995255727321
1384	12.215819679829291
1385	11.445389128755778
1386	11.146278197511233
1387	12.189770857361145
1388	11.025777622591704
1389	13.045552558698025
1390	11.808793663792311
1391	11.993262866814622
1392	12.913389731392575
1393	12.015767486699458
1394	12.074436231842265
1395	12.855344321539937
1396	12.171021099202335
1397	11.722962836773755
1398	11.927501187460232
1399	13.682025960247431
1400	11.722917252592742
1401	12.7306172195822
1402	13.46750755928224
1403	12.818933176022256
1404	13.800991545722354
1405	12.958426962772917
1406	12.38927585937615
1407	10.753380851221404
1408	12.057873679624338
1409	11.88387272653303
1410	14.146514357300475
1411	11.440779866146235
1412	12.616893062368035
1413	11.25324224595291
1414	12.081994142674375
1415	10.187112896304045
1416	12.17503476589142
1417	11.469926088216848
1418	12.77284257582921
1419	11.800520042702555
1420	11.500707387831062
1421	11.45424578821985
1422	12.418567069899291
1423	11.608120140794199
1424	12.024860942477567
1425	10.891715093671033
1426	12.663524725673986
1427	10.894687368068844
1428	11.185514623299241
1429	13.147970218754685
1430	12.104174105130369
1431	11.232176690401198
1432	12.117449264574264
1433	11.666683979746368
1434	12.87183412554441
1435	13.933956228429452
1436	12.444254255155101
1437	13.260133632872668
1438	11.83031836273666
1439	12.201865943754092
1440	12.827593684946704
1441	11.421129842405207
1442	12.756507303362014
1443	12.981794851327626
1444	10.820137807245677
1445	11.124053658364573
1446	11.48816275660647
1447	12.153080170109336
1448	10.475647620944073
1449	9.60880681090057
1450	12.75380020737066
1451	12.958487032307312
1452	12.761206889525056
1453	12.053110289911274
1454	11.523870925651863
1455	12.615775616107774
1456	11.911219411180355
1457	12.596833545681354
1458	13.867871176024588
1459	12.42407149480035
1460	10.875810844358057
1461	10.79823066717945
1462	10.93443316217911
1463	12.090472111411925
1464	11.289727993908205
1465	12.919168609019835
1466	11.728166266670451
1467	12.35371545291855
1468	12.76641090249177
1469	11.95421111041547
1470	14.062752602575348
1471	10.254498828771627
1472	13.965199761092663
1473	12.154855812822158
1474	14.040898198106637
1475	11.13099510820272
1476	12.629880118084007
1477	12.844308943099653
1478	10.949974098848179
1479	11.770272342022508
1480	12.095195511123165
1481	10.076481328645189
1482	11.844322270771954
1483	12.141200542653678
1484	11.246451657912177
1485	12.394306238624267
1486	12.738475845952053
1487	12.871046636486426
1488	11.920777939104786
1489	11.123224158684025
1490	9.877148238609411
1491	9.904371001125712
1492	13.369534359313548
1493	11.580458258212145
1494	11.993730708879108
1495	13.35865174070932
1496	12.434302454144927
1497	12.824521522969007
1498	10.93308163198526
1499	13.815067011829731
1500	12.359025783766992
1501	12.5045129790503
1502	12.869023020778384
1503	12.440565887178915
1504	11.335243908145154
1505	13.162353162226887
1506	12.435488930005315
1507	11.494660377308415
1508	13.499688911523359
1509	11.719503658513228
1510	11.86214152420871
1511	11.852820154652
1512	12.483664520876482
1513	12.928287604723923
1514	10.78899019437709
1515	12.135474473936483
1516	12.377542442775198
1517	11.502113529568305
1518	11.533093532913231
1519	13.039856653334573
1520	13.427416114602238
1521	12.475276289362228
1522	11.510796259331983
1523	11.929750040377257
1524	12.68845772783139
1525	12.376063261375142
1526	10.830229365592823
1527	13.659322354418691
1528	11.657694213005016
1529	11.487605107482523
1530	10.62122443228561
1531	13.333579023420397
1532	12.700479520518067
1533	11.625324657319911
1534	12.062788821640424
1535	12.529171461879741
1536	11.911244185369773
1537	12.880221810929166
1538	10.559728363587055
1539	12.697356456125688
1540	12.740115960797993
1541	11.293767141381977
1542	11.39812790004847
1543	13.260497533350385
1544	12.005677680921508
1545	12.77293378021568
1546	14.184625911093983
1547	11.58446840029986
1548	12.708930166471484
1549	12.925890731237208
1550	11.434561587870121
1551	12.491094809335967
1552	14.495952610112727
1553	10.484160236574503
1554	12.543047043378465
1555	11.012768211412347
1556	12.979797196981963
1557	11.047856645600405
1558	12.769159789396715
1559	9.994902371399803
1560	12.559245320890719
1561	11.789324499400598
1562	12.083043200802058
1563	11.5924879166123
1564	11.725173168553738
1565	12.489993724855594
1566	10.989512382566723
1567	12.85159489759244
1568	12.901087965777455
1569	11.33297070802655
1570	10.645615640495505
1571	13.250169116188772
1572	12.92669830279192
1573	11.638450473831552
1574	11.673222088394686
1575	14.11862984916661
1576	13.280466689175228
1577	13.08903985057259
1578	15.633510091768889
1579	15.216663907747716
1580	12.068174579850165
1581	13.857859509182163
1582	11.533335198881105
1583	12.958886860132528
1584	11.795976301256035
1585	11.047248978555823
1586	12.423398442411175
1587	10.80305233983589
1588	13.287756873327973
1589	11.827943696035073
1590	11.988469269644055
1591	10.919509570081052
1592	12.582561858098156
1593	11.466415086916337
1594	13.021559148367183
1595	13.15317771063807
1596	11.619052990048658
1597	11.415003138501197
1598	13.569383837020723
1599	10.611277999434
1600	12.662320982292295
1601	11.23680649973297
1602	11.19592938371352
1603	12.547175899147987
1604	12.604365896666422
1605	11.606807643747223
1606	11.71888934308663
1607	13.427074307847457
1608	13.474055935163051
1609	10.97092773503391
1610	11.386966090358328
1611	13.285562014273767
1612	11.577875226503238
1613	12.761616259979617
1614	11.76385222421959
1615	11.009628357220208
1616	13.605153469302293
1617	11.203301258451704
1618	11.36545964650577
1619	11.915698923519813
1620	12.42635620785101
1621	12.933146991155809
1622	12.615555688816434
1623	13.136501918226713
1624	10.995667681272607
1625	11.833243808033876
1626	13.365029080737648
1627	11.888940880152708
1628	12.507441227906384
1629	12.630783149662117
1630	11.403103153337725
1631	13.953657555714017
1632	13.082611288502813
1633	11.821260793833062
1634	11.682748365751468
1635	9.879645179957151
1636	12.401349576190114
1637	12.681011902301439
1638	12.680242294645202
1639	11.45340720579649
1640	10.621819279529154
1641	12.092316046799533
1642	13.435105026854822
1643	11.76795613296729
1644	12.53287436813116
1645	13.205754911061376
1646	10.20980084745679
1647	10.909411672402971
1648	11.616429199736254
1649	11.287956640952164
1650	14.063215267611668
1651	12.621753230836475
1652	12.606128494321768
1653	13.654458145669196
1654	12.114822464961824
1655	9.841974141215905
1656	11.153393674693588
1657	12.511508891999256
1658	11.869067352788989
1659	12.97429200093029
1660	11.12192832166329
1661	11.756521473904806
1662	11.59461923642084
1663	11.404098918952513
1664	13.321901507409555
1665	11.755773991695605
1666	11.353275483153993
1667	11.512400265724864
1668	10.364792043634225
1669	10.070527003651174
1670	11.145931490430874
1671	11.64661957777571
1672	13.633456387065557
1673	14.290064626412155
1674	11.595585373163756
1675	12.168769680021796
1676	11.361602709964952
1677	12.171720503392862
1678	13.232196769510795
1679	10.897813690257156
1680	12.657495338868882
1681	12.77703564789974
1682	12.070759252412245
1683	10.954850608366542
1684	10.546097806388778
1685	11.49749226648257
1686	12.085287291090935
1687	11.77581998606911
1688	12.727577075789062
1689	12.32440130080795
1690	11.190018273346746
1691	11.401557609257805
1692	11.310197245562449
1693	12.389935552103756
1694	11.00738461088622
1695	12.162570947781205
1696	12.53864210593747
1697	12.057421000208706
1698	13.247575572885884
1699	11.986131099704654
1700	10.945681038196199
1701	13.67534134761081
1702	12.33475877987803
1703	10.97295380955828
1704	11.598281567712547
1705	11.587301035489267
1706	12.143420422496273
1707	12.608107750666225
1708	12.328472540414493
1709	12.718999612455567
1710	12.219075757622099
1711	12.528444661137959
1712	12.54815141306608
1713	9.960495087950092
1714	10.640155478334055
1715	11.659680083743297
1716	11.314227539673448
1717	12.037334629654652
1718	12.762789340157594
1719	12.772062986545885
1720	13.417018411587923
1721	12.623796960904397
1722	12.482607907183203
1723	11.212893772125245
1724	10.306911568356943
1725	11.004609256691765
1726	13.671691829638023
1727	10.839551905669007
1728	12.656029580393806
1729	14.28070613835007
1730	12.516499335353728
1731	12.76390389597509
1732	12.794879703898914
1733	12.61535060920869
1734	12.752775648608804
1735	12.691024117491907
1736	11.16234816281524
1737	11.55566693553701
1738	12.465884668713747
1739	12.120432217450192
1740	12.562948527932168
1741	11.901191943674348
1742	11.677302613301435
1743	13.70150173086274
1744	11.97251746233087
1745	11.243190083000808
1746	11.902890740527905
1747	12.796013688493986
1748	11.878173697786405
1749	11.681798186560627
1750	12.90543106002733
1751	12.871588976937346
1752	13.221122986481836
1753	11.828962883878765
1754	13.02184322343341
1755	11.674149258162029
1756	12.005905377717378
1757	12.194282495649531
1758	12.692963110702113
1759	13.342240530919904
1760	13.456913616741076
1761	11.955423475043583
1762	11.114357567691643
1763	11.038884271401912
1764	12.383632033527828
1765	13.04357074336925
1766	12.077349278881835
1767	11.918093316431623
1768	10.918689324054867
1769	11.230471437298027
1770	11.83859856496565
1771	10.956191825727
1772	12.698523104563355
1773	14.887832150096074
1774	12.517339417681796
1775	11.983139603825597
1776	12.181631797691807
1777	13.719454694838662
1778	10.948349327974332
1779	12.780636801816788
1780	11.373243230395019
1781	11.292484451830386
1782	12.008561823012618
1783	12.657241158507532
1784	11.05124732789894
1785	12.140736166853458
1786	11.523646519402973
1787	12.349314620119653
1788	12.716781585011631
1789	11.238975395149152
1790	10.99835112132132
1791	12.845208940864541
1792	11.594600945744398
1793	11.76667355752683
1794	11.652783910161816
1795	13.074840925101723
1796	11.545638115976804
1797	13.02351224317681
1798	13.409623331700763
1799	11.291703773041567
1800	13.31894902881634
1801	12.691356690467469
1802	11.134592197318044
1803	11.946305187951241
1804	13.020998078485718
1805	11.877049939148128
1806	12.2755782516518
1807	12.249744839413324
1808	11.939120118572776
1809	12.20226722107535
1810	11.93882001688083
1811	13.01821859080034
1812	11.623100260372407
1813	11.334004076275354
1814	11.952675908338279
1815	11.59406359816785
1816	12.184042819513706
1817	12.040958487855582
1818	10.534948201317873
1819	12.004677942588128
1820	12.345062301998647
1821	13.152888164118243
1822	13.14605976844905
1823	12.438883543868238
1824	11.90035828971304
1825	12.301216847429584
1826	11.474077822912173
1827	9.319695909158327
1828	12.615055262628529
1829	12.697360786050558
1830	13.079505524649802
1831	12.859301389602479
1832	12.198494982905686
1833	10.917261120164767
1834	11.90690446042988
1835	13.042857718479354
1836	13.443615733762272
1837	10.653602758455756
1838	12.906091876677237
1839	10.31966721392902
1840	10.733047107700258
1841	12.520233408547938
1842	12.529414778381275
1843	13.704760319931665
1844	12.902917801286094
1845	11.968168439770428
1846	12.844536094286013
1847	12.213156013716278
1848	13.79966646809286
1849	9.310619498952292
1850	11.360964210600489
1851	11.747845703706844
1852	11.037590172540929
1853	11.559654802449845
1854	12.142731303448922
1855	13.062046272162762
1856	12.986018005642109
1857	13.196380786923692
1858	11.794314600475547
1859	12.8491449175506
1860	12.48920888430439
1861	10.833791946107521
1862	12.316922842664644
1863	11.231511840946041
1864	11.906599881622242
1865	12.147075139983956
1866	10.421175781604168
1867	11.484600494449426
1868	13.446902278151052
1869	11.644961114141292
1870	12.2992823485152
1871	11.667364765025143
1872	10.906918107498702
1873	12.64353126353429
1874	11.939205142835688
1875	13.83085651890724
1876	11.331672376196366
1877	12.344443174273087
1878	13.362808196772155
1879	13.14130426284724
1880	12.73017607749595
1881	11.020037139727114
1882	13.091408150881762
1883	13.346503004298679
1884	11.734019942648176
1885	12.305522835879986
1886	11.428241687527459
1887	10.11183204734698
1888	11.279432370123686
1889	11.773704480961896
1890	11.601388117996976
1891	13.124490830943817
1892	13.45905194078417
1893	11.16264160326682
1894	11.705634012718551
1895	11.426966741396528
1896	12.9390295589983
1897	11.802149841049687
1898	12.013293580218617
1899	10.913393639327426
1900	11.16644919841201
1901	10.311005756990719
1902	12.485077613576626
1903	12.195342474093195
1904	11.133460195065709
1905	12.203200635200899
1906	11.13949945801869
1907	11.830757752720578
1908	10.742704137344845
1909	13.257607630609224
1910	12.288716409987371
1911	11.156873796101925
1912	12.638829133659602
1913	11.994621242991546
1914	12.243699578102678
1915	10.769818199099973
1916	12.301115913264868
1917	12.072190259505684
1918	13.360408587813643
1919	11.088050873584248
1920	11.262906981931467
1921	10.76913753228395
1922	12.088094286720402
1923	11.9631083010172
1924	11.502319405825498
1925	15.145368147292174
1926	11.12051608498829
1927	12.531125101793025
1928	12.712185266738137
1929	11.750288346083835
1930	12.201351044366934
1931	11.568687638667013
1932	12.852052679104316
1933	12.158271704451181
1934	12.605319790335166
1935	12.52557922998676
1936	11.811421248945408
1937	14.304921001475304
1938	14.079345098596864
1939	11.85522601264529
1940	11.261775110848248
1941	10.837157162294412
1942	10.836804535938427
1943	12.526164496783167
1944	12.601413951197173
1945	13.494231365421522
1946	9.858819816057803
1947	13.394345185785953
1948	12.385612130231623
1949	14.80414039165979
1950	12.34712525489158
1951	13.437391372464065
1952	11.529647158885686
1953	13.267960581695661
1954	12.094785080136111
1955	10.731268399827448
1956	12.755242803995497
1957	12.009943531476893
1958	12.073865466363108
1959	10.295852385507896
1960	15.28058264500578
1961	11.894777876412263
1962	11.914626895583101
1963	11.452710003679385
1964	13.438171779581657
1965	12.721772157441592
1966	11.410406302427873
1967	12.700451599055668
1968	12.12422341956491
1969	11.921641367895063
1970	11.345723102467932
1971	11.313459519238677
1972	12.287118954739222
1973	12.118163876410108
1974	13.078343503276951
1975	12.625279739382677
1976	13.142572336519757
1977	10.930606438341783
1978	13.388332008251123
1979	12.153376937407302
1980	14.229543060491173
1981	12.428906081177827
1982	10.774787594996658
1983	13.377384406941323
1984	12.84674280474428
1985	11.208665582196167
1986	11.944913018960506
1987	11.678510421343768
1988	12.820577045949175
1989	11.245225327222474
1990	10.764590509963455
1991	11.368234826551218
1992	12.07352216161477
1993	10.599899271910544
1994	11.749159474591059
1995	12.950571132319359
1996	11.954377112134049
1997	11.810184017854876
1998	10.963025259519261
1999	10.727319478290156
2000	13.110337176166164
2001	12.689244924142258
2002	12.178587405643027
2003	13.103631103178486
2004	13.309748757591782
