6	8.959870945601713
7	12.4744250174548
8	12.934837056286051
9	12.93361841723472
10	11.515723984607684
11	11.607136822577045
12	11.945224849952046
13	10.57451763487974
14	13.687963021418248
15	12.01666496002763
16	12.182116348064719
17	11.366000805009389
18	13.334380543086203
19	13.38128639495368
20	13.163572197877633
21	10.545397357837414
22	13.213419698831645
23	12.304851149258516
24	10.657456284519867
25	12.752794633492288
26	13.370409823347169
27	11.692396603262909
28	11.295222553541809
29	11.154500327725293
30	10.970136587121184
31	13.08921887217431
32	11.272225458049839
33	14.1039025179698
34	11.736727336204059
35	11.616025774419313
36	14.270855071523126
37	9.965226245466571
38	12.63414861170474
39	12.670580369142044
40	12.938819708548484
41	12.753184185075952
42	11.458194821036633
43	10.85938623306973
44	11.655296086466405
45	10.939090487483622
46	13.846729488307755
47	13.713851724549466
48	12.596261556542318
49	11.18022783824265
50	11.623235296926577
51	12.527890520098232
52	12.38254700062764
53	11.879700398518146
54	12.562967120218673
55	11.619128623598174
56	12.75773723787225
57	10.836504024391457
58	12.04876142746826
59	11.392433335273685
60	12.477100488862359
61	12.603527737693764
62	12.267276450598413
63	12.758635124968956
64	11.711179146294599
65	11.552040582348443
66	10.101523905893373
67	12.795517845144516
68	12.031168034354137
69	12.07590639575042
70	11.74200537311061
71	12.91667343449242
72	10.860067383330412
73	11.729278532296556
74	13.915153472250799
75	12.210055975237497
76	12.87599001304228
77	11.457886094379937
78	11.535187169718064
79	12.2883347410243
80	12.907321292969486
81	11.014471684347802
82	11.07095524198051
83	12.74336780387305
84	12.092854085673546
85	12.57801833767352
86	12.873050336521018
87	11.943105843070953
88	9.656369976093307
89	11.176051427026323
90	12.829114181957536
91	13.602909659159511
92	12.38301304138888
93	11.331808079341426
94	11.729227928778776
95	12.184660845951294
96	13.102326221951516
97	11.37303908367515
98	11.039358393304466
99	12.208786841517496
100	12.48818877202069
101	11.596311813135308
102	12.639687958164965
103	11.036011087281318
104	12.547452054810785
105	12.866480243200817
106	11.00056527283101
107	11.428000411045849
108	11.90061633345197
109	12.49218742837224
110	11.821695874441097
111	11.083153260531555
112	11.28875470685307
113	11.045437625697343
114	11.191148898285022
115	12.277190863488258
116	11.414326250883397
117	13.266051961105925
118	10.887543634274271
119	11.07440333845547
120	12.855409019295779
121	12.477174973162045
122	10.76146764513604
123	12.299114352714646
124	12.162674350476829
125	13.616693274651038
126	10.273632492368657
127	11.693778236857844
128	13.180225860030042
129	12.58570928104846
130	11.99376153248959
131	12.442726035211567
132	12.640164411154627
133	12.161889611605707
134	12.220778465548937
135	11.253767946747498
136	12.255479257494343
137	12.413866297384569
138	12.831024714748938
139	10.50665785286211
140	13.769547805887123
141	12.427058036953289
142	12.457729499019916
143	10.901937281145365
144	12.244090033428511
145	12.54451801818581
146	12.695273240971146
147	11.652941686091998
148	11.69966161402408
149	12.996379469971915
150	12.21651129483819
151	12.348511135138562
152	12.785467934410777
153	12.215963172375632
154	11.550921083973883
155	12.303873664480584
156	10.257457921675682
157	12.240206582802347
158	12.259404495632044
159	12.311950462560231
160	13.182098710848633
161	12.320499129676525
162	11.732587776183768
163	14.688257849424744
164	11.240319116944738
165	13.797113204335222
166	14.318188100953671
167	11.239793012385404
168	11.552215074196283
169	11.10681849612394
170	13.102618557659579
171	11.21476424055712
172	12.184152752610236
173	10.671738631881048
174	13.190627907566714
175	13.65400661646677
176	11.800627795816741
177	12.77542051454097
178	12.431944258688922
179	12.737924465864328
180	12.221319897922221
181	12.458311581923184
182	10.978812684284765
183	11.37801062191249
184	13.270911947963253
185	11.032183251812446
186	10.616767311985873
187	12.222257324031531
188	12.060477573949525
189	12.525155205839837
190	12.436942830612205
191	12.796737632866716
192	10.681241198097942
193	11.428417201642372
194	12.026895121195524
195	11.600638682070713
196	11.0324912190288
197	12.516541768217575
198	12.188973284282838
199	12.272642826644006
200	12.456435033558227
201	13.210766052209033
202	11.797991575118985
203	13.24660242497492
204	11.952027860701257
205	13.667192792641403
206	12.307974688166723
207	11.150237847704291
208	12.72952450513213
209	11.689392095017904
210	12.334513865057877
211	10.892532770682703
212	11.725424211729147
213	13.031900404811642
214	11.994770513141386
215	13.23928014439729
216	10.117902153432079
217	11.626617797256912
218	12.137233738864062
219	13.128686756745015
220	12.178938453704177
221	10.611232810942628
222	12.641126295306174
223	12.678917732106388
224	12.439666374149965
225	12.307907467233473
226	12.41107438392064
227	11.799933085541447
228	12.662982386391377
229	12.210698979638982
230	11.921847350227956
231	13.546910771707882
232	12.257135413387335
233	11.743585582027057
234	10.697256062839491
235	12.546945069322827
236	12.783260814821054
237	10.986879257334154
238	11.698651212220758
239	12.91518306527319
240	9.969562845394345
241	12.076614718024974
242	12.229206755007562
243	11.749131243326701
244	12.78591701326475
245	13.247285706204853
246	11.610820629893569
247	13.005368662118498
248	11.262034535974912
249	13.232015843161207
250	10.851808712387234
251	13.213379415305099
252	10.856996589379074
253	12.951144446941528
254	12.906269889171725
255	11.831938386416166
256	12.206864492931905
257	13.371623943158193
258	13.58614192107052
259	11.10481073090341
260	12.20186945359054
261	10.957942095087631
262	11.310872251156251
263	12.564683192007942
264	12.399231918706882
265	12.132178298439708
266	10.544883163263036
267	12.523241328639223
268	12.362745655485195
269	10.672881569536724
270	11.68796231339167
271	13.640770085412077
272	12.333232336286033
273	12.464713770566354
274	11.575168967017706
275	12.568426204612479
276	11.179622464365346
277	12.01704746622058
278	10.832282347686123
279	11.191711669496726
280	11.816278788054964
281	12.203189888349568
282	12.037398108353955
283	12.949789503652331
284	10.694130557470173
285	11.91847284973023
286	11.458802631138905
287	12.184345994595787
288	12.263700875802897
289	13.114918136934284
290	12.03274422492333
291	12.54841012286488
292	12.506130940438016
293	12.054356674221344
294	13.02778363725843
295	11.976484249425994
296	12.084296333850443
297	12.708345587420473
298	11.687780966478623
299	11.654117909359611
300	10.37665046035545
301	13.694054124161118
302	11.848771717187072
303	11.814622948465209
304	11.898402560939926
305	12.377867739510044
306	12.053501185079638
307	11.747288547438549
308	11.326521743946891
309	12.008188702809598
310	11.382531723373436
311	11.758667644550938
312	12.717779511463595
313	13.344210243057459
314	12.931020873710109
315	10.099130956616136
316	11.991160212715235
317	11.461688261212187
318	11.879660322667203
319	11.6440600877424
320	13.090583404590449
321	11.827530096588736
322	11.849152677415294
323	10.936987039244269
324	12.395524998541077
325	10.217735288090214
326	10.845001467270777
327	12.651135760791865
328	12.081646859100632
329	13.591150475192329
330	11.449688605485587
331	12.366216240123322
332	12.62529864983962
333	11.221459916180551
334	12.43075922423508
335	11.569717053615022
336	13.429189370261788
337	13.35237253045805
338	11.247792300775789
339	11.83680073384312
340	12.636732765023435
341	11.50387215297378
342	11.162949060904793
343	13.092584979555768
344	12.036589715452283
345	11.228747075391261
346	12.540328773041256
347	14.13258900771325
348	10.962614345458514
349	11.634385363440272
350	12.441022331695422
351	11.179952593005146
352	12.577560216932477
353	9.827562552714403
354	13.089777370110033
355	11.509183194034268
356	12.244168397727966
357	10.62631059049404
358	12.583594663400778
359	12.645431809582078
360	11.441572036608704
361	11.100689562289128
362	13.96234599092118
363	13.383976064019159
364	12.987150742756786
365	11.409874118217536
366	11.530030439272412
367	13.639562239999318
368	12.252328193979338
369	12.950985514489002
370	11.67483852086675
371	12.39994811195518
372	12.230216740635703
373	12.884295302082318
374	12.91340406942226
375	12.191775254027048
376	10.634434343457947
377	13.545347531105937
378	12.444072524971984
379	12.593735916861434
380	13.1533073898172
381	12.95099522039527
382	11.678618638723327
383	13.662420837445937
384	11.221078298567416
385	11.237238323186627
386	13.833207901552669
387	11.799628653017862
388	10.234140385916639
389	13.796835080627352
390	12.899306292452946
391	8.682900158994016
392	11.845837041110773
393	12.784522517918958
394	12.52749869133748
395	11.94141883300304
396	11.998729709288455
397	13.854941823625598
398	12.116903865161406
399	11.230874162588623
400	12.149860360082238
401	11.313073057466207
402	10.783516980905551
403	11.623641998716101
404	11.092429059524717
405	13.231482673787728
406	12.57978927117351
407	11.763348266162211
408	13.927542214821397
409	12.26468567025066
410	13.155575767803171
411	12.722052094858714
412	12.040829200511022
413	12.322658581069529
414	11.47824846379279
415	14.971089900278457
416	11.058452381335664
417	13.00602977644456
418	12.754968301728642
419	13.401629760909021
420	10.909319841784264
421	10.018208979019064
422	10.20381276104245
423	11.766149881406148
424	12.309091663286381
425	11.583297461141012
426	11.729725144500843
427	13.453951896465151
428	13.17602560463442
429	11.994982893045648
430	13.127682799085354
431	11.72565696158339
432	12.32075068151311
433	12.386759012370787
434	14.083007269232716
435	13.213665301941518
436	12.040789837529882
437	12.272947798719137
438	12.229171826955973
439	13.759312729013171
440	10.896049171921534
441	11.523024334313138
442	10.984851562577482
443	11.068759929363816
444	12.596821874802655
445	11.666705012918639
446	9.692138375574038
447	12.774571217376929
448	13.264690031041898
449	10.96812902544043
450	12.833494170040536
451	13.054055597373427
452	11.00809834093194
453	13.566013394743608
454	13.64716785806065
455	11.687372737812852
456	12.547186428211717
457	12.842886153494916
458	13.382066257085311
459	10.923009142117937
460	13.006008524410426
461	10.828053466207347
462	11.754425660995938
463	12.086598071988556
464	12.315018543039818
465	11.072671556612477
466	11.453937371277293
467	12.608688209780182
468	11.034698095466107
469	11.10440440979146
470	12.05409503447167
471	11.31842707469753
472	11.381077112885228
473	12.615712291189434
474	11.24849056693948
475	12.720215300930878
476	12.107874329456536
477	11.185276143483149
478	13.833509684706925
479	12.186317380652518
480	12.745654065647008
481	12.065445452230051
482	11.375590612469413
483	13.161019971821224
484	11.440568070589237
485	12.562156105769995
486	11.454295192150099
487	11.717901161455442
488	10.617928230830744
489	11.471306424769436
490	12.117586321359138
491	11.307321079954272
492	11.81850168793244
493	13.430430716340197
494	12.588283753772266
495	11.2621907925081
496	13.246898778916702
497	14.076651382856653
498	14.447586734425775
499	12.19505564925335
500	12.11668299592378
501	11.082646598127516
502	11.676028254921548
503	12.560564880084712
504	11.08544218863091
505	11.468961031100966
506	10.785419418908921
507	12.702499223860366
508	12.28262802127971
509	14.357062553816442
510	11.795102615733631
511	13.677909667320948
512	12.514112192249108
513	11.083316933761006
514	12.694491174709247
515	12.154257241775706
516	10.497423136191044
517	12.01582360323768
518	11.539352237122923
519	12.201508503715525
520	12.007160120832157
521	13.678874037142291
522	10.282968825794182
523	12.982930161727026
524	11.405707317543039
525	11.717763172062405
526	12.215575286214623
527	13.042769545372575
528	13.590150592959782
529	11.845257696090266
530	11.332369755427353
531	10.880822576959618
532	13.71925217565149
533	12.43431079177729
534	10.927833539317362
535	12.85450851205615
536	12.961053322195886
537	13.701822088125887
538	11.423749779789851
539	12.277867858905507
540	11.843161198296858
541	13.939015262548558
542	11.111062363913515
543	13.054041244501216
544	12.07859738844092
545	13.107933753271936
546	12.437546154894138
547	12.495137616683243
548	10.295717907609122
549	12.59674731856794
550	11.735094310936152
551	12.364791507496395
552	11.498604718278612
553	11.249829213949852
554	13.47365222346065
555	12.379248999148224
556	11.675295989816625
557	11.15404002519305
558	11.699397705786396
559	12.233200189983473
560	12.537197605887842
561	11.438693796178205
562	13.331984918448143
563	12.712595539179778
564	11.484908467777792
565	11.65856130317164
566	13.730256067143511
567	11.568350080614133
568	12.762375424783386
569	12.927831277975043
570	10.712511821766384
571	11.933774774453765
572	10.701944510032343
573	11.131895033648776
574	10.809239473193884
575	11.344851134810597
576	13.178873984018098
577	11.478979839732906
578	12.887707570959863
579	11.864146210168572
580	12.143232615555462
581	12.734320499636233
582	11.455776069812211
583	12.128351626738938
584	12.795258382603567
585	12.273386483946208
586	12.177342612226493
587	12.056435377628077
588	10.875567499805536
589	12.531913179542041
590	13.128889888907517
591	13.01558333269398
592	12.262575157935498
593	9.624247916424387
594	12.450740104084476
595	10.525178539050419
596	11.972661593205933
597	11.613865667721257
598	12.485586248077674
599	12.725324301853897
600	12.132815274270252
601	12.085761759359489
602	11.100742250691507
603	11.242012979256371
604	10.775509275052732
605	12.526885005627545
606	12.883729298919206
607	12.11434501707554
608	11.687657786178699
609	11.288764765326816
610	11.45926959727939
611	12.748060682424693
612	12.76244822758823
613	14.190127065131927
614	12.11568150457017
615	11.163001470961609
616	10.160515829388585
617	11.811078809297886
618	13.005347960343352
619	12.552898721657515
620	11.781905843443383
621	12.22785168521971
622	10.918703870290253
623	13.477140643235836
624	13.238296607703282
625	10.831993232325962
626	12.47706472632126
627	13.006728734036356
628	11.082030023703387
629	11.682578087011352
630	13.142987102874377
631	12.03095738527974
632	10.221975332434775
633	11.388146545979767
634	12.285043021916257
635	11.92514436703641
636	12.820522800920298
637	11.892412536570033
638	12.753690782729315
639	11.069845263698054
640	11.381300056766687
641	14.648040039326029
642	10.98500549921913
643	10.500683655403554
644	12.905856692232192
645	11.889250655926299
646	12.655223379382337
647	11.657135104207555
648	12.25901160788579
649	13.25315771489225
650	12.794205517806404
651	12.169428045585907
652	12.540136667654702
653	10.706647463777864
654	11.797107076939112
655	11.899168916078956
656	12.679060180992659
657	12.5470392897306
658	11.566396569163771
659	11.318592085412497
660	12.15689594228752
661	11.437461594826475
662	11.817896298284177
663	11.823504098775713
664	13.92191998620052
665	11.18371409299487
666	12.805801453265863
667	12.872592745706681
668	11.784594039143995
669	11.496319765880655
670	12.984783761125678
671	12.78611630929767
672	12.767124146382374
673	12.633428028214258
674	12.665879492031914
675	12.573165712088146
676	12.682261374127982
677	12.255844002593895
678	11.216465181484818
679	11.368375257728621
680	11.749513709265738
681	9.802685242855329
682	13.22997231987896
683	13.29153509964646
684	12.158463265350292
685	13.381229423690543
686	13.26252695096596
687	11.30257036035817
688	11.371745804069741
689	10.288226919962376
690	11.714213604846483
691	12.366230057628574
692	10.178695138472984
693	11.73645474690532
694	11.364432171055038
695	13.999930593962615
696	11.464942037523723
697	12.000047831492598
698	11.536932858987711
699	12.078451656802956
700	11.52595205179726
701	11.644572053397834
702	11.797435217046816
703	12.484387450099652
704	11.26274254359811
705	13.857651853509847
706	12.299898432462943
707	12.63818958523916
708	13.872687907957394
709	13.176919844908346
710	12.778988583313645
711	12.72132811928168
712	11.533242515072093
713	10.629296024795622
714	12.579849714380023
715	12.149236780888815
716	11.939183158344468
717	12.686232733572833
718	10.895688506764904
719	13.053452379965725
720	11.780893135415997
721	13.675944878937393
722	12.380395117342811
723	11.787144406512379
724	12.830462488090584
725	12.261596359621636
726	10.304629545658827
727	12.43484796177169
728	10.639034273325587
729	13.464146084961778
730	12.188605176014825
731	11.276041774331437
732	10.940844678118502
733	11.707676125830039
734	13.09621186059219
735	12.910774008902397
736	12.832178956303135
737	13.428676545443013
738	12.392501798672846
739	11.137557847856764
740	9.838747948108773
741	12.637614979376933
742	11.562329053636253
743	10.54293572374154
744	11.830369110456667
745	11.771143190061244
746	12.422008589149781
747	12.035359460611785
748	12.854821197406496
749	15.004679623237323
750	11.732007469611105
751	12.581162605150894
752	12.875224648142682
753	12.1918746117095
754	12.285203198800914
755	11.91776144804052
756	11.02025662426881
757	12.387033418789294
758	11.982066392730404
759	12.818084644028984
760	12.870690306389172
761	13.7174874907505
762	14.615608627009205
763	12.00630000367916
764	10.942133425199426
765	11.808864613610279
766	13.183651194679205
767	12.793540133279748
768	13.232842106584405
769	11.067413560017789
770	11.513314033145434
771	12.874007061669161
772	12.357290552857403
773	13.431546638239524
774	11.48410453709632
775	12.866003164422832
776	12.443929869086585
777	12.096353499309929
778	12.813356242471075
779	11.827892500127707
780	12.232051803296516
781	11.308514551133849
782	14.196221216633502
783	12.143835489218043
784	10.835563135435223
785	11.296617218614555
786	13.004737919066102
787	11.224653435353604
788	12.622657831111509
789	12.476952415585401
790	12.968139465241693
791	10.406956570294117
792	11.92192127358715
793	12.26648781049727
794	11.97988779693454
795	12.018964256621867
796	11.715159192262217
797	11.701551676572612
798	12.935175897171055
799	12.0541563346982
800	12.280718346759677
801	10.229020661864938
802	10.811277188103608
803	12.947064710927762
804	12.684210252115736
805	12.277492725976376
806	13.306559085211484
807	13.729510190053842
808	10.79689771386135
809	12.67861737991916
810	13.296412795029271
811	11.429643589451544
812	10.982178345253818
813	11.069281869061777
814	11.137741606267493
815	12.351955888734665
816	10.400082922881536
817	13.272733749792678
818	12.72207667006404
819	12.299703696545254
820	12.565487953275442
821	10.46455686676073
822	13.918860507081263
823	13.751871744095116
824	12.588619823597613
825	11.96309087894808
826	10.902807173075747
827	9.891372142741197
828	13.914553702634294
829	11.465984425611646
830	12.445471540365057
831	12.688431833350265
832	12.311110054115908
833	13.723755066429831
834	11.299509838805534
835	11.473896481157484
836	12.269334486072982
837	11.041731884186019
838	11.41345708012869
839	12.050741477503575
840	12.75692994214478
841	10.789684862942146
842	10.902724079074687
843	11.491984807994838
844	13.01616900486295
845	11.80834715894889
846	12.288774477739434
847	11.60355255239281
848	11.99774191627148
849	12.112139835007838
850	12.76752379808673
851	11.325480326206335
852	11.371043869992718
853	11.46616816840556
854	11.304614195676075
855	13.805700287158833
856	15.043381011423966
857	12.457085868784064
858	12.339197651915518
859	13.029356538191559
860	12.31603154113637
861	13.789827652741224
862	12.437079275288852
863	11.82468044958786
864	13.059080051233698
865	12.280282933760814
866	12.754607086395845
867	12.186219295567792
868	10.955114383274728
869	10.711672100142875
870	10.705922568857204
871	11.461138891924817
872	11.906037081101783
873	11.449671856368825
874	12.402948504707847
875	12.180832805235267
876	10.720441307619456
877	14.00254944874905
878	11.6646545968085
879	12.642565849682558
880	12.387253914579848
881	13.389418089538813
882	14.235545815566597
883	12.340030700009915
884	11.510796210945541
885	12.988742311396415
886	11.479649969143793
887	12.6446909713318
888	11.21969649114908
889	12.80604859853388
890	11.676886998820118
891	14.236661977007142
892	11.643063296847686
893	11.605712422889795
894	13.229776792984921
895	11.870582096774697
896	11.163480264169198
897	12.013088814981625
898	11.353390466123212
899	10.880116987674098
900	12.626163697517477
901	11.435316359262766
902	10.765585477855057
903	11.267947758315131
904	12.633141091200523
905	13.077595234203423
906	10.2453099231503
907	11.523334742878037
908	12.198243868637032
909	11.901151239432188
910	13.16564085897622
911	11.715315783733566
912	12.645641357374476
913	12.077277265243335
914	13.197556879986077
915	13.033027323696803
916	11.662571993710783
917	11.836231194258046
918	12.044848591533352
919	13.311440837501054
920	12.167631422740495
921	11.996094128714226
922	11.31716359499842
923	11.06553712009918
924	11.602821411577882
925	11.221107185265282
926	11.946023522324762
927	12.212222398618115
928	12.332298996336586
929	11.728519988488793
930	12.224890329317228
931	13.744648190254035
932	12.014262783312006
933	11.552173810121271
934	11.291891435471674
935	14.012140414697807
936	13.351309090542296
937	11.884178391755558
938	12.61892767828734
939	11.625883005426399
940	12.712423711847514
941	12.66547282721634
942	12.47421663421185
943	12.159705017600208
944	10.292057365160435
945	11.565708110289416
946	12.930643940304154
947	12.49447885386291
948	12.349185722841261
949	11.926166628359905
950	9.70190955624352
951	10.542605128895957
952	11.648672558145336
953	11.97565578079472
954	13.222753172774295
955	12.30383623457696
956	11.25319927021274
957	13.47862579743884
958	11.771960741015272
959	13.103920968586431
960	10.27018628832108
961	11.484868803722783
962	11.441931673797386
963	12.359063683782312
964	11.920358724497339
965	12.670173076619191
966	12.429375061127185
967	13.337760070800348
968	10.874473023087424
969	12.825339888241919
970	14.092297048630742
971	12.559132310541047
972	11.25099248054903
973	12.51393780344515
974	11.34726214435924
975	12.598657498449029
976	13.49324451762174
977	13.267115635307212
978	12.94496772224691
979	12.188836407571754
980	14.230571249282962
981	11.567459161550252
982	11.906633339402186
983	12.954030079483346
984	12.200327900117442
985	12.608018114325768
986	11.774872057711367
987	9.739980155666126
988	11.381632284531157
989	11.462566590557495
990	13.094071383605478
991	11.1188394366966
992	11.795882468490163
993	12.54938661267737
994	11.854939053067937
995	11.087583307002205
996	13.166338236825712
997	11.80531911117982
998	11.766432435809596
999	11.445524149441294
1000	10.891421282767421
1001	13.506555585020509
1002	12.510732779889368
1003	11.349260726483012
1004	11.619518546944322
1005	12.752234420230563
1006	12.20102793732076
1007	12.056913059119037
1008	11.123246345749067
1009	11.005244545808706
1010	11.324322778388465
1011	10.945379312644945
1012	13.351536843832582
1013	12.095301863690839
1014	12.078312101641446
1015	11.533721095725195
1016	12.461497505567968
1017	12.238418342839731
1018	12.87086036835154
1019	13.351815890546119
1020	10.864454555880828
1021	12.254648549543498
1022	13.309095652627192
1023	12.063949062215844
1024	11.666999051709556
1025	12.473087837171848
1026	12.771695483682883
1027	10.476636119390605
1028	13.850701944930258
1029	10.87969501359233
1030	12.770747251220746
1031	11.091469673928804
1032	11.727490754355676
1033	13.09984613249156
1034	12.623654086397996
1035	12.0880040174452
1036	10.958297861828468
1037	11.354430020003257
1038	11.607125122774098
1039	12.308403393893968
1040	9.695308568174369
1041	11.696003041147682
1042	12.629734176236367
1043	11.589464660311167
1044	11.481998963694258
1045	13.452070034545613
1046	13.53868984005281
1047	9.656419854885076
1048	13.0582293843406
1049	13.874858062132262
1050	9.88052571647697
1051	11.687106908501816
1052	12.216492355559021
1053	11.824194388161413
1054	12.226536217290354
1055	13.468161258214552
1056	11.183994127088226
1057	13.779850852611506
1058	12.29706655202899
1059	12.210515411328883
1060	13.940640548233995
1061	13.39359444683856
1062	11.67324309201764
1063	10.716307422146201
1064	13.334849500773652
1065	12.246389951815623
1066	11.713184426940808
1067	12.478426517080516
1068	11.342591030367961
1069	12.288141583150718
1070	12.26331916744987
1071	13.79371591590138
1072	11.684623036148219
1073	12.192635557831576
1074	11.920298692537472
1075	11.340947805695107
1076	11.835392530663343
1077	11.96914040248679
1078	13.603699997533113
1079	12.13070068238691
1080	12.870260071475059
1081	12.489472348510754
1082	12.27184820966795
1083	12.01262209721841
1084	11.51664255054202
1085	12.939844857435673
1086	11.523164352974467
1087	13.387640811744719
1088	11.711830351869331
1089	12.43203369652569
1090	12.499941791958092
1091	12.030687420143057
1092	12.554518471537158
1093	12.174680766717453
1094	11.27843276782033
1095	12.941607260719563
1096	11.318571008456109
1097	9.591029314580373
1098	13.551854025392624
1099	13.237851939439265
1100	11.073250291486536
1101	13.086951817334112
1102	13.6584434601701
1103	10.994834225097867
1104	11.276558394776657
1105	12.285404379386454
1106	10.813813706171578
1107	11.817415835204251
1108	11.573692905627901
1109	11.67865977150255
1110	10.891441679426602
1111	12.092874695914553
1112	12.425104047078639
1113	12.186876349743795
1114	12.282351759684927
1115	12.791193749613898
1116	11.658533249060502
1117	14.801658833522678
1118	11.982230660231185
1119	11.51250673068518
1120	11.776763559362196
1121	11.907701788379041
1122	14.096888473362196
1123	12.171456892887363
1124	10.674568359274417
1125	12.540561631190307
1126	14.028818482047189
1127	10.812983719311887
1128	11.217315624542866
1129	11.995928125040207
1130	12.55420093940601
1131	11.839822783220658
1132	11.467021665380647
1133	10.949618958721489
1134	10.557661207294778
1135	11.342131195638407
1136	11.979483782779425
1137	10.593373711531362
1138	12.108647625520826
1139	11.601528797447681
1140	11.210254882768679
1141	12.157962616324719
1142	12.841468372718534
1143	11.37153444970634
1144	11.742886927979136
1145	11.901529896985739
1146	12.298379738130333
1147	11.04902773279658
1148	12.974123612744734
1149	11.843535883544499
1150	11.622017198609875
1151	11.861240266055306
1152	12.3320050096894
1153	10.345064664284498
1154	11.891764888206186
1155	12.97261137846171
1156	12.640457652461278
1157	11.940092275708189
1158	13.027909510652535
1159	12.242321249168446
1160	12.875312510928463
1161	12.067040271439549
1162	10.740648670925669
1163	12.084802305619968
1164	11.458885328660376
1165	11.099503153521153
1166	10.374746198327664
1167	11.947949846507981
1168	12.054812508851997
1169	10.686216345027788
1170	11.51232516678283
1171	12.355948724196336
1172	13.570087616862212
1173	13.090591486737443
1174	13.258225004178133
1175	11.640425002593215
1176	10.989172317369498
1177	13.189894345803186
1178	13.582350361478431
1179	12.230821818933295
1180	11.210272904130091
1181	12.69043895064691
1182	12.98544573248364
1183	11.724751508507111
1184	12.097658617404075
1185	12.794787090291114
1186	12.241919837869881
1187	11.365358221317258
1188	12.406373779350696
1189	12.51013532890788
1190	12.048330542704973
1191	11.446319345346032
1192	13.77552551839035
1193	11.524158440235837
1194	12.854343706577579
1195	11.968475187807504
1196	11.189626928069629
1197	11.35253862351179
1198	12.015682444148494
1199	12.55503699052389
1200	11.458854426257313
1201	11.583149172365665
1202	12.154717836272903
1203	11.851036314146768
1204	12.497077394762766
1205	12.918704622454243
1206	12.901461448362097
1207	13.419474400468575
1208	11.558487488189712
1209	11.42381309553748
1210	12.989990604423488
1211	12.655328484813628
1212	13.063250896399436
1213	13.798068640986457
1214	12.659539162668807
1215	13.885221064822483
1216	12.488237834947471
1217	10.7448790733949
1218	11.955245278969718
1219	12.472290850584754
1220	13.845872536670262
1221	12.799328592198435
1222	11.419605123775977
1223	12.968272608274129
1224	11.716126879890604
1225	12.618756541698847
1226	11.785788654296828
1227	11.449132043328559
1228	11.737618643040252
1229	11.164597154554466
1230	11.941642742709167
1231	12.05505391742246
1232	9.840726761333645
1233	12.309390469129928
1234	11.826495071873069
1235	11.097426836734245
1236	13.033804189551368
1237	10.736110112664756
1238	13.069372974720824
1239	10.77439672505969
1240	11.804538052606707
1241	13.086013070428743
1242	12.240150324767455
1243	12.965264705533627
1244	13.153665463761648
1245	12.28807777468034
1246	12.333390383467336
1247	9.373924522195011
1248	12.66394144751442
1249	13.22852254884007
1250	11.16810186058865
1251	12.465843938252268
1252	11.688214780935537
1253	10.541063674069433
1254	10.696885066106915
1255	12.60043291842308
1256	13.988132777907278
1257	12.784727007840187
1258	12.013137314352207
1259	12.301525948785953
1260	13.229539260345822
1261	14.33479830812818
1262	12.581028284905479
1263	11.32368992967531
1264	11.013822347722261
1265	11.301456186066693
1266	12.102581471075407
1267	13.654864251539534
1268	11.375824113329873
1269	13.070396640823912
1270	14.082124895660673
1271	13.335404921427433
1272	10.636424668629289
1273	12.944264907277775
1274	13.973676252767772
1275	12.292476052933905
1276	12.79698774631618
1277	11.75782393962295
1278	11.545077246809377
1279	12.698877888848074
1280	11.003705560069648
1281	11.738602254255158
1282	12.04766721671988
1283	12.08218085039407
1284	13.417783323048543
1285	11.66941211673431
1286	12.551494891389407
1287	11.449591413242743
1288	10.081872595716655
1289	13.247472160161756
1290	11.529950695760224
1291	11.739141772889221
1292	13.52802986977622
1293	12.386849989308617
1294	13.518532634456642
1295	11.144418387738988
1296	14.469709844131453
1297	11.151496411820586
1298	10.83223792782013
1299	12.896102468622848
1300	11.358367565620158
1301	11.511538774637437
1302	12.83549765048859
1303	11.655590448029605
1304	12.858668810475375
1305	11.661480227539625
1306	12.136559116214308
1307	10.977725545210498
1308	12.877804059872869
1309	11.85592702210314
1310	11.638108129706234
1311	13.071376694121863
1312	11.468265264739536
1313	11.155891077370262
1314	13.374092185214439
1315	11.690138992996744
1316	11.154969470443515
1317	12.12243552834672
1318	11.734742454839525
1319	12.52161349369479
1320	11.78320045223121
1321	14.252807685026998
1322	11.904159048653167
1323	11.99944841595488
1324	12.367534798348235
1325	12.554347721682861
1326	12.796280213228714
1327	11.92249679332599
1328	12.396520852958783
1329	12.14486313194761
1330	12.124513441342456
1331	11.69446710482589
1332	12.338525546614878
1333	12.386555399015096
1334	10.311737895222558
1335	14.018025283422322
1336	11.435830558249727
1337	12.617377336171922
1338	14.374263834785266
1339	13.005259022713922
1340	12.704862284020669
1341	12.631992801679703
1342	11.68419792772426
1343	13.233677839111213
1344	11.197046570219648
1345	12.779238362659022
1346	12.176437489023167
1347	12.373602079085844
1348	12.73926046347934
1349	9.88023629876552
1350	10.559040604997426
1351	11.478620541636788
1352	11.722244090547234
1353	12.202765818067087
1354	12.198684681843345
1355	12.225307865891539
1356	11.65972339414681
1357	12.683671104962317
1358	11.767896741007766
1359	11.790755874710158
1360	11.986070503693316
1361	11.215080388730554
1362	13.236647400991334
1363	11.67891994114034
1364	13.056178853573764
1365	13.342888778196302
1366	12.786591027320052
1367	12.678549307786549
1368	12.001341617006497
1369	12.012699391076561
1370	13.060262989778831
1371	11.59464973519512
1372	12.686763964852112
1373	10.94589548987838
1374	14.038097004654507
1375	11.625476935016923
1376	11.859033415412629
1377	12.152631686814129
1378	12.531873617584452
1379	12.474416243914595
1380	12.484009414652569
1381	13.011699212812042
1382	12.090831272134727
1383	11.500840721419081
1384	11.948434652993456
1385	11.719165507157374
1386	11.748465757754941
1387	12.069238967981867
1388	12.213460087885752
1389	10.916874042871457
1390	11.914099367150543
1391	12.924307815826444
1392	11.701330554142425
1393	10.66560530773778
1394	12.593903070040556
1395	11.180401111879435
1396	12.946315956274047
1397	11.202482589324447
1398	12.341241924914842
1399	12.193943970382126
1400	11.206766695016995
1401	10.52600238485029
1402	12.557371621303584
1403	12.678873998097455
1404	12.165667167493936
1405	12.98858805786279
1406	13.001048102308149
1407	13.305324656364974
1408	12.620483079558024
1409	13.311834703992915
1410	11.293158808806911
1411	12.605350772151724
1412	14.257461664560454
1413	12.204335849769414
1414	10.893258723142068
1415	10.836908235457182
1416	12.978014396397736
1417	11.74349859310314
1418	13.777179706642139
1419	12.32495195375067
1420	11.046375760176618
1421	10.322555429717202
1422	12.785693999491228
1423	11.613141188802926
1424	13.21241871633959
1425	11.755785397375407
1426	10.951749309333255
1427	10.442636721392931
1428	12.081421661705367
1429	13.584096250260762
1430	12.981332015873784
1431	12.840573311566065
1432	13.186665289866706
1433	13.237698817130877
1434	11.795997149501504
1435	12.0575863848525
1436	13.023763380878206
1437	14.486396855047053
1438	10.486202194401994
1439	13.706493240664713
1440	11.073459956234458
1441	13.181828016022337
1442	14.30751832597889
1443	11.831813628878445
1444	11.435892154991796
1445	11.707696082409132
1446	10.626246750595108
1447	10.953603006768972
1448	13.152438619386647
1449	13.812588904212278
1450	10.574825428561063
1451	11.555479735510586
1452	12.684517453323739
1453	12.225094600114971
1454	13.170469735482973
1455	12.230653759995475
1456	12.313874415778132
1457	14.010871474820306
1458	12.279592460673303
1459	10.473757644560898
1460	11.164119909857273
1461	11.069160925340839
1462	11.743535604327917
1463	13.09009584231535
1464	12.411877487674355
1465	11.206346375389808
1466	10.88914762899968
1467	11.837538128746674
1468	11.496917308967872
1469	10.240432742193503
1470	11.576474366418552
1471	12.021083234395418
1472	12.680464342633194
1473	11.77174875132429
1474	12.477043361924146
1475	12.232372199362144
1476	11.31012499119204
1477	12.169703314860817
1478	11.958431629533017
1479	11.524009898524074
1480	12.660163617169019
1481	12.39622548893439
1482	11.91219224975122
1483	11.001690660997365
1484	12.64816566525648
1485	11.419732050589202
1486	10.5191363196722
1487	11.078045341884717
1488	11.799437964269892
1489	12.140638389229855
1490	13.419226398995226
1491	12.83036974829156
1492	13.26633292988741
1493	14.053332230013508
1494	10.83148473484821
1495	10.723975120290348
1496	11.27370590487096
1497	13.444292839372618
1498	11.632258572628619
1499	14.196544709795324
1500	12.888795259963864
1501	11.280818563470941
1502	13.40537622269243
1503	11.782396195051996
1504	12.145258430400505
1505	12.316177751090185
1506	11.336464355636219
1507	13.181735429879543
1508	11.858790428737517
1509	12.022001914912835
1510	12.215604901269433
1511	13.003085533511298
1512	11.076986885120816
1513	12.141656920800663
1514	11.716208290541545
1515	11.254939153157174
1516	14.445046452177769
1517	11.824630194740807
1518	12.568788991784318
1519	14.000809114750313
1520	13.767961742244315
1521	12.995991239817265
1522	12.017880185856484
1523	14.297799546220947
1524	12.45529718432859
1525	12.986693392356392
1526	12.995196667573923
1527	11.523911848536226
1528	10.52707278419678
1529	13.964011281030253
1530	12.086070574172165
1531	12.661140700604301
1532	11.677322711359011
1533	11.59311661508906
1534	11.819084607273046
1535	10.990405995155806
1536	13.6104388626885
1537	12.270797523582587
1538	12.129204077471513
1539	11.102062711521285
1540	12.159133568810134
1541	13.16777657315002
1542	11.733898614013855
1543	11.558139769651461
1544	11.319983919204857
1545	12.004090684336713
1546	10.542677142985418
1547	11.695182274176698
1548	11.485030502876421
1549	12.742783518331125
1550	12.620138603413258
1551	11.273921884899028
1552	12.06043711406528
1553	12.361049945126414
1554	12.037992583724725
1555	11.932876588726092
1556	12.287367633371442
1557	12.0042180538143
1558	13.747584646830902
1559	11.99076276733346
1560	13.298405740051889
1561	11.914496880955994
1562	11.220312969797911
1563	12.691225055023097
1564	11.573613190965261
1565	12.663150683470557
1566	12.167628304846584
1567	11.12044904358918
1568	12.898010316295549
1569	13.63921849885418
1570	12.511668380975607
1571	11.326416881692309
1572	11.68114366361102
1573	10.268299898176338
1574	13.244558406809087
1575	10.892050417901304
1576	11.782425684064789
1577	12.148704951554537
1578	11.34310812090903
1579	14.062317009641058
1580	12.930879092898548
1581	12.028857507140794
1582	10.109932095552463
1583	12.186510244080717
1584	13.163215855096022
1585	12.258589899211074
1586	13.55972131921832
1587	12.292975908042862
1588	12.277276228711179
1589	11.293140645746304
1590	12.864882012415263
1591	11.979779397370294
1592	11.179318978264927
1593	11.75524272297509
1594	12.197489581248234
1595	9.982680554144705
1596	12.20296850222318
1597	12.380901453761561
1598	16.555821656619255
1599	12.34676072592265
1600	12.701578682028831
1601	13.0103046385407
1602	12.768268694092209
1603	12.244756734251734
1604	10.677178559403938
1605	11.543186518906927
1606	12.846139362860972
1607	11.346798289911417
1608	12.444139611242074
1609	13.784633293678052
1610	13.430456855770899
1611	13.084934261849238
1612	12.593457873920789
1613	12.831296718970407
1614	13.335956558962131
1615	11.192952137045642
1616	12.16600363595644
1617	12.9209835746733
1618	12.546530928095589
1619	12.91387183507702
1620	11.955876097862568
1621	12.77482887910193
1622	11.36576686815401
1623	13.017899295865474
1624	11.302168531070018
1625	11.06498857924122
1626	13.072327383483449
1627	13.583661486500535
1628	12.315714306524024
1629	12.219411813319944
1630	11.236675688032326
1631	13.480477629204918
1632	13.658374348348987
1633	10.995198295731097
1634	12.51608894445764
1635	11.962811905321562
1636	13.364983996819882
1637	10.442374546860304
1638	10.252118485291827
1639	11.127383626364171
1640	11.994501272478374
1641	12.588036172266584
1642	12.274140211915517
1643	10.519858386542182
1644	10.242981062888209
1645	11.858912596600534
1646	13.223026985616382
1647	13.20799383593046
1648	12.684165258581439
1649	10.843880140775582
1650	11.180271305184325
1651	10.752375977628521
1652	12.343489296766082
1653	12.963832926731557
1654	9.90194554879379
1655	13.672396971611306
1656	11.059309145881105
1657	11.161634442927316
1658	11.895540049458345
1659	13.3238908852692
1660	11.700663404387381
1661	12.414683597153052
1662	12.923509217170068
1663	12.067440355702749
1664	11.157100402199747
1665	12.68158814344497
1666	12.705546491692076
1667	11.569194093535078
1668	12.239397109146617
1669	10.412424181992384
1670	11.683901295045633
1671	12.076593036136519
1672	12.014763001330374
1673	12.244665214500856
1674	11.178707350332003
1675	13.535271348028731
1676	10.871166460155306
1677	12.468645150997103
1678	10.53223513769141
1679	13.068075754728756
1680	12.15076884330206
1681	14.236507436464308
1682	11.299165608270256
1683	11.499143175511179
1684	13.422544433067863
1685	13.52486886017723
1686	11.635556896636263
1687	11.131257368749457
1688	13.057030967816612
1689	11.676159011824057
1690	12.607313732204672
1691	11.306123223684084
1692	11.814192823081447
1693	13.090684633947125
1694	15.590803104589748
1695	12.425103296657376
1696	12.728522418340182
1697	12.46015076162466
1698	13.093983173504686
1699	10.462287264617366
1700	11.152649135257189
1701	12.592285196306184
1702	12.459338169281736
1703	11.963289142952167
1704	11.258087228141868
1705	12.459357320940505
1706	13.086792138331619
1707	11.754533842641294
1708	12.65135521854274
1709	12.803053851349672
1710	11.427441461700946
1711	12.564742811673664
1712	12.967482055259797
1713	11.610894781781273
1714	10.662354224419687
1715	11.581276230029761
1716	11.528208291791897
1717	12.223569069854701
1718	12.919393576860118
1719	12.496726802719587
1720	11.122920925863774
1721	12.312610565288924
1722	11.215890621668414
1723	14.46452301828877
1724	11.427441184155885
1725	12.858069961872669
1726	11.499347449745983
1727	12.742131883106023
1728	10.666842049834402
1729	12.862407100833176
1730	11.774269360332536
1731	11.681295734796938
1732	12.102826655764753
1733	10.699554974960751
1734	11.471757141893487
1735	12.236113368740511
1736	11.638188544924006
1737	11.58834079905413
1738	10.392019760069054
1739	11.953823822727427
1740	13.053793397761183
1741	13.31627779056156
1742	12.783221928850534
1743	12.035084415217051
1744	12.094442839190984
1745	13.261374122807352
1746	11.276444234313782
1747	11.236915363613516
1748	11.518432185396945
1749	11.751752368012523
1750	14.018619115614067
1751	12.660009221882898
1752	12.314478893221045
1753	12.779043330853296
1754	12.60443787065645
1755	13.510608037959578
1756	11.521838813539944
1757	12.041514986812567
1758	11.41586801221006
1759	12.625322776993185
1760	11.60284348511461
1761	13.061525523091074
1762	13.215444302461533
1763	12.210825145110274
1764	11.854574766429142
1765	12.535374545129017
1766	10.638789215331109
1767	12.009389992611592
1768	11.935034818763501
1769	13.610650676588358
1770	12.32465998460317
1771	12.285761154874967
1772	10.927442416230118
1773	10.674277908401564
1774	11.223814018275588
1775	13.111035046791658
1776	12.102034419076517
1777	10.78960858504778
1778	11.769482757005354
1779	12.465402263527116
1780	11.970491373187137
1781	14.29304714454338
1782	10.854395666858181
1783	12.078888785883622
1784	12.313992264564149
1785	11.651053567285029
1786	12.250338778537495
1787	11.673658981677503
1788	12.90408543736807
1789	11.562144869227746
1790	12.512431041067465
1791	12.62889875469801
1792	10.951312274661968
1793	13.123762143431636
1794	11.36693629707374
1795	12.422662923121825
1796	11.432490833175297
1797	11.785981406946666
1798	11.718283090103222
1799	12.576960617747238
1800	13.187944455264622
1801	13.020129653305048
1802	11.386513706529513
1803	11.554125816444866
1804	13.20775438702133
1805	13.630340687718
1806	11.363210038152626
1807	12.365333067951724
1808	12.420810973889235
1809	11.60784205814931
1810	11.53129541793838
1811	12.145253398131741
1812	11.095872005373662
1813	10.060510936170994
1814	14.441076201012196
1815	13.278351973584254
1816	15.280664259125478
1817	13.221430283226073
1818	11.781065773654163
1819	13.523618298607241
1820	13.826463208533823
1821	11.085217669429579
1822	12.853149045668985
1823	11.555587360884287
1824	12.721265723787086
1825	12.18038230463255
1826	11.956748543027789
1827	11.102289773523808
1828	11.691123010677984
1829	13.068254181841874
1830	11.688758322512731
1831	12.263979100459256
1832	13.5096718606801
1833	12.367541354331795
1834	12.456934855732305
1835	10.785063631549153
1836	12.267980883546572
1837	11.515223858878016
1838	13.242620488547761
1839	10.262871380380698
1840	11.538599090316616
1841	11.522256041748513
1842	13.376721688408658
1843	13.365596754354952
1844	12.93125559683693
1845	11.73354203798073
1846	13.09955586554766
1847	11.381396051496267
1848	13.468631421626057
1849	10.483380160093757
1850	11.294547038434661
1851	13.080488835642528
1852	11.722497012049548
1853	11.081252033084942
1854	12.914420515035644
1855	12.059078255860621
1856	12.023262200533368
1857	13.102432661116056
1858	11.173992939875461
1859	13.595631583196605
1860	12.302699317821585
1861	11.586578842260808
1862	11.795386128742248
1863	11.431531176892653
1864	11.299778391451886
1865	12.511748134166313
1866	10.995788483917224
1867	10.928072315853331
1868	10.987983555108418
1869	12.777839653688716
1870	12.257655914183017
1871	13.397608993537723
1872	11.386194266304797
1873	14.00291506307321
1874	12.98211410900578
1875	11.410793046197412
1876	11.61266275077091
1877	12.090312280256867
1878	10.584610221907496
1879	11.709375276323408
1880	13.138573650678154
1881	13.149409326924276
1882	11.719168666116376
1883	13.091662586446748
1884	10.905326260030657
1885	11.371724947763141
1886	10.796118012928803
1887	10.753384549876985
1888	14.085575048510995
1889	11.152307162590494
1890	12.036915661794517
1891	13.804706969315053
1892	12.11753289422874
1893	11.913405855807165
1894	12.416392594627622
1895	11.41134620032756
1896	11.315611840144772
1897	11.975574651053952
1898	12.272769386690387
1899	12.214719657834362
1900	12.116678241025657
1901	11.564067583763972
1902	11.35835549334064
1903	11.86038776348276
1904	12.498256008089003
1905	13.16603360074276
1906	10.851490381464828
1907	13.784053441118449
1908	11.151602731755702
1909	12.582579087271975
1910	11.289327236973415
1911	11.8412604379002
1912	12.871079502756604
1913	10.810891895958532
1914	11.2585653529095
1915	13.615220138965094
1916	12.240911084449971
1917	13.340408843819445
1918	11.889689479428515
1919	12.159630591676642
1920	12.199276573463486
1921	12.308051620633341
1922	11.499183184234425
1923	11.837315645460462
1924	11.818380719516426
1925	13.808992448680025
1926	11.887789272043543
1927	11.651173545010387
1928	11.352916202605947
1929	11.805607148498718
1930	10.579085874705292
1931	12.26741869710876
1932	11.914662732338337
1933	10.218729185198233
1934	11.605155323177488
1935	12.519792002422037
1936	11.633099527759967
1937	10.104757324714834
1938	11.5703614466196
1939	12.017773784929886
1940	11.775648453986893
1941	10.603097300688901
1942	13.996928195286143
1943	11.148601981953512
1944	11.185224665104345
1945	12.676134984884412
1946	12.005275857023662
1947	12.531213553001484
1948	11.544060770637804
1949	13.22891459754901
1950	11.090154093309222
1951	12.720615161053667
1952	10.973976630099619
1953	11.571299524257137
1954	11.465684293754748
1955	11.797998394321084
1956	11.664383547425631
1957	10.771240203924801
1958	10.90619725044558
1959	12.838760960462073
1960	11.677075814409182
1961	11.369581876822782
1962	11.421415541665224
1963	12.77180932671763
1964	12.411817690951285
1965	12.24834712481369
1966	10.541762462361172
1967	11.389214668716507
1968	10.091666370932945
1969	11.586713811249606
1970	11.64216840132657
1971	12.002581855104793
1972	10.52949548899886
1973	13.142979205880936
1974	11.123143530520611
1975	13.79518974061205
1976	12.27109587257323
1977	12.23283364678733
1978	13.81022718602427
1979	11.47364370021387
1980	12.471965370001271
1981	12.89027745756109
1982	12.372115027655482
1983	13.13608273299626
1984	11.344587079881292
1985	11.421522911948463
1986	10.037422018781813
1987	10.8171506546618
1988	11.344665307488123
1989	11.286458121479622
1990	11.847272876650095
1991	12.455300663668742
1992	10.778743758412968
1993	12.921924275765196
1994	12.47269856698242
1995	11.041915188138576
1996	10.765365352965892
1997	13.315013378052614
1998	11.931360974638281
1999	13.236145706462633
2000	13.514952913250612
2001	11.414998315522098
2002	11.969032902780992
2003	11.407569506721895
2004	10.870750373171177
