6	6.491821797040807
7	6.926677056005474
8	6.530630854474225
9	4.943415766719227
10	6.0060478279668095
11	5.740397194954826
12	5.167150823477277
13	6.1829121292705
14	6.940150320350623
15	6.246758116175496
16	6.059745659517331
17	5.12028059467446
18	6.005250951484803
19	5.725233268215644
20	5.62236061114258
21	6.142369293794001
22	7.413697679112757
23	6.873403586641001
24	6.427949552955899
25	7.1510599799614285
26	6.966960368768096
27	4.410275704979953
28	6.563503465067129
29	5.7186705225233165
30	4.210146547190713
31	5.491587371695358
32	6.900800089775253
33	5.389250331008692
34	4.483434303380765
35	6.052175397577862
36	5.5010441465009965
37	5.470358262638329
38	6.439737339708173
39	6.024124684566232
40	6.179628492473806
41	6.451316391726626
42	6.3729812333197335
43	5.60036973600148
44	6.879689137063299
45	6.820784150128336
46	6.751136763930553
47	5.668922184173756
48	6.537534926361071
49	5.901662074530577
50	6.211011457102723
51	5.9623983494133554
52	6.379030210655566
53	5.473551049913567
54	5.0197272797880075
55	4.825810866635413
56	4.946605786146877
57	5.453166449809639
58	4.81807889014255
59	5.741899683621796
60	5.7270939393596825
61	6.135146272857835
62	5.646922090638327
63	5.189322793832398
64	6.220842396069481
65	7.030613152268415
66	6.5893406104733
67	6.198497130877859
68	5.799123124009424
69	5.515279707798202
70	5.565174943520105
71	5.8761475943484465
72	5.222306106086762
73	6.357366723215299
74	5.21803897482702
75	6.435244818695698
76	4.543064547751783
77	4.5901894271470765
78	6.092198516220985
79	6.165458397087475
80	6.477635358902349
81	6.330177433045625
82	6.0676452974745185
83	6.028213422361399
84	5.7124898174509875
85	5.70097303164597
86	6.000853641880288
87	6.2212785393038015
88	3.8147520646777013
89	6.154726752765469
90	5.387952593819136
91	5.62768784502463
92	6.291200105421012
93	7.311990684698685
94	6.771280587186629
95	5.488877356372541
96	5.961098592039959
97	6.7282832237020065
98	6.322058373124794
99	5.906468923798457
100	6.36379754061887
101	6.942186438131851
102	5.324454484813472
103	5.3908709005655036
104	6.330190894287807
105	7.185572248265793
106	6.7904130586925024
107	5.415221763499385
108	4.775306655741068
109	5.091095671250184
110	6.902278645327131
111	5.763057939375618
112	4.738981520267675
113	4.595091287656173
114	6.35544935354604
115	5.48928754913435
116	5.805991605486876
117	6.526695330339689
118	5.92375864002216
119	6.937253286326138
120	4.967966049817685
121	6.354101989328046
122	5.632510070867563
123	6.470900214885478
124	5.698084350142444
125	6.616115362858788
126	6.477704239735936
127	5.957763559645779
128	5.701896241338387
129	4.100679879258947
130	5.09838733908625
131	5.7686557178734805
132	5.650452273420039
133	5.533207930940032
134	6.616072188194781
135	5.10385036070416
136	6.814209782570288
137	6.647190424679521
138	5.625868942713938
139	5.845182490278164
140	5.778624892766986
141	6.646970194811449
142	5.230817734504327
143	5.896967406001161
144	5.978325061164686
145	5.721260656315611
146	4.763998772156563
147	7.695490521458189
148	5.300194034729429
149	5.534374552784096
150	6.827826469517147
151	5.692382413857558
152	5.75656161820225
153	4.6910252041536085
154	6.841384389114821
155	7.165017445535591
156	6.83228849999432
157	5.5816140205351985
158	7.154495934199076
159	5.426451020434462
160	5.867333704017385
161	6.607326994793159
162	5.278363931152853
163	6.475778185070037
164	6.2337236708465396
165	5.898171882336928
166	6.304264419892813
167	5.399790762878183
168	6.741217683963689
169	6.721922086851384
170	5.414151523013263
171	6.762764435955503
172	5.673263734054801
173	5.092412143351363
174	4.858070254356683
175	5.474242608458943
176	6.377146173696019
177	5.771417454047878
178	4.192032104191538
179	6.683786307435519
180	5.959112901494207
181	4.464573810053193
182	6.48335010283093
183	4.646957039761002
184	6.695471093175001
185	5.042540284077404
186	6.342306107329205
187	6.410531895031454
188	5.529208105002334
189	4.802334327696632
190	6.464948573762307
191	6.52651977117445
192	4.5587261019515735
193	5.422822255870989
194	5.7094295381772096
195	5.2040411486790985
196	5.950580348016676
197	6.322153066125576
198	4.605369624949769
199	6.224438145319086
200	6.792484031354198
201	6.412405406661902
202	6.444992095188936
203	5.791482732648982
204	6.158725628172979
205	4.4602319843758345
206	5.05856102858282
207	5.638237313211185
208	5.557385678843433
209	5.3754584807637995
210	6.357174631228797
211	5.662754633006989
212	6.592914168599583
213	6.8837385316835835
214	6.841920726609797
215	6.547329723590843
216	5.168640084956468
217	6.553700366660552
218	5.633789855778045
219	4.771531296033572
220	5.18437616752585
221	6.19797870536734
222	6.915394457843753
223	5.746570081979511
224	6.180399736332633
225	5.619457756639397
226	5.659079334326984
227	5.275484560359646
228	6.112954496705617
229	7.391657022441117
230	4.963541664690378
231	6.214109262153507
232	7.3820455062798125
233	5.582637870422332
234	5.741577489012465
235	7.07487522929891
236	5.498323438692751
237	4.582012169933967
238	5.844163618916355
239	6.15094193674136
240	5.339004195916641
241	7.359608526876573
242	5.6967127168609295
243	5.693329629339652
244	5.122239081340882
245	6.339104768946597
246	5.97812616174104
247	5.450550275161125
248	6.46031378875341
249	6.579845254217314
250	4.708762878699311
251	5.7521847280359
252	6.593932527512079
253	5.65020205145199
254	6.053480036913904
255	5.776080950890901
256	4.832701055635144
257	6.403614014921394
258	5.220798605831805
259	4.3185285367617325
260	4.6418190610905485
261	7.212669840629262
262	5.804952784356339
263	4.811478912228874
264	5.068496504516807
265	5.830384001203735
266	6.402952693237532
267	6.14923336417896
268	5.886408544864805
269	4.562627824125229
270	5.716344507907273
271	7.235668449274574
272	6.232564589725808
273	5.825188499577052
274	5.8131776725815145
275	5.297623227157409
276	5.043731051259853
277	5.700674066350244
278	5.558301518691758
279	5.205990160983324
280	5.267715818076838
281	7.961746058116357
282	6.509746638981876
283	5.871312227707676
284	6.681849115489361
285	6.074385779147068
286	5.357307645340915
287	5.620616982827778
288	6.267312513168214
289	6.38430370803447
290	6.209093479372454
291	5.553694177087417
292	6.556606986112976
293	7.446523252843797
294	6.273308621209193
295	5.73909904247425
296	6.290463623243285
297	5.522461140266387
298	5.237255265114632
299	6.469155417248008
300	4.712506925722119
301	5.525181571153613
302	7.466394462320577
303	6.039056169291909
304	6.284946370925311
305	5.523356170357493
306	5.692431819664004
307	5.765729900507722
308	6.473928801687656
309	5.978307820119274
310	5.66708986069231
311	5.847568349521183
312	6.207605270756176
313	6.965261693157327
314	5.371150488631058
315	6.157441811539077
316	6.228078950233546
317	5.874748515261759
318	5.4812216536057266
319	5.608350942551624
320	5.919492308917965
321	6.758826312566867
322	6.364682104098999
323	6.1054936732727345
324	5.85816151418701
325	6.465835766133818
326	5.679853594573417
327	5.957478110570394
328	7.6549184144506315
329	5.680496065120678
330	7.374396951350718
331	5.612490659172181
332	6.327131149888208
333	5.179659418268497
334	6.055351593307153
335	4.919421507429113
336	6.619121910806785
337	6.533497698975865
338	6.611960557283294
339	6.153283086649026
340	6.306511569554762
341	5.472472809522879
342	5.8565263210538046
343	5.915935644210549
344	4.022439496271545
345	5.886785809558205
346	6.591573153520585
347	6.435558660563402
348	6.982398999360157
349	4.960497521844349
350	6.866220655311526
351	5.84437643373288
352	6.619194889508295
353	6.785319473303389
354	4.848960599274141
355	5.1589907176617995
356	5.472610092888187
357	5.039555514644322
358	5.243726508403294
359	6.088467227307167
360	5.807961512607892
361	6.301302776784347
362	5.748919765808916
363	6.223482175304525
364	4.951543328021653
365	6.598445080989653
366	6.684023009875091
367	6.639086477370001
368	7.214048173408845
369	6.0201574762613745
370	6.113232904626057
371	5.531155733235729
372	5.793195862370166
373	5.845715099432883
374	5.346384311861281
375	5.363006287614223
376	7.293936630594544
377	4.415254736956558
378	6.078429104146463
379	4.398899665632253
380	5.0203049550958285
381	6.015087285139509
382	5.413321444090651
383	7.788993064958049
384	6.026645348088452
385	6.093874817934883
386	6.56826974076562
387	6.515312726932197
388	4.844117168500088
389	5.761589924788992
390	6.967635321430862
391	6.229770456673577
392	6.330073529806333
393	7.072827855185703
394	6.491917482551394
395	5.694161369589299
396	4.507012830569875
397	5.513624525661726
398	5.657158017609618
399	6.853335540205559
400	7.279648573086888
401	7.588670214823516
402	5.216727263449381
403	6.624075522113248
404	5.797201233074884
405	7.37068338585319
406	6.727270314105503
407	7.159843739957848
408	6.144474665403929
409	5.459581302519207
410	6.309007500647567
411	6.283553889644442
412	6.00450351369218
413	5.040069504218991
414	6.281995807079888
415	6.000536773261653
416	5.415405973709615
417	5.378889736773325
418	5.855402381372794
419	5.674800190296082
420	6.09182223470998
421	6.772195355310105
422	5.73734418001134
423	5.743141098198248
424	4.764134799350744
425	6.497363916772883
426	5.966390922487549
427	4.660261820104145
428	6.16429034221995
429	5.90342293713992
430	5.8985405486572775
431	5.514041922843634
432	6.8944868028469
433	6.4237665496572545
434	5.389949010669902
435	6.113176153704343
436	4.821728503653625
437	6.1847195077142185
438	6.113761701227521
439	5.92918582537303
440	6.780073558634502
441	5.949851169239818
442	6.7567446975247005
443	4.920748012681725
444	5.9217476817721035
445	6.272132078869148
446	5.795109697184525
447	6.211648680586064
448	6.553741092633572
449	6.527537066476523
450	4.467180163705843
451	4.609704163000321
452	6.544184422067788
453	5.381921947137208
454	5.472465105610899
455	8.189757762093857
456	6.3510684113934985
457	5.159788784614109
458	4.1479447570024055
459	5.468100555412959
460	5.877606808054649
461	5.922007928082686
462	5.532351319977481
463	5.903385789354185
464	4.247116676572224
465	6.826767752132582
466	5.3087729063361975
467	6.41695645152192
468	5.640440535343562
469	7.000823737822938
470	5.0787541185743
471	4.76099597719572
472	6.693170358767384
473	6.465707923167092
474	6.356124919118324
475	5.912787803093023
476	6.32188676972042
477	4.647012471724468
478	5.069331612211849
479	6.367827756679617
480	6.763159145822283
481	6.3154725276539105
482	5.570382883775488
483	5.933395796212911
484	5.519331811322546
485	5.411044003750431
486	5.319476780610706
487	5.681247080867512
488	5.144896611886977
489	6.356419551692417
490	5.725561103899963
491	6.033307476039044
492	6.849670121371413
493	5.869404048127278
494	6.363995367330499
495	4.63038541482952
496	6.421734788670184
497	6.3383036752083255
498	5.686792349860417
499	6.466818356863223
500	7.083397094924003
501	6.036846066402454
502	6.240397121154819
503	6.272832702157427
504	5.579676006536994
505	6.5655489189325476
506	7.305284154116332
507	5.434820603625448
508	7.502175728428562
509	6.4983401297419014
510	6.001691117814819
511	5.279260815615999
512	6.752437324157827
513	5.886142222000712
514	8.193615075442818
515	5.37745427941205
516	5.073470715410582
517	5.5293005634909305
518	6.7787745121847065
519	5.526458709910191
520	6.476573433901649
521	6.166197544448161
522	5.971933039659432
523	5.434461206829708
524	6.517913195894964
525	6.593531598474969
526	6.669407703711287
527	4.952948778317983
528	5.372810860984221
529	5.764808040604376
530	5.6564532870564745
531	5.926582777543979
532	6.836678900778116
533	5.921495226477938
534	6.315572870899022
535	7.281659990998118
536	6.855623567634372
537	5.8841733136048004
538	7.116624247696665
539	5.196780399943236
540	7.057996410109229
541	6.262886381509209
542	6.454064873789321
543	6.123535999863331
544	4.935683937044814
545	6.0941832493779
546	5.161692495756627
547	6.342059135347988
548	5.737518925223789
549	6.910415917466809
550	6.939902418829582
551	5.532749342050271
552	6.266612467195955
553	5.947811918500204
554	5.662484106097725
555	5.70825585695113
556	5.22693314314579
557	5.594934318324222
558	4.762517059819815
559	6.366243659430183
560	6.312495481073191
561	5.333334339893467
562	6.086023581581405
563	7.693795682026328
564	6.189211517417182
565	6.971661352856945
566	5.908397780841915
567	6.078473564853387
568	6.682206711157535
569	5.837037323469606
570	6.713646164656066
571	5.718434959242586
572	5.823747743015142
573	6.055214920280231
574	5.737164717122344
575	6.737769522199717
576	5.76609201726216
577	6.913310753988169
578	6.330554858407205
579	5.978072425071981
580	4.869194625658565
581	6.691936316085048
582	6.965991523732165
583	5.778563723800919
584	6.67531485031941
585	6.8741330389813005
586	5.434193742435633
587	7.1604689073800625
588	5.868235898132081
589	5.117847604132257
590	5.564898827451874
591	5.232083865423
592	5.381643500120845
593	4.886097085395401
594	5.245112822973169
595	6.192408437774118
596	5.516941003424914
597	7.229101948607106
598	7.030214082112683
599	5.6808140682436425
600	5.844629183505839
601	5.235025059309555
602	6.099426872226804
603	6.248588036835744
604	6.611108651501127
605	6.601983145255045
606	7.851373713211312
607	5.199988102905677
608	4.951877665718233
609	6.265124571759121
610	6.422051462358521
611	6.9416006068878975
612	5.398643173663004
613	5.41800005924543
614	5.342149417549081
615	7.352296772983391
616	5.211420177845426
617	5.736909606794239
618	7.691674661953584
619	6.150067236514587
620	6.6237157819684525
621	6.709993854970671
622	5.981807549990481
623	5.874612293513068
624	4.654735130146551
625	6.746153545924104
626	7.898847500737756
627	5.089117878233083
628	6.983381610181507
629	6.933775143271002
630	6.2999786764169885
631	5.365297026505384
632	5.742886451376502
633	6.592908456925333
634	5.558734265394465
635	6.688864466311459
636	5.379221871577708
637	6.494087619943145
638	6.521491942601278
639	6.766122097856298
640	6.460744404142523
641	5.771396865702367
642	6.106273782531692
643	7.002255001317953
644	6.5654525597415425
645	6.269103326581364
646	5.352549467158194
647	6.139567736681784
648	5.949938611360267
649	6.168175899169
650	5.515596455857369
651	7.384780670410865
652	6.070474076938505
653	6.233177166241645
654	6.02578808801164
655	5.210596993599514
656	7.07558722036344
657	6.877225350249898
658	6.758201102127454
659	6.084215043783409
660	5.543252830706096
661	6.65258700922009
662	5.82297890401911
663	7.081469697205731
664	5.988380183097131
665	6.03559685969705
666	6.62325153076866
667	5.048972987540765
668	5.361436483589932
669	5.887467603439525
670	4.643001570308115
671	6.009143867662975
672	5.8093366294924635
673	5.414153121845712
674	5.924030650784422
675	5.121006535395281
676	6.917869379691748
677	6.12355457218946
678	4.9700413160646955
679	5.1143010993071485
680	5.866495454827707
681	5.189841536653188
682	5.96751915060915
683	6.513314209109091
684	6.788213984831236
685	6.296790987702219
686	4.581991991668474
687	4.922507366049103
688	5.234054450964322
689	5.788972328627302
690	5.2502202416912445
691	5.161236755957361
692	6.759356356192646
693	7.251319734221324
694	7.282817605196645
695	6.682177549369795
696	5.114577461751954
697	5.069038699235534
698	6.7453430192917585
699	5.681029287727411
700	5.308857055006387
701	6.182467680371536
702	5.933433746150695
703	5.777393258293159
704	5.2753439417574555
705	6.364531394545338
706	4.535662485519424
707	6.102905526796046
708	5.161471960349008
709	5.495334201375954
710	6.66774931672262
711	5.137032170478186
712	6.398439687596692
713	5.643466023514823
714	5.343652768834727
715	5.685897356714122
716	4.504027452964622
717	7.820036626323902
718	4.808646948332898
719	5.734626383955688
720	6.51394402432561
721	5.677466052916965
722	5.866952715913373
723	6.3476102221502515
724	5.7339163593548745
725	7.168407615221275
726	5.884581482255711
727	6.908132411101285
728	6.919812067312887
729	4.47863039108835
730	5.334013886572349
731	7.101662063915726
732	5.929170594967077
733	5.588769449596294
734	6.104462855121758
735	6.250789244448589
736	5.891936035973153
737	6.001607048383448
738	7.45584341896964
739	6.136175418840139
740	6.549027911169105
741	6.082497609461336
742	4.844037663611946
743	5.892278448488613
744	5.282257797720376
745	6.408686215244233
746	5.814936001859182
747	6.029259725837037
748	6.551977386288666
749	5.694774450831271
750	6.971746299574575
751	6.107236651226413
752	6.664840253455372
753	5.967933455398971
754	6.222396133773145
755	6.417814681888558
756	6.3492130282790065
757	6.331777422043628
758	7.006381972513807
759	7.288435614520782
760	6.197601202717872
761	7.192254555877298
762	5.50903884288744
763	5.672516845384962
764	5.865704768248612
765	6.791002680331336
766	5.489495609429311
767	6.365509476958086
768	6.954373972033723
769	6.36762950332195
770	5.37169912404802
771	6.044975796105185
772	5.318219378829236
773	5.6167617059878205
774	5.996878815451055
775	6.791746931503816
776	5.573232090158854
777	6.780409781603209
778	5.880883807862679
779	6.334978904813002
780	6.74299632880371
781	6.0406707820657175
782	6.038380670710467
783	5.3881294174147225
784	6.583677985337808
785	6.164261973140618
786	5.899010573658321
787	7.155997285719162
788	6.819629512990461
789	5.995629124861972
790	4.930530843367849
791	6.366724376928427
792	6.130576827816422
793	6.826940397557337
794	6.152482850687756
795	5.379909420664341
796	6.294058708768142
797	6.0018259664379565
798	6.25310642774483
799	5.879920580769976
800	5.775733017272109
801	5.5365537978941575
802	6.050450163090136
803	4.8656742376541455
804	5.560769813251682
805	5.651257826286989
806	5.819327548372231
807	6.4547748978424355
808	6.375299083883874
809	5.861533996304902
810	7.291425137069642
811	5.311661521105894
812	5.736365597345866
813	6.506331834023715
814	7.01420551125193
815	5.224655705654775
816	4.367659954728359
817	7.078815499034438
818	6.008289387353453
819	5.864792624636638
820	5.13215522829532
821	6.19401523063425
822	5.235185433563664
823	5.803493278167609
824	5.581003179762047
825	5.409551102478872
826	6.394532849696199
827	5.962972579831859
828	5.164545161175608
829	6.03797782452679
830	6.587253832703157
831	5.255880616541782
832	5.780394515784968
833	6.234943402460371
834	5.873076007924586
835	5.703538694337982
836	6.196928242556169
837	5.725344629979438
838	5.592102860701026
839	5.3840580546696275
840	6.864870201415704
841	5.551212281694946
842	3.907059843933798
843	6.360677096768216
844	5.392273563140771
845	5.73182935967634
846	5.75772499761396
847	5.677828986531082
848	5.199038958487411
849	5.879234799577926
850	6.4058124237473955
851	5.453494783869246
852	5.810658074768624
853	6.641574254752847
854	6.429048276395493
855	4.430657028650435
856	6.981183473596741
857	6.85320438881701
858	6.5573590656498535
859	6.365462195217226
860	7.170791411636553
861	6.487063765875064
862	4.62391556210249
863	4.97286465547412
864	6.63602476331065
865	6.566331148141115
866	6.271132941349763
867	5.701041413686471
868	6.348295943139502
869	6.215003786203279
870	6.3678876037873255
871	5.468184044378666
872	5.933826382300167
873	6.080641671397683
874	7.010421442201319
875	5.961131255979126
876	4.693809093729429
877	5.570216586945803
878	5.904029643454123
879	6.805867354474252
880	6.169373736558815
881	5.901095746234059
882	6.977939891866813
883	6.245377532573184
884	4.685307180082115
885	5.4721200050806384
886	6.41510682873195
887	5.373962758764575
888	5.720940804837839
889	6.643458793817374
890	7.171201503348129
891	5.838212833345017
892	6.930263441848533
893	7.25770160675581
894	5.433626924298652
895	5.472698768680857
896	5.371319679655777
897	6.850045282393694
898	6.4852406890412535
899	7.515053350005902
900	7.39475401215819
901	6.495670837657102
902	6.24531949639786
903	5.128341312197825
904	5.1054469315881414
905	5.965824098406861
906	5.9779931317898445
907	5.297935890263438
908	6.982733784901211
909	5.919022875032029
910	6.193866693720877
911	5.8953654130276005
912	6.3932745904153725
913	6.262416622688761
914	5.594244321130893
915	4.606421083778101
916	6.633143313461915
917	6.3847033535889555
918	4.652178285847185
919	5.623842803943262
920	6.052685241240801
921	5.992891347917196
922	5.753501930489262
923	5.596062841491816
924	5.262990683406208
925	5.880190437528654
926	5.845792127831373
927	6.631483631124238
928	5.492720832981197
929	6.00236908204709
930	4.715830162819475
931	5.027063189673105
932	4.729428506504251
933	5.116931104183858
934	4.664853393831955
935	6.027642457718251
936	5.296513402703567
937	6.527799406682052
938	5.029940300820662
939	6.890525520151844
940	5.492832711566007
941	7.204660783335567
942	6.21107986059628
943	7.07448271181112
944	5.732067186385393
945	5.471977308402226
946	5.80450686664387
947	6.963360993628157
948	5.019073823915927
949	5.902289964535157
950	5.501620034166124
951	6.217095675923291
952	6.221688709227324
953	8.208604472644556
954	5.629794695481765
955	6.578951584062828
956	5.716343832871644
957	6.821435959114751
958	5.984052905492717
959	6.65617100162553
960	6.05890453325609
961	5.995356468471763
962	5.93012275464744
963	6.888050848129206
964	5.7400194435719065
965	4.796715106478108
966	7.183008779205424
967	5.334802881086944
968	4.528699571952327
969	6.567445856833796
970	6.414913673940311
971	6.385204337953057
972	5.804220913748803
973	6.994265954220632
974	6.500107339589465
975	5.04678124135604
976	6.283256568639032
977	4.691136877330589
978	5.826419166231062
979	5.811090558543443
980	6.27712480819762
981	6.624996220843362
982	5.911822031795357
983	6.15273847397184
984	7.375794693290327
985	6.330516641642417
986	7.120040261436121
987	6.782404584571486
988	6.46552944049472
989	5.629052349665601
990	6.668361033918336
991	4.511029934370891
992	6.005887082118231
993	5.9543745123734695
994	6.280514255755891
995	7.416611899257987
996	7.06853103670464
997	5.550191657255507
998	5.488133774208836
999	5.363069472318914
1000	6.089320130511903
1001	5.335933539371278
1002	5.841692684800364
1003	6.610709157269938
1004	7.1971030619237215
1005	6.9847702955483415
1006	6.327259543616997
1007	5.316605245855091
1008	6.600712715960981
1009	7.366196873593323
1010	6.024377166777133
1011	4.699740197509527
1012	6.167832729453221
1013	5.982558900319938
1014	6.172336883493699
1015	6.4413490776511795
1016	6.622157753995535
1017	4.786733570388229
1018	6.581301773501433
1019	5.303046943195494
1020	6.411163175637326
1021	5.131289089344339
1022	5.435663609113544
1023	7.178651986588236
1024	5.333556595079911
1025	5.848385556732925
1026	6.159136544927605
1027	5.363466875273099
1028	5.671897287775452
1029	5.256472278396938
1030	5.50969557625552
1031	5.5764171532796825
1032	7.265224203412585
1033	6.068000883922823
1034	6.126865519094281
1035	6.6909284958555535
1036	6.187553502780746
1037	6.438194465013626
1038	6.150848730969301
1039	5.634030142191073
1040	6.560242933548233
1041	5.103657328268691
1042	5.93914010147385
1043	6.515719171123708
1044	6.353931228807196
1045	6.682817180704495
1046	4.6661738404460875
1047	5.477023872237749
1048	5.078124820015785
1049	6.006581425492186
1050	5.634650430135915
1051	5.028180873126257
1052	4.963268409056279
1053	5.808380675250664
1054	6.644486275202196
1055	6.470838923714365
1056	6.447461885681119
1057	6.430625906582766
1058	5.8954222904169
1059	6.274742568784859
1060	5.411562305386929
1061	5.533293574483001
1062	6.108556699441661
1063	6.901143717080621
1064	6.864711262450631
1065	5.832069233385846
1066	6.4625232815954154
1067	4.7887394143553035
1068	7.259764105184003
1069	5.6243226331193
1070	5.682679079317798
1071	7.596178530440242
1072	5.377267862466397
1073	5.466037455080368
1074	6.1574081430376015
1075	6.829690477215788
1076	6.269251492114563
1077	5.951995951741742
1078	4.501903560128994
1079	6.2270607068507084
1080	6.545807269518264
1081	5.236126649376404
1082	6.9452277541606
1083	6.545922309548284
1084	6.04306255991105
1085	5.915163957271337
1086	6.4634622101605474
1087	6.112576032314744
1088	6.708574543572747
1089	6.398825751060782
1090	6.379821494537672
1091	7.073212158896596
1092	6.195911373054101
1093	5.9357727251739965
1094	5.291283461444366
1095	5.774899248832038
1096	6.017731935242191
1097	4.56278026549262
1098	5.877367517435535
1099	5.866128165778073
1100	4.4588844489106645
1101	4.847289556486066
1102	6.678307983126225
1103	6.86571984449604
1104	6.60207962746732
1105	6.465568274268881
1106	4.906672219638354
1107	6.763622319718706
1108	7.31206737293038
1109	5.335247621618454
1110	6.563159701902242
1111	5.756118553540936
1112	5.502501315501487
1113	7.509576945602894
1114	5.904235194958303
1115	6.144145775338514
1116	6.162320297787941
1117	5.898466274973804
1118	6.103530132289355
1119	6.011718193185516
1120	5.056551002387312
1121	6.99819032004318
1122	6.54460038677252
1123	7.166515530962941
1124	5.954347943086759
1125	6.320184313505888
1126	6.295668547730083
1127	6.5817654529819265
1128	5.646708070086316
1129	6.37331520068692
1130	6.932299174739186
1131	5.391432704724139
1132	6.206325747200753
1133	5.781141877812131
1134	6.717391453666745
1135	5.394932487597024
1136	5.381905999085259
1137	5.946877897731611
1138	5.881706329231912
1139	6.387121853096794
1140	5.19753199275338
1141	6.095447759227162
1142	6.567457008423904
1143	7.049265862332265
1144	6.45861943554169
1145	5.7215485548290115
1146	5.82577129972439
1147	5.844352394156158
1148	5.339521903297722
1149	5.555771984392777
1150	5.088742511332825
1151	6.352272484623625
1152	6.629989277163986
1153	4.084100854292046
1154	5.802845086320303
1155	6.709628104771995
1156	6.075633513809104
1157	5.37183960912037
1158	5.707534105851032
1159	6.556127700067702
1160	5.491220249845039
1161	6.488023225003137
1162	6.4593625251359
1163	5.730789173193361
1164	5.229061716105207
1165	6.2960640337504445
1166	5.179093893745448
1167	6.512826414355501
1168	6.771825538560127
1169	6.487808970303741
1170	6.422562275133613
1171	5.806840509758331
1172	6.338113784135203
1173	5.9431993304460775
1174	6.27115518192295
1175	5.181885587668512
1176	5.166888191486183
1177	6.199508560006507
1178	5.0734586286181145
1179	6.072239419253057
1180	4.915046285303241
1181	5.561591084125331
1182	7.108391888017111
1183	5.986052710495035
1184	5.919666858836233
1185	6.67072274043368
1186	6.669720743120147
1187	5.604147718908886
1188	6.242541703184543
1189	5.666095354007152
1190	7.175075165683492
1191	5.89679039167722
1192	7.094978040652349
1193	6.831902495374726
1194	6.150720272029407
1195	5.81635413718177
1196	6.475351396967501
1197	5.189774493173021
1198	6.6603769088163975
1199	7.200220911186189
1200	4.318497004892884
1201	5.244872243343187
1202	4.840128859063904
1203	5.766843804693781
1204	5.966747957582508
1205	4.621737818408292
1206	6.057483296254245
1207	5.525898110956939
1208	6.153782746457081
1209	5.763931417604908
1210	5.48978735669516
1211	4.728136336886867
1212	6.560837194042537
1213	5.680188902120183
1214	5.49201932517139
1215	5.793897076833831
1216	6.928426460701633
1217	6.566174062272308
1218	5.693596982484451
1219	5.3384861047146845
1220	5.105634759535038
1221	4.808647002682418
1222	4.960722918494139
1223	5.8075554826777545
1224	6.790520263202488
1225	5.767715149176037
1226	4.602088586892933
1227	6.654079594868509
1228	5.998041940361468
1229	5.019947938766563
1230	5.050831578955378
1231	5.191812912743031
1232	4.868162858355347
1233	5.566489791652809
1234	4.461085450811018
1235	6.480443881920956
1236	5.358938456978649
1237	6.293545514240395
1238	5.732684077269843
1239	5.827963789837668
1240	5.544680186868867
1241	5.0763434850145135
1242	5.476005724545017
1243	6.360643636365421
1244	5.342987817735411
1245	6.26899399618463
1246	6.027324768947437
1247	6.84771533154596
1248	6.6059698303828815
1249	6.453661727342045
1250	5.456585201209016
1251	5.515450016702884
1252	7.239646117072552
1253	6.185617670744519
1254	6.746025437696113
1255	5.525259842552866
1256	5.124861064863027
1257	6.06288916860441
1258	5.863179952426649
1259	5.549644750077277
1260	5.175792184838263
1261	5.067686674387558
1262	5.362379135121591
1263	6.286641586277013
1264	6.315977941864791
1265	4.379261101540622
1266	6.8322681191215375
1267	5.149372600115991
1268	6.993253353129451
1269	4.766705112569034
1270	5.775936112971976
1271	6.589890287652531
1272	6.755138265556612
1273	5.2489861821037875
1274	6.712122418421685
1275	5.279733048169874
1276	5.999732052081175
1277	6.506221087620361
1278	6.076083532703871
1279	4.881421222044579
1280	6.038352414213407
1281	5.475039896909148
1282	5.640588439971907
1283	6.309998350907476
1284	6.277070191002598
1285	5.491046272370073
1286	6.012387704052445
1287	5.040957379439432
1288	5.288825338061613
1289	6.353184793654474
1290	6.183835620781229
1291	5.526568644374994
1292	5.866935149664641
1293	7.21206427935601
1294	5.737806007682689
1295	7.052773278720754
1296	5.137077905377373
1297	5.657679849786551
1298	6.473333086671405
1299	6.825860034837388
1300	5.9991545977709055
1301	6.503359763349484
1302	6.626497382841383
1303	5.639930525254458
1304	6.172311745584011
1305	5.601946715928184
1306	5.047481222360052
1307	4.898293542184143
1308	5.3502202454598295
1309	6.877837762459724
1310	5.277120564416691
1311	4.663163838883568
1312	7.339628461388532
1313	5.8208584437545925
1314	6.999383614129888
1315	5.3996512952377085
1316	5.56079769410193
1317	6.569903624213665
1318	5.91275818991874
1319	6.397399902165703
1320	5.746112862568615
1321	5.976158587174723
1322	6.189894767963172
1323	5.999412086827215
1324	5.257234036068742
1325	5.218080486753024
1326	5.231961122192886
1327	6.549129970456389
1328	5.500997840375122
1329	6.826557134326625
1330	6.3706094222744145
1331	5.341805685253348
1332	6.625823563003602
1333	6.141601476011731
1334	7.288893150828891
1335	6.215970277168748
1336	5.841985396234252
1337	6.209597657466757
1338	6.552574489720758
1339	6.7975026287313085
1340	6.0206871926784515
1341	6.822431026944233
1342	5.7278378524351865
1343	6.552890596174014
1344	4.5090359355619345
1345	5.642269338783808
1346	7.327109085018968
1347	7.267675442981999
1348	6.053632088647834
1349	5.911380699317482
1350	5.960427224228624
1351	4.165651699670383
1352	5.812623339947313
1353	6.101989065077053
1354	6.8770908917261595
1355	6.770276874187402
1356	4.619152721638481
1357	6.5528907283442095
1358	5.010340366725965
1359	7.2090106570893635
1360	7.197367790009594
1361	6.0177203662959595
1362	6.568696469775974
1363	6.797465453553014
1364	5.628772294692074
1365	6.144978411728516
1366	6.568490307796747
1367	6.339161879251428
1368	5.364346381524698
1369	5.143964045401662
1370	6.058220795987706
1371	4.952527264166357
1372	6.710732638027127
1373	6.0997823533931905
1374	5.825568122408268
1375	5.9771452161525795
1376	5.480349879770074
1377	6.284771197292555
1378	5.665760783490259
1379	5.950841324096969
1380	6.984437963343225
1381	5.17518406768019
1382	6.31625933406176
1383	5.975947870576585
1384	6.440557600958273
1385	5.5372240438688705
1386	5.8346368247044404
1387	6.231461115655136
1388	6.058550928586295
1389	6.706125049563124
1390	4.4400223469483135
1391	4.769528227797507
1392	6.027524969507275
1393	6.4744056375445025
1394	6.5917241236177055
1395	5.907610952400137
1396	6.152605789724649
1397	5.541610722024474
1398	7.636741076669606
1399	5.877841192046897
1400	6.816600078305997
1401	5.9491503415766225
1402	8.257283359657906
1403	5.6039881473496695
1404	6.012449328205548
1405	6.8340521011942705
1406	7.77696049149634
1407	5.051467660807248
1408	7.4743273930274885
1409	6.260396806195124
1410	6.198545924531152
1411	5.624580770226506
1412	5.883306232190484
1413	6.935559478122741
1414	7.528728199889883
1415	7.0300148812633365
1416	6.170829177985939
1417	4.892426686979329
1418	5.638742722641758
1419	7.0427644392364614
1420	6.83830645274637
1421	7.120766656133735
1422	5.73278932325128
1423	5.523801016272046
1424	6.775373697992311
1425	6.311764758121821
1426	6.815744798520188
1427	5.0226770926904125
1428	6.2364558641745065
1429	6.695352524119828
1430	6.549884278492148
1431	5.6579462682436175
1432	4.207089730022151
1433	5.7423383802072046
1434	6.127511532669286
1435	5.174089817537202
1436	6.979546598186168
1437	5.561371155959066
1438	5.792887107059681
1439	6.014849351007594
1440	6.37441339199653
1441	6.163329150269015
1442	5.249716294491946
1443	6.731122035732759
1444	5.644034629988407
1445	6.635551330500415
1446	5.164694125888248
1447	6.577709502338743
1448	5.951913744275872
1449	5.882629390624869
1450	7.3110841054513
1451	6.313382679677138
1452	5.314840621514512
1453	7.040106381778605
1454	6.472546983490854
1455	6.789636078792682
1456	6.496683397432207
1457	5.560327994150364
1458	5.026512512758088
1459	7.093205005722121
1460	4.748770468793208
1461	7.340543002894265
1462	5.377104921898406
1463	5.70117017518925
1464	6.1341447425701725
1465	5.651654385883982
1466	4.9396386388563425
1467	5.5443794524633425
1468	5.995048606010059
1469	5.195935556650511
1470	6.695709096662619
1471	5.9519008676394485
1472	6.8814903909224086
1473	6.5640806281783926
1474	6.118770141997153
1475	5.4397024644831955
1476	6.263928276747465
1477	5.680858689950712
1478	4.757789666221167
1479	5.986005169535546
1480	6.624989657296932
1481	7.404876234525416
1482	6.292602052974801
1483	6.346358666024373
1484	4.677764177480713
1485	5.728451334570612
1486	6.6621152765502964
1487	7.235772498394363
1488	6.7160238388358895
1489	7.013423161305995
1490	5.2622665413987955
1491	4.647045260331092
1492	5.563195841167779
1493	7.113492120485453
1494	5.9491233587198495
1495	6.242955840476181
1496	5.684751666810674
1497	6.2920049260331625
1498	5.342074046164508
1499	5.8620157616678625
1500	4.4348867268645735
1501	4.485146023494263
1502	5.239774865615699
1503	6.544669464996939
1504	5.690262211585202
1505	5.850951189191879
1506	6.743593667995332
1507	6.19197417946998
1508	6.223781288276906
1509	6.26887020401773
1510	5.592116671999415
1511	5.151965704461974
1512	6.269923754231704
1513	6.491499095433392
1514	5.789500169974582
1515	5.2244333895339095
1516	6.156752500671982
1517	5.9541772059410025
1518	6.302297085440451
1519	5.905310420114547
1520	6.25161875314301
1521	6.555277233538045
1522	6.079226492652669
1523	5.988842206890695
1524	5.318495949561676
1525	6.213218584947754
1526	6.257651111644615
1527	6.718592108075467
1528	5.492112521398813
1529	6.249129700843089
1530	6.4222691248009065
1531	6.569879083106151
1532	6.642711253812665
1533	5.1396655815834595
1534	5.628040923714457
1535	5.914994294577114
1536	6.641872907978604
1537	3.7195902780180665
1538	4.250550254492
1539	6.107402212165582
1540	6.245103905107826
1541	6.646760213077068
1542	5.474948714237177
1543	6.622119075275566
1544	6.79766870124651
1545	5.3369601869626955
1546	6.651720665988602
1547	6.036484047135508
1548	6.182278865939365
1549	5.3259087608471
1550	5.347993830199509
1551	4.154946820920725
1552	5.627764436269277
1553	6.822521176333318
1554	6.140966939106066
1555	5.3566429035179315
1556	6.786191559638828
1557	4.953900134370832
1558	5.706323384510113
1559	6.633472667696576
1560	5.982229390913354
1561	5.1264485624204905
1562	6.288926777554055
1563	5.7512953923756465
1564	5.762475165405443
1565	5.498220969545876
1566	6.779512391462432
1567	6.256384564239694
1568	6.088361141764942
1569	6.1760480354916165
1570	5.1381201306463815
1571	6.628336579147303
1572	5.518717674834823
1573	5.561045028859683
1574	6.958458203641284
1575	5.447859386009547
1576	5.767754517462371
1577	4.91857559046708
1578	5.344173691955141
1579	4.886430126544007
1580	5.597366193083872
1581	4.857949498767519
1582	5.466715536949535
1583	5.514765042248958
1584	7.41547298357871
1585	5.55004979561083
1586	5.63632194709097
1587	5.5594279609596065
1588	6.2475940398483845
1589	5.2126722020178065
1590	5.713078465461472
1591	6.629356324305071
1592	6.085190745663237
1593	6.381957658599796
1594	4.935199403792948
1595	6.175554521569621
1596	4.628152085497277
1597	6.016581683050327
1598	4.91733959702542
1599	5.36989649313248
1600	5.853580325568581
1601	6.9343685048471135
1602	5.916018754748317
1603	5.93983147379994
1604	6.690845928820116
1605	6.541098773273496
1606	6.478269154613372
1607	6.200211840314576
1608	5.934878262890769
1609	6.297429375880366
1610	5.504768584218497
1611	7.02324286430107
1612	4.2795945542263025
1613	4.722378019917462
1614	5.268233457868475
1615	5.687247532397686
1616	5.03081622843456
1617	6.73044816793307
1618	7.21300331145525
1619	5.6486002801431585
1620	5.957853955963704
1621	6.18165618670173
1622	5.382785515712672
1623	6.275989461209974
1624	5.523467560236056
1625	5.709678443418325
1626	5.788264506295408
1627	6.603959289204795
1628	6.840817647642412
1629	6.565252033284526
1630	4.924115167912095
1631	7.150271277538398
1632	4.575841803729418
1633	5.956062263446963
1634	7.178886662793553
1635	6.045178954692317
1636	5.844523820094764
1637	7.130974215577313
1638	6.112016868802519
1639	5.0336946549727335
1640	5.286559715280309
1641	6.584533913558799
1642	6.705493278549208
1643	5.588446555607435
1644	5.359908695332706
1645	6.4064528467036626
1646	6.259266802624456
1647	6.029933849449402
1648	5.398161916115966
1649	5.57348254482661
1650	7.246859871665947
1651	5.178127149407131
1652	7.2699432108839535
1653	5.482068070543131
1654	6.187093607499264
1655	6.479700694046914
1656	4.9433039872092195
1657	6.208169377248851
1658	5.43147052083548
1659	4.947693873438294
1660	4.808967168218389
1661	6.342958915829659
1662	5.833084159315779
1663	3.938836480681361
1664	7.0942360292941045
1665	6.4079072707161115
1666	6.1520741897790385
1667	5.674417907499798
1668	6.04161520960689
1669	6.556394877969676
1670	5.656873677666723
1671	5.922578887421299
1672	6.202196998925259
1673	6.261404818668962
1674	6.475348239200405
1675	5.456161333995528
1676	5.915660751081305
1677	6.180732925965761
1678	5.405909585555838
1679	4.049660159888762
1680	6.661653377666053
1681	4.603646861003904
1682	8.381896734330804
1683	6.289052015302055
1684	6.255560604941198
1685	6.201745498323969
1686	6.089219401490742
1687	6.086636335132644
1688	6.1252160706272765
1689	4.860411993452969
1690	5.92124673309736
1691	6.679762184952518
1692	6.346150892097144
1693	6.5935589829348915
1694	6.816132139044137
1695	7.286758581188654
1696	5.499273397584653
1697	5.187531888465553
1698	6.447511880115296
1699	7.337370476578004
1700	5.485180633608252
1701	5.797169992477512
1702	6.842113341384737
1703	7.53958579871105
1704	5.348284378248666
1705	7.45894338200534
1706	7.4692348004027735
1707	5.043488888413689
1708	7.290641249099281
1709	6.3364389164062835
1710	7.591217409664144
1711	6.649973126900333
1712	5.804643070325255
1713	5.141175589351464
1714	7.39604329234799
1715	5.44642132771311
1716	5.508494560041332
1717	5.9089118351527885
1718	6.008062631117355
1719	7.794282224262133
1720	6.001877451947491
1721	5.095657825208036
1722	6.414885316398882
1723	6.115819943593427
1724	6.808383944499794
1725	5.017953665937176
1726	7.248681772054861
1727	7.085955397636794
1728	3.643284264796724
1729	5.7390474984951485
1730	4.995167882558668
1731	5.109498096495924
1732	6.644283820176497
1733	4.4933991879003035
1734	4.596688837025558
1735	6.722893734187395
1736	6.412178792440417
1737	5.932805454789195
1738	5.8113008152858745
1739	6.165137162698167
1740	6.008980060794523
1741	5.933402048390625
1742	5.942330153891817
1743	4.587088711572708
1744	5.634895831569641
1745	6.566457306682739
1746	6.430036102153826
1747	7.395640751269336
1748	5.738414884356427
1749	6.161453769066492
1750	6.313726162256085
1751	5.102489064505789
1752	5.934586758425992
1753	5.824388903711224
1754	4.669832091617327
1755	4.882901496202168
1756	6.340011466471478
1757	6.325618577570739
1758	5.603436367568345
1759	5.552824483208713
1760	6.186279457088353
1761	4.746711777438494
1762	5.585561032934735
1763	5.598597924190107
1764	5.6138491745248595
1765	6.50641350019058
1766	6.785962250304874
1767	4.217864805316951
1768	6.466226895617682
1769	5.66675212171762
1770	6.6626458961109165
1771	6.134953833815719
1772	5.45037930307013
1773	6.349806364680476
1774	6.354234349301636
1775	6.576283751122121
1776	8.318787339085247
1777	5.755439553973981
1778	6.781779664513819
1779	4.814984613179189
1780	6.87535340145696
1781	5.645574527310914
1782	5.765833333812897
1783	6.358534791157581
1784	4.78772816902903
1785	4.959760623629731
1786	6.063462378770305
1787	6.634212716729962
1788	5.647713579062838
1789	5.575627103636396
1790	5.823829072668511
1791	5.14825118862791
1792	5.966193020334079
1793	4.160575223591877
1794	5.904367348035941
1795	6.401224435451219
1796	7.022782423102331
1797	4.366406207615509
1798	6.694342372124083
1799	7.381228082137005
1800	5.66494294579484
1801	6.3858509438945665
1802	6.232224259543448
1803	6.537782076873224
1804	5.866250225944959
1805	5.592959323809261
1806	6.267232739696435
1807	7.530651571852753
1808	6.022967602550385
1809	6.283984283162725
1810	5.7841889403613385
1811	5.647208677282413
1812	6.346137412393896
1813	6.27349716461921
1814	6.262526639136335
1815	6.296910370839759
1816	5.285498845869572
1817	6.137134017828371
1818	5.951047352317608
1819	7.575991903776303
1820	4.555621736608869
1821	5.4598760039282395
1822	5.5400746418292535
1823	4.652170685187836
1824	5.990562607984369
1825	5.474175844782669
1826	6.426225767261348
1827	6.385999991640667
1828	6.485191046238123
1829	6.307126982314191
1830	6.800800710399118
1831	5.362630138862878
1832	4.986796015208321
1833	6.694402480575566
1834	7.224360567421235
1835	5.907945785588319
1836	5.502585296841482
1837	6.189242267728939
1838	6.480303711156644
1839	7.657031953165477
1840	5.7862118864990775
1841	5.729053386040808
1842	6.610557930163023
1843	6.239984416661577
1844	5.75762949725613
1845	6.6036958645330746
1846	5.537357310075313
1847	6.2380470367497765
1848	5.55183341196971
1849	5.996453508322772
1850	5.238471765983074
1851	5.734704360814898
1852	5.697813348790917
1853	4.467433703244634
1854	5.636356445151921
1855	6.130303451483468
1856	6.2327857231584325
1857	6.773142705397082
1858	5.954558777477359
1859	5.244250702594097
1860	5.644613099750131
1861	6.464110870940472
1862	5.4495416612615095
1863	6.296342329597489
1864	6.5246084476821125
1865	7.1166858395669035
1866	7.314084739179203
1867	7.281501647822249
1868	6.374252788382224
1869	7.401695463852957
1870	6.01971154681245
1871	6.431760741084622
1872	5.2784187403124045
1873	6.856381275213789
1874	5.58760841559762
1875	4.964082040325073
1876	5.3412289846688505
1877	5.299272047959014
1878	6.758497312332371
1879	6.808916941906015
1880	5.309093610804457
1881	6.2432018334289925
1882	6.113331575619264
1883	5.111933349036715
1884	6.405413085544881
1885	6.394030848052353
1886	6.332045783359638
1887	5.568169875088363
1888	5.983122278868298
1889	5.2153677952617565
1890	6.482231624988152
1891	6.723443089617201
1892	6.740387992979959
1893	6.1347863174387784
1894	5.285880438263782
1895	6.553026309976953
1896	5.783578395013414
1897	5.209890845083547
1898	6.356590217882768
1899	6.309562176241186
1900	6.566290360779556
1901	5.5860349932862885
1902	6.623003008823349
1903	5.375068375796435
1904	7.628935130300785
1905	6.8212656906980556
1906	5.867712999101389
1907	5.385463589994723
1908	5.441669326463643
1909	6.1351108709233815
1910	5.765755331421632
1911	4.6808953983854735
1912	7.587159863807948
1913	7.3505923626199365
1914	4.9836912044944865
1915	5.879457439761609
1916	4.692797413095832
1917	6.100073017040268
1918	6.621848945564125
1919	6.415661713584205
1920	5.528314999709102
1921	7.141122398514519
1922	4.738068304834
1923	5.7729750184309
1924	5.887432017859639
1925	5.22244629148688
1926	5.799337647320634
1927	4.483777874078521
1928	6.219263355014846
1929	6.665260051987294
1930	6.077426765259588
1931	5.312851115354095
1932	5.287193043215666
1933	6.874449740971128
1934	6.268164178335362
1935	7.0308001985706925
1936	6.193722346290348
1937	5.942870785334063
1938	6.558635160335581
1939	7.353477331455392
1940	6.1610788474522105
1941	5.675347945989213
1942	6.419331801317942
1943	5.3103406049543995
1944	6.477841874927674
1945	5.159282350701026
1946	5.459779913248494
1947	6.578372410750792
1948	6.487031143050574
1949	5.896371944638869
1950	5.814577362023383
1951	5.172045492683537
1952	5.148634825276935
1953	5.724983586095429
1954	5.425745134035657
1955	6.490712853026037
1956	5.964612415002193
1957	6.14585469059077
1958	7.1401405704770395
1959	5.008125270337418
1960	5.586527209428216
1961	7.051683906430844
1962	7.612152724238556
1963	6.042417232207954
1964	5.8310271083377305
1965	5.136805360156965
1966	5.240943190292455
1967	6.222704038636661
1968	5.287756539726009
1969	6.639831754034041
1970	7.1491772921872325
1971	5.2162014851568355
1972	4.095001625039408
1973	5.864920920832082
1974	4.6142172718065835
1975	5.577049938908948
1976	5.984997242420482
1977	6.656063130770979
1978	5.8122331108399
1979	6.357550748490861
1980	6.324688045424409
1981	5.843427903828737
1982	6.6282812107372315
1983	5.268427710786152
1984	6.712085531679569
1985	5.383136760798239
1986	6.622148583750599
1987	7.21871966245817
1988	6.02400974384509
1989	5.144771372986725
1990	5.273640659153461
1991	7.079099400774187
1992	6.510388422324987
1993	6.36162112844694
1994	6.273180732371934
1995	5.808734416166165
1996	6.3161008197975415
1997	5.157011244022711
1998	6.001338096322225
1999	6.827214776049368
2000	6.5517055861710105
2001	5.292397684433187
2002	5.059263420118778
2003	7.29157377738954
2004	5.71417653456923
