6	6.8044736223196765
7	5.679096441105894
8	5.835969886107965
9	5.164413336392075
10	6.102995694179451
11	6.985849242589067
12	4.980691625936561
13	6.225653443157353
14	5.858110356778049
15	6.910137741481728
16	5.677851709679696
17	6.813273311876401
18	6.227102753966652
19	5.528268986259263
20	6.389336197959243
21	6.91989334162281
22	6.1391120686192675
23	5.098512025743003
24	6.404027573329152
25	5.359444807943722
26	5.796220428315792
27	6.314252644149747
28	6.336887479016073
29	5.987596588708959
30	5.787008621452276
31	5.385323321345752
32	5.770760212843622
33	6.268023397009933
34	6.456709369174306
35	7.336654258730157
36	5.425186280495382
37	6.24476372028446
38	5.62852019747379
39	7.190384170084144
40	5.940319694407471
41	4.569917449940274
42	5.631231847299551
43	5.572805658218931
44	4.8087186937396345
45	5.742869693657619
46	5.700632774834678
47	6.454799310175683
48	6.2252943937621446
49	5.412014611001359
50	6.661165524742748
51	5.837759737394259
52	6.4654312412699495
53	7.050148968141487
54	6.151769430455845
55	5.736912911218194
56	6.2263814493908285
57	6.472657694251459
58	5.527081506086688
59	6.402841732188245
60	5.635385617554892
61	6.943642885496956
62	4.993132866340429
63	5.083651398317306
64	4.974178461773965
65	5.626390830521766
66	5.6582767361957975
67	5.318558823254231
68	5.844352965494008
69	6.365957557928596
70	5.365985106915974
71	6.842071111649905
72	6.15332655122319
73	6.851559212764065
74	6.462625196255249
75	5.483048993907384
76	6.071065119278501
77	5.876158905972261
78	5.412972617249847
79	5.563197678300235
80	5.660878744762158
81	6.4098645007256625
82	4.818963365466947
83	5.233178435538321
84	5.714342351070728
85	6.7215136437549114
86	6.141412021332144
87	6.637576282665433
88	5.759872288145873
89	6.663156100145898
90	5.644285714851576
91	5.96768112323032
92	6.765733230156669
93	5.915690776051633
94	4.603874006073705
95	6.621077419268009
96	5.621035121239806
97	5.204526209860342
98	6.270875725672813
99	7.059000886586243
100	5.959592788716287
101	5.599126405661486
102	5.707445065547211
103	5.764561477167263
104	5.405592930269503
105	5.723106621003859
106	6.1734773551268685
107	5.940093210845792
108	5.815747270190008
109	5.706169207617114
110	6.894338274176074
111	6.1119471832968815
112	6.491115857998791
113	5.0661275620172095
114	5.744790574893704
115	5.914965573110546
116	5.614950337472692
117	6.471368910835008
118	5.189137979041594
119	5.530817474078503
120	6.443431243467785
121	5.7254746502243075
122	6.652102388422731
123	6.565099210146735
124	6.327460349571386
125	5.754813303695603
126	5.902224809895415
127	6.175120100588174
128	6.131795550142047
129	6.536880843300929
130	6.3188030253768375
131	5.410732436620275
132	5.60457486663226
133	5.902745235883187
134	5.5208256449920805
135	5.21199341249095
136	5.046531233936548
137	5.326025658378785
138	5.839614416939892
139	7.113720110997747
140	7.10233784912416
141	5.543981138560305
142	6.188361161883222
143	5.457254367112182
144	6.55763513133778
145	6.541457230914967
146	5.112980344476035
147	6.135954340917206
148	5.79872724727611
149	5.321616740135141
150	7.276840843667742
151	5.450382739907582
152	5.443265991065085
153	6.513748743292557
154	5.785416282099587
155	5.609623617345885
156	6.448733386748548
157	6.436920815947815
158	6.662383401978877
159	6.993221527309453
160	5.373521896514124
161	6.366512262078079
162	6.614354443588325
163	5.201558815446333
164	5.640255970246953
165	6.833916808729151
166	5.6915305766684465
167	5.93551853804254
168	5.362325869256165
169	7.129732494787917
170	6.491053708984691
171	5.190674281313477
172	5.912584100373351
173	5.002400979246886
174	5.275075062976351
175	5.894149632031755
176	6.404808348984636
177	5.542318344776868
178	5.775041457267855
179	6.245771601776748
180	5.756550586724188
181	5.705107921807212
182	6.40718581002875
183	6.1315890949614795
184	5.6025062989670245
185	5.954317442805725
186	6.703892262491475
187	5.743237499184518
188	5.34111710427013
189	6.078434375654776
190	6.3886571434035435
191	5.428775739398487
192	5.319406291788751
193	5.43291286213431
194	5.917948587797582
195	6.246848022407742
196	5.468982289100596
197	7.148336746197957
198	6.4446843641467
199	6.374486269655309
200	6.586795410061696
201	6.236648359788038
202	6.260683923209096
203	4.807657638135424
204	5.411853042603858
205	6.351102146590295
206	5.002595374971861
207	7.031023831274416
208	6.2187277155912435
209	5.960613322872257
210	6.428337402848411
211	6.775908822841302
212	5.909080953291029
213	5.841407923544466
214	5.072936398776836
215	5.4344088926853145
216	5.730106100000234
217	6.279008785532576
218	6.41013240744531
219	5.25360999574251
220	5.888752114969975
221	5.003895752471483
222	6.0759222610849974
223	5.402924226628827
224	5.275664551767599
225	7.316440135753106
226	4.92948140502475
227	5.700769914949143
228	6.0223902966749545
229	4.588750554881699
230	5.243519439100055
231	6.375022641651283
232	6.076003326522451
233	4.9128389677854205
234	5.586295795557537
235	6.386728840260427
236	6.328483738594897
237	5.9830514750792645
238	4.862647569072578
239	5.720360212246998
240	6.002302983664611
241	5.67205185306957
242	6.765639529597727
243	6.613285901483669
244	6.181875962412353
245	6.367846367356833
246	5.730513256463382
247	6.639982567332308
248	5.395664880074037
249	5.654278591659109
250	6.405225797189632
251	5.399969749287596
252	4.300461642229493
253	5.25467645874443
254	6.655555713397916
255	5.381001633658888
256	6.432838335874966
257	5.064691246356233
258	5.264779333979822
259	6.620148816864457
260	6.465281877797679
261	5.782924958766671
262	5.608727845425684
263	5.4105245971614275
264	6.647248625265395
265	6.729196548710913
266	5.720040677455836
267	6.012754265227928
268	5.746306953610408
269	5.20146679306268
270	6.8617983534039615
271	4.5625581142667215
272	6.984693576170165
273	5.765126698488732
274	6.351027927137789
275	5.781283932530122
276	5.9873585523940465
277	5.912007820667766
278	5.256814017439655
279	5.678427380622666
280	6.12916130884107
281	6.194556319648032
282	5.32917645915101
283	5.969594503816157
284	6.314754099876154
285	5.928532478318731
286	6.583138462030451
287	5.987298206141633
288	5.455802985616693
289	5.096677732543968
290	6.752141839653228
291	5.414488626508198
292	6.3490160224885726
293	7.158091915290182
294	5.66115278035463
295	5.766922359662001
296	6.680385716690216
297	5.538771715553594
298	6.966031769901747
299	6.055611266227061
300	5.597081312390011
301	6.788437688181875
302	6.110780298555619
303	6.125393654524704
304	6.007711284370291
305	6.54368277058865
306	6.388337254692006
307	5.930103528215305
308	6.4931047156103885
309	5.800300700150223
310	6.41630814701442
311	6.219980797500328
312	6.081433600732236
313	5.338885662779349
314	6.954162452377204
315	5.621697069084298
316	5.856002344741553
317	7.335412135691426
318	6.086093169278588
319	6.250470176216913
320	6.5614101705586485
321	5.213367712345644
322	5.644091756938724
323	5.897776315437274
324	6.847648005078857
325	6.0075226086036615
326	6.808263277906614
327	5.041050044764929
328	6.009668744858477
329	5.769838169184772
330	6.133798661435139
331	5.325347732064984
332	4.79623985100154
333	6.867563028715698
334	6.376348291704505
335	6.661895811749512
336	6.01709065551695
337	6.6011278542175305
338	6.158055924213208
339	5.783722359670459
340	5.333372901941766
341	5.867636791042362
342	5.731807241104737
343	5.787806830056453
344	6.072140441745675
345	5.546400833345528
346	6.717264078328541
347	5.937613355369601
348	5.991080638865242
349	6.409964578420234
350	5.4854461169530015
351	5.653104719589464
352	7.973747603641823
353	6.319976696097809
354	7.139651321945712
355	5.582937560250866
356	6.320960736728739
357	5.901306390392294
358	5.578313994706453
359	5.695532249253509
360	5.259570785641699
361	5.9937033574678935
362	6.1464526444601475
363	6.144235441402998
364	5.164568277550739
365	5.06923958045497
366	6.126870773106074
367	5.560545424356436
368	6.120785101556976
369	6.708467890905655
370	6.074438438692596
371	6.295247837909846
372	5.552076524940696
373	7.1517709112197805
374	5.687528604618274
375	5.861656520472025
376	6.900521626078989
377	6.553174932603724
378	5.57155758958274
379	5.030912248024833
380	6.357449994288618
381	7.294888864714368
382	6.661887126780736
383	7.312139918046471
384	5.211525237507885
385	5.817133576475659
386	6.244417889370299
387	7.591437601179624
388	7.663958798911024
389	6.846402124554428
390	5.962617416448398
391	6.002798894646629
392	5.973873240889386
393	5.246608852075102
394	5.33499931972964
395	6.189675715126214
396	6.069514493729609
397	6.289877744979181
398	5.51541315302408
399	5.7197857659071145
400	6.361110629200647
401	7.577389224839862
402	5.386032591102105
403	5.272626917110756
404	5.296488297015458
405	4.794265787190913
406	6.347036689366704
407	5.528508420788536
408	5.337264567907412
409	6.21222704005971
410	5.9232433453499755
411	6.786609175304572
412	6.8204961206453545
413	5.806517102933463
414	5.091077872983399
415	6.605205443992471
416	5.426558593814359
417	7.2914302231899155
418	5.677469766310726
419	5.976675474955257
420	6.3086193865718085
421	6.381642488549308
422	6.342487717241359
423	5.72836128191834
424	5.626872312164374
425	5.942675057250502
426	6.438373069487473
427	5.5354474737017885
428	6.532366961651285
429	5.032580587962487
430	5.1663675240900675
431	6.419831391537122
432	5.416244127274695
433	6.727930595705402
434	6.1460687938197225
435	6.343217210532332
436	4.622158176989615
437	6.40396147001884
438	6.17406503832608
439	5.4023209552203
440	5.790949051723788
441	5.993868142078605
442	4.839047243035748
443	6.6546338965708856
444	6.063632531940177
445	5.8483252533270775
446	6.345480805650975
447	5.5646786838265445
448	5.377098413095588
449	6.028525333822472
450	6.634977693750093
451	6.388389623976157
452	6.392782901180908
453	6.3475357441574385
454	4.458391519301221
455	5.716434802941512
456	6.213834352110533
457	6.88259766738629
458	5.181443138061486
459	6.6079042796076175
460	6.127151459056352
461	5.663503358275193
462	6.991805210631962
463	5.73273892313955
464	5.357869012810459
465	5.790107344646993
466	4.589735408400884
467	7.060956496418879
468	6.329982684546849
469	6.534032511600779
470	5.535369737603776
471	5.0425645871354
472	5.986046268153586
473	6.872171667470441
474	5.818001195128697
475	6.101480400247965
476	7.141834656835272
477	6.176823802347783
478	6.949415935691269
479	5.6075062738188235
480	6.149976895026424
481	6.951522151641685
482	6.037807456929894
483	6.944929218765104
484	5.93900488516083
485	5.556361233990174
486	5.9727041437872685
487	5.83542646265123
488	6.456534358863295
489	6.815518388512397
490	5.087623504653392
491	6.008767283758304
492	5.522943549501096
493	5.382055303352365
494	6.58745847420505
495	6.081428674453895
496	5.885232385121829
497	6.7598727629131945
498	6.238482431983964
499	6.175826470245651
500	5.923248524963856
501	4.720237739631557
502	6.57034852569375
503	5.346787960470898
504	6.671102767129196
505	6.307956304349079
506	5.835938126430847
507	7.1574449087428444
508	6.381494572700898
509	6.5225017197481066
510	7.046673260401197
511	4.954170571860029
512	6.577841174306134
513	7.065779105127634
514	6.294590781657462
515	5.4741574404816635
516	6.077817924221745
517	5.09006491017168
518	6.505144194261027
519	5.712075456724658
520	6.232631601189496
521	6.801251101089292
522	6.410186495806556
523	6.051163280686045
524	5.925490206101676
525	6.341713310581529
526	5.484290010211143
527	5.3082700585015115
528	4.709778922788032
529	6.0899754454692205
530	5.837834552251955
531	5.475038614912509
532	7.8387551130247575
533	4.38998111294966
534	7.559827124001458
535	6.252405333767743
536	6.051109745490572
537	5.990258504782105
538	6.390934472872565
539	7.022137226827908
540	5.872997550416346
541	6.029504600404338
542	5.979015708519146
543	5.671749538707766
544	6.52250566110888
545	6.063476654731979
546	6.4382043908772175
547	5.701189267620641
548	6.006581997578523
549	6.298036412413542
550	6.753612547070193
551	6.375243166970904
552	7.101661954902941
553	5.689029456590875
554	5.894528137880289
555	5.520912205843304
556	5.426991431120162
557	5.5102518156151445
558	5.639233071124181
559	6.095114554039254
560	5.042587603009971
561	5.3224103694316
562	6.5967464861398755
563	5.0041643696521145
564	6.80231180380139
565	6.338833306670973
566	6.557325220259372
567	5.1656396280496235
568	5.5464791722770315
569	6.176009162835544
570	6.352271268124848
571	6.596615280094556
572	6.718461318713564
573	6.619480781350285
574	4.761940035317093
575	4.4516633484978225
576	6.297636249091565
577	6.000381383763038
578	5.744099634139275
579	5.560920663170691
580	6.054303078343818
581	5.9726183095845045
582	5.7454569832102775
583	7.717297504293835
584	6.850673790899843
585	6.575631280002805
586	5.948147488301261
587	5.647159744697427
588	5.857543844576484
589	5.498201300659275
590	6.455620209706704
591	6.271037623439425
592	6.829048239979893
593	7.070561237436218
594	6.028104014554993
595	5.468083163537085
596	6.494261929713604
597	5.613635104346031
598	6.458374450430274
599	5.258672132136543
600	5.840505958434993
601	5.441316844243556
602	6.217570635973691
603	6.091787442500289
604	5.514332305683638
605	6.002605288614225
606	6.000747533927841
607	6.314559381944127
608	5.003236456011008
609	6.445286617289591
610	6.046000089756596
611	5.864111306749423
612	5.339719391167385
613	6.002879794240774
614	6.43353330946411
615	5.6879729466684354
616	5.984558545949403
617	6.208855975869422
618	6.655654944490553
619	6.878362672002469
620	5.8128577875516685
621	5.7021684002418835
622	5.762055035004215
623	6.08316862800469
624	6.3730732409040565
625	5.6693777497525195
626	6.627359794757684
627	5.454353212297429
628	5.9469212674937975
629	5.440602448083357
630	5.806979668251006
631	5.431215031120433
632	5.443153901617431
633	5.999411871496704
634	5.37706150499677
635	5.867124497588851
636	6.5000974337235675
637	5.365407564227159
638	5.769489141697996
639	5.5256305471725335
640	6.170523295639379
641	4.828679341232471
642	5.659161988447886
643	6.674857831333712
644	7.252587547697323
645	6.110544421419036
646	4.247783447413341
647	6.063166243090693
648	6.742883421632891
649	5.476056427247106
650	4.969796996660686
651	6.975685234755899
652	6.80486588792511
653	6.711719238711521
654	6.306377408058324
655	5.758400455699302
656	5.643756043176506
657	7.37572800090226
658	5.658073227092003
659	5.412653922860045
660	6.636922377887565
661	5.713390936667565
662	6.350836129301522
663	5.116838092607213
664	6.249733307781363
665	5.353410170238931
666	6.186739891534671
667	5.099583878531121
668	5.899656213354319
669	5.873634592998617
670	5.865729157122717
671	6.4090778071575025
672	5.455863390103332
673	5.778609777650083
674	4.490526593365108
675	6.268357724104135
676	7.007064943236765
677	5.77131582715859
678	5.572804475704248
679	6.17807511628892
680	6.097631058329716
681	5.005199159197218
682	6.136371445376426
683	6.335528589876568
684	6.363631882665989
685	7.195672524006416
686	6.445405401567566
687	5.127009244770498
688	5.522460053360556
689	6.803843869711272
690	5.775102652287821
691	5.867085264338779
692	5.850836774302562
693	4.978868161037099
694	5.200495047455964
695	6.167408218539908
696	7.14169406442088
697	5.413031405098188
698	6.221706873737276
699	6.763491195579991
700	5.832384733314393
701	5.729750258576435
702	7.0204048732218025
703	5.183984084559294
704	6.734731365495827
705	6.34427224965184
706	6.4258209820568135
707	7.006575410548401
708	5.680963843258926
709	6.732591312051573
710	5.850332660386094
711	5.432017855884624
712	6.399454850736739
713	5.42648042087967
714	6.476498584048578
715	5.65930103519026
716	6.942578945518472
717	6.942014910364782
718	5.273118147930211
719	5.258204295130616
720	6.131152782012942
721	6.690937409975699
722	4.883034482898534
723	6.3612167339371
724	6.548062431750198
725	6.119532170342556
726	5.625955253091108
727	5.226739691143545
728	4.933268514080232
729	5.562573406810406
730	6.299835133524279
731	5.8753879206584925
732	5.746997687505032
733	6.560320352604322
734	6.004653804747033
735	6.212068811556409
736	6.489379376043669
737	6.349526584165038
738	5.595454412128995
739	5.802305614005921
740	6.151974002168572
741	6.667146634087777
742	6.2503675356662525
743	6.335115624666547
744	5.568089492362924
745	5.64847429817827
746	6.407322048465721
747	6.310977805557701
748	5.502285347785801
749	5.94583539158645
750	5.368892532571121
751	6.540145087534459
752	6.536752382796046
753	5.046073783221396
754	6.187492642273558
755	5.303170140677442
756	5.449023331813805
757	6.393092972439869
758	5.978782385416493
759	6.167163863004784
760	5.130475976799304
761	6.19049147074617
762	5.383134086383507
763	6.067104214422094
764	6.317448953436197
765	6.946803741186159
766	5.818633092352404
767	6.054283491247112
768	4.476166616755483
769	6.333197634998022
770	6.627379113311977
771	5.591212771112277
772	5.421667993754933
773	5.223511758680818
774	5.886090751831597
775	6.180678347568028
776	5.63417650309857
777	5.792251847384154
778	5.796376095098608
779	5.658300084194967
780	6.141201961256394
781	5.62214720043509
782	4.798641051773706
783	6.178268449534451
784	5.347726516415026
785	5.479123628710544
786	5.548377160054063
787	5.626430419157259
788	5.396685764141148
789	5.893833876755606
790	7.674784406158142
791	5.116038389271125
792	3.8533888564658505
793	6.3923925716417695
794	6.004651368369297
795	5.747862788926189
796	6.076104769012003
797	5.461513327891366
798	5.902198868950465
799	6.058462126051179
800	6.102509413179095
801	5.626374837321539
802	6.070525488805618
803	5.757072693757003
804	5.571633491987913
805	6.01131338991561
806	6.192162483857828
807	6.3589060159109065
808	6.338090450502932
809	6.5214495440734375
810	6.446625739623172
811	4.9872054773371755
812	5.11088572060948
813	6.915194265505609
814	6.27402208258718
815	6.372429093012276
816	6.124426674569259
817	6.473255867818615
818	5.570365311779702
819	5.964566666679457
820	6.024200425039453
821	7.2056826996748615
822	7.305471629947019
823	5.317853482853389
824	4.852644604705274
825	6.3339869717435375
826	6.003253302483989
827	6.343345594623437
828	5.405134772954625
829	6.896364377335766
830	6.679368662453878
831	4.933783809007663
832	5.753290262262453
833	6.345353190742362
834	5.5386749008030165
835	6.451690576662419
836	6.07658987546165
837	6.6979161708877655
838	6.735504301893525
839	6.287731876206817
840	5.71934711842332
841	5.1395051891333425
842	5.6617055750248255
843	6.625458813919169
844	6.888540997978998
845	7.2934537513970605
846	6.703199254549367
847	5.748155761789531
848	5.474575877381722
849	5.402265734584561
850	6.212507085737718
851	5.561324757098919
852	6.3098315410704044
853	6.110421322706518
854	5.909556327907082
855	5.546147466535331
856	5.671629338801722
857	6.448584663068565
858	5.513748365672022
859	4.9033156913414135
860	7.32739600003697
861	6.057177853431892
862	5.219068471236033
863	5.110848956392147
864	6.096781532889942
865	5.639717246124444
866	6.540039970680434
867	5.058554185011114
868	5.762505438882331
869	5.568149413864472
870	5.630851849546889
871	6.484488883073657
872	5.963756912936723
873	6.299398676883096
874	5.689978373905077
875	5.6344436305589625
876	5.610654974545469
877	5.392648850334808
878	4.4657033800613135
879	6.281879621288681
880	6.313332853521305
881	5.98087132278098
882	5.408260843212095
883	6.74207791967293
884	5.822380602948696
885	6.650098904592192
886	6.6063180569067805
887	6.286663803356027
888	5.9276684034965
889	5.837317530548899
890	6.224087510279787
891	5.965404822463391
892	6.642961873993045
893	6.178491338004823
894	5.5325691968848165
895	7.77608345202382
896	6.505277129211684
897	6.024075830246632
898	5.907708609800985
899	6.48113937706997
900	6.343255855705745
901	6.091049463197123
902	6.442581144743599
903	5.775172376962329
904	5.801212487036537
905	6.6530297313639455
906	5.29385945316781
907	5.121621900340816
908	7.169029315758962
909	5.730860792268585
910	5.306948204136764
911	6.236721679436354
912	6.427221324190032
913	5.702598612383008
914	6.308252405730309
915	6.154277142677789
916	6.229100168190516
917	5.389284886008439
918	5.907029568511796
919	5.521476177498698
920	6.175036385119893
921	6.006819273331477
922	6.71024350430209
923	5.926825353714069
924	5.830155686940998
925	6.622645316837246
926	6.713936730287969
927	5.715870997855543
928	7.443304782000589
929	5.387565288213356
930	6.041550639980032
931	6.5866902535635745
932	6.321448075893225
933	4.618011038509264
934	6.561966002795897
935	6.420445011884329
936	7.895498249167576
937	5.035710575416617
938	5.572732146629797
939	5.998046539874529
940	5.928066139143387
941	5.518211066678095
942	6.018934216344496
943	6.018531176169697
944	6.903112466943761
945	5.827770012536175
946	5.198828744482146
947	6.303976517581545
948	6.139074334320612
949	7.05212817065573
950	5.380637412065761
951	6.309628409038608
952	6.089091655948912
953	6.660568087061013
954	6.372174762670571
955	5.9527263412336735
956	5.589173156980371
957	5.793776685575722
958	5.950609152481775
959	5.801468827686382
960	5.353188992067728
961	6.181868430374501
962	6.550899393828807
963	6.443647871026769
964	6.42381658031243
965	5.873299944406608
966	5.8331115812076915
967	6.362374500582172
968	5.4042032551785395
969	5.215694638455341
970	6.661823313248246
971	6.918889651198269
972	6.4290300969991625
973	6.651455798263972
974	6.006223469606733
975	5.9346525588219885
976	6.0166713289953275
977	5.79443008688589
978	5.94508710051583
979	5.7212243504007345
980	5.085411521594506
981	6.084515903583018
982	6.481983446539379
983	5.38884854835818
984	4.456919476072389
985	6.037569556760395
986	5.617957098024857
987	4.924884388019564
988	5.905092668163383
989	5.409259554574318
990	5.142413413448958
991	6.352532662090934
992	6.390880290806915
993	6.628275690561471
994	5.830376368604549
995	6.90068081622788
996	5.77282384237103
997	5.920007385913498
998	6.484245078067761
999	6.348042308352888
1000	6.463839248094398
1001	6.6891154370387085
1002	6.0023716834684215
1003	6.3180344595821225
1004	6.954360928591562
1005	6.363401302999324
1006	5.826222213788424
1007	7.74997160743078
1008	5.478664666321128
1009	5.49108799782698
1010	6.439725778506775
1011	4.8861821321123795
1012	6.88415241691366
1013	6.103168109056747
1014	5.600215223355917
1015	6.337241140098988
1016	6.063800197064309
1017	7.867712653908794
1018	6.260166271168384
1019	5.538685598270968
1020	5.581743818064056
1021	6.147342990465404
1022	6.433450660848758
1023	6.405969955403741
1024	6.403141052180824
1025	6.052833375955621
1026	6.734542520302057
1027	6.233860232296311
1028	5.698050955084101
1029	6.254135647694056
1030	4.68504238038856
1031	6.145144718033003
1032	3.8834822084133824
1033	5.44155826990027
1034	6.121376832215382
1035	4.925756790059885
1036	4.431782291045723
1037	5.8490369578191475
1038	6.407852506641682
1039	5.927862732693029
1040	6.249486035401268
1041	5.6073713740592614
1042	5.978982653527055
1043	7.407018964460708
1044	5.993830458708352
1045	5.90356492451004
1046	6.0017976972662535
1047	6.286776815607611
1048	6.843104973094471
1049	6.785873279773763
1050	6.191145182323331
1051	6.352299870531025
1052	6.404072271353058
1053	5.174831904954492
1054	5.70273734918899
1055	5.359016050878183
1056	7.302984963636845
1057	5.889807772706263
1058	6.198723237928269
1059	5.689686463292067
1060	7.061006879868606
1061	6.074946409738105
1062	5.910537312712727
1063	5.551005542894607
1064	6.500971318603578
1065	6.089641510780591
1066	6.396365177447853
1067	6.257958212763899
1068	6.633273796827
1069	5.885861054678181
1070	5.729523550274528
1071	5.75111974736501
1072	6.897966720543704
1073	6.0476468148845015
1074	6.39999687182717
1075	5.565616720588878
1076	7.5455286624890405
1077	6.107389967539348
1078	5.978420153050683
1079	5.799240072339992
1080	5.439842463594259
1081	5.9131036242470145
1082	5.815564822188268
1083	5.978929063344064
1084	5.790660602484076
1085	6.280395064746369
1086	4.994712451721231
1087	5.116015217472416
1088	6.1255261570154484
1089	6.392949943745728
1090	5.886599596370669
1091	6.1005771834429146
1092	6.030236541857256
1093	6.208784105525793
1094	5.85469980572816
1095	5.394419370451942
1096	5.766458353561842
1097	6.404164921550546
1098	5.325570865259082
1099	5.913514955646613
1100	7.1981736224455135
1101	5.772419347194955
1102	6.675761674424972
1103	5.374039063008413
1104	6.703276756014127
1105	6.120806765178905
1106	5.114828002186389
1107	5.946437418778342
1108	6.716843181415102
1109	5.5649191197817744
1110	6.241107035016355
1111	4.6669408324695025
1112	5.685033060118763
1113	7.399062861746643
1114	6.4571363915068405
1115	5.800373608991504
1116	7.1731228463403465
1117	5.675414395466861
1118	6.232819594846418
1119	6.216627708492944
1120	6.05481225618213
1121	6.260908428845661
1122	5.0726447641329075
1123	6.651994016207754
1124	6.982930514961481
1125	6.420972953562159
1126	6.190112035535276
1127	5.709959119108195
1128	6.0220557773641
1129	6.000162580930111
1130	6.169966755778573
1131	5.048314120454181
1132	5.044647761530036
1133	5.44374012183107
1134	5.533098244871427
1135	4.7909483106764545
1136	5.733384163939934
1137	5.639558734689754
1138	5.735929376922459
1139	5.8801322086817684
1140	6.955642063097912
1141	4.470254931621076
1142	6.466043036418139
1143	6.677048854219417
1144	5.668571393221749
1145	6.907507591353926
1146	5.927034469204955
1147	6.473377795574968
1148	5.722241476255779
1149	6.096648996915771
1150	5.272771147268248
1151	5.48838055950279
1152	6.2540971924318
1153	5.452036069499122
1154	6.725544601235361
1155	5.1992775141843595
1156	5.2935521904992955
1157	6.464830556268091
1158	6.061568390866298
1159	5.077133012469858
1160	6.062190323330772
1161	5.291738389629042
1162	5.982435261626961
1163	4.960441912631116
1164	7.972239677561447
1165	5.217309973368954
1166	6.657840191056796
1167	5.796587732822323
1168	6.026267106093369
1169	5.160472273787794
1170	5.858726944940697
1171	5.5348509347014545
1172	5.926694717956707
1173	6.433618949740776
1174	6.1459478231366065
1175	6.321967661627294
1176	6.606898953889807
1177	5.950786067709408
1178	6.268782807307111
1179	5.819497417723243
1180	6.465041827397524
1181	6.476233356714467
1182	6.36337817190215
1183	6.164891835346463
1184	6.363538917270489
1185	5.914439438906912
1186	5.569161137798801
1187	6.464745027813478
1188	5.578517770090991
1189	4.953937057234968
1190	5.936309748701751
1191	5.639630057422134
1192	5.378105442026733
1193	6.385772292253872
1194	6.626273717013343
1195	5.486530310179417
1196	6.634794140711892
1197	5.447331807210243
1198	6.423073798857836
1199	5.719172417018045
1200	5.687826385167206
1201	5.895421343228708
1202	5.922604084247723
1203	5.862921944575473
1204	5.640129663997019
1205	5.278245106477036
1206	5.211417410605853
1207	6.530951843346918
1208	5.322054862626828
1209	6.345163937800357
1210	5.673123849307498
1211	6.151824685321613
1212	4.8849293468930925
1213	6.521667461971649
1214	6.0663419580345765
1215	6.540370430697554
1216	6.227108950896019
1217	6.199657307798043
1218	6.153640660828118
1219	5.437366041742886
1220	6.4708417625981385
1221	5.774922910573271
1222	6.957604564710831
1223	5.869764526258223
1224	6.535314697694655
1225	5.6260780558278345
1226	7.091999503460506
1227	5.85345071402844
1228	5.2875953372020055
1229	5.933032281438096
1230	5.73583133098492
1231	6.731672683516518
1232	6.7830893896420354
1233	5.159868496115363
1234	6.29200658478242
1235	5.743071655794564
1236	7.293788823966557
1237	5.680094588670488
1238	6.582357757224235
1239	6.059828745550476
1240	5.718689505041888
1241	6.405214585817885
1242	6.158799924642632
1243	6.333140633660757
1244	5.636210820144591
1245	5.642517906219627
1246	5.521606234571664
1247	5.221383898143864
1248	6.22767129030007
1249	5.8434659353612615
1250	6.7974916382906185
1251	5.804228422645894
1252	7.09302019168778
1253	6.2872010718306734
1254	7.030330318944632
1255	6.261770580864201
1256	5.331950560677797
1257	5.766535231445839
1258	6.399417739791366
1259	6.207380415962285
1260	6.769660813403071
1261	5.922081105411053
1262	7.068247490452931
1263	5.372468651349966
1264	6.452748778473156
1265	5.474910223475573
1266	6.591127897628272
1267	6.8903481072823825
1268	6.672602131619658
1269	6.042332292441278
1270	6.18859429772581
1271	4.8522508315767885
1272	4.9630413690189785
1273	5.562276225793175
1274	6.603951859942754
1275	5.45256675794048
1276	5.976309937614133
1277	6.134955658565741
1278	5.499879390107129
1279	6.5556106003122805
1280	7.192564806339385
1281	5.796280684038287
1282	6.025566446769517
1283	6.0412132244479535
1284	5.870428596645416
1285	6.10760222406825
1286	5.775819519828809
1287	6.054542748451543
1288	5.121197794214822
1289	6.5490960941970116
1290	5.765716347463527
1291	6.072473952511791
1292	6.244848350150278
1293	5.158890455379151
1294	5.778357153163395
1295	5.332496946522345
1296	6.287391424424843
1297	5.608047488110605
1298	6.546196616080124
1299	6.14886736665808
1300	4.95268975905492
1301	6.136306890039123
1302	7.016956778724367
1303	6.360681110486278
1304	6.257091222085843
1305	5.452668397193775
1306	7.037456928018051
1307	5.850239121367371
1308	5.531067352331731
1309	4.833983516857109
1310	6.173551656014752
1311	6.533354342542589
1312	5.95549013539927
1313	5.855848755040723
1314	5.616501405020244
1315	5.69121973792091
1316	6.977725524153999
1317	5.442644862277019
1318	5.892154092460664
1319	7.17113706319859
1320	6.909901157603599
1321	5.766120301997837
1322	5.610809710027431
1323	6.28306485647853
1324	7.6809402303511485
1325	5.211882867526987
1326	6.075072176728605
1327	6.152493684721941
1328	5.084280082329105
1329	5.668882381985895
1330	5.1775395565865825
1331	6.360258369256432
1332	7.292662468647746
1333	6.4742160849971695
1334	6.108002802473493
1335	5.3409556665599505
1336	6.077190723735839
1337	6.412296263617463
1338	6.8821434852181245
1339	5.7500303200302785
1340	5.962567860001905
1341	5.892544042202644
1342	5.923176418479887
1343	6.742347758359221
1344	5.423896598734427
1345	6.616068985153106
1346	5.958350900234654
1347	7.111909341519802
1348	5.667087213258215
1349	4.93181073676706
1350	6.888483460549088
1351	6.615040424047038
1352	5.369417162105331
1353	5.964880990984273
1354	6.925075711047446
1355	5.493516645586604
1356	5.959596141020914
1357	5.824198636808433
1358	5.534376283211168
1359	6.317397532402538
1360	5.561368019397681
1361	5.522669075664857
1362	5.347009944161982
1363	6.090240177242896
1364	6.79855190856324
1365	6.302638865709822
1366	6.315725301450584
1367	6.016240572615061
1368	6.825521888548974
1369	6.430799464539935
1370	6.3508699316797514
1371	6.365562189448004
1372	5.907210342764087
1373	5.570667976187542
1374	6.69906358311786
1375	5.154051805303122
1376	7.935919158912909
1377	5.707897791720461
1378	6.172074060598832
1379	7.096085216461991
1380	6.700909747483416
1381	4.530710500618443
1382	5.660866110776127
1383	6.5126920259790495
1384	6.333552535468091
1385	6.591933823157368
1386	7.41374465780973
1387	6.205380812143197
1388	5.28052385954652
1389	6.947310188715346
1390	5.297942857642193
1391	7.23401368172684
1392	4.681497332174331
1393	5.739726254629204
1394	5.386435056721573
1395	7.788230000308862
1396	5.2113208211311655
1397	6.602162167773626
1398	5.698447886947543
1399	6.136053821880762
1400	6.978316072982529
1401	6.279421652072212
1402	6.838606032180703
1403	5.881662742126112
1404	5.323436544852723
1405	6.1454167561450355
1406	5.898998355557625
1407	5.3275462584182
1408	5.125915199433538
1409	6.482465599492813
1410	4.918250764965908
1411	6.231418054408601
1412	5.462994865019266
1413	5.8912045919181155
1414	5.036276318319142
1415	5.563184848192825
1416	6.410249204142019
1417	5.462433585364904
1418	6.45965867373161
1419	6.6333956428764695
1420	6.906815486013269
1421	6.191074586848521
1422	6.099053833323221
1423	5.440688389598539
1424	6.468946924840566
1425	6.470653844720108
1426	6.0892605509265865
1427	5.699917019978683
1428	5.837646504183515
1429	6.152966950524031
1430	6.078385589085519
1431	7.2175059987202985
1432	5.9528949730719125
1433	6.964247496162828
1434	5.48986449969622
1435	6.379415819933638
1436	5.000347615483528
1437	6.367271400941536
1438	6.548337629879825
1439	6.406049173600464
1440	5.846239336533472
1441	6.330211714259349
1442	6.022098847212927
1443	6.425260910356883
1444	6.273005247442052
1445	5.257462594684006
1446	5.436824981275055
1447	6.474395609795465
1448	6.618819571115697
1449	4.899166781706736
1450	5.304165921310949
1451	5.972471429844431
1452	6.266308770026081
1453	5.613637748471875
1454	7.076447275467217
1455	6.137502476003849
1456	7.02111554317849
1457	6.541405522453715
1458	6.392361377843803
1459	6.002039945559003
1460	6.837407896394974
1461	5.822657258726568
1462	4.387191029690096
1463	5.987302275237573
1464	5.827953669344424
1465	6.080224987680347
1466	6.757681531688342
1467	5.675389830619097
1468	5.236041920938685
1469	6.154465274128597
1470	5.920497192186303
1471	6.411690728583683
1472	5.939191482029855
1473	5.771377981159215
1474	5.31357386024181
1475	6.547576886588811
1476	6.655784692186372
1477	5.1055993857017405
1478	6.8593473314041535
1479	5.632889147705606
1480	6.132105882732301
1481	6.173766012582928
1482	6.411971474968595
1483	6.796288898711404
1484	6.0134714402762866
1485	5.118826945219189
1486	5.301074786856771
1487	5.5795703859766945
1488	5.84048725462344
1489	5.90282987557455
1490	4.428834769575458
1491	5.6430346275515415
1492	5.738210883058075
1493	5.832101917153017
1494	5.973225470414036
1495	5.375770554290679
1496	6.115205051214434
1497	6.1710405045081504
1498	5.968553928008891
1499	6.246202783457314
1500	5.3865537233133285
1501	6.08639397804954
1502	5.881450131006369
1503	5.379393229812481
1504	6.151863996785036
1505	5.333450079429895
1506	6.331832152681754
1507	5.394353173734424
1508	6.679712062517769
1509	6.017007302816795
1510	6.741481000875038
1511	7.036527033927004
1512	6.834837333831404
1513	6.834886886574247
1514	5.210432327003218
1515	6.120661995816045
1516	6.254903826698222
1517	5.8503304194947265
1518	5.612353827695673
1519	4.948474039777035
1520	5.401983788353391
1521	5.622062715601975
1522	5.884945627173875
1523	5.752105489483495
1524	6.845417779788841
1525	5.625446120385702
1526	5.9940274465014225
1527	6.144798174862647
1528	6.247389333555475
1529	4.978105031086931
1530	5.954005151671091
1531	5.31563242620212
1532	6.895562155909526
1533	6.422234135291849
1534	6.2358004024873175
1535	5.578972193082639
1536	4.993262552223833
1537	5.423806313765594
1538	6.612494170106947
1539	5.804225906044142
1540	6.12530668733442
1541	7.249729830087745
1542	6.524999008691382
1543	5.625000202150729
1544	5.017240060105299
1545	6.748005528429833
1546	6.415037350525381
1547	6.105929726282032
1548	6.0214895868064975
1549	6.196517990857718
1550	6.940657968537005
1551	5.868442239369163
1552	5.377087667673116
1553	5.991721269364159
1554	6.104450353436793
1555	5.9700350553347645
1556	6.781443161540665
1557	5.879328645104052
1558	6.65347825873055
1559	6.516302791998411
1560	5.181281691145462
1561	6.26915423603445
1562	5.106529158624736
1563	4.326131829497172
1564	5.474196847084732
1565	6.580435759635293
1566	6.285715428126209
1567	4.731003649366487
1568	6.659038585465169
1569	6.7387476229976695
1570	6.0962023742548705
1571	6.087025040419151
1572	6.59224970980237
1573	6.407526643576355
1574	5.788196530171924
1575	5.879832474333751
1576	6.037252057518344
1577	6.30716819279386
1578	5.088892818971847
1579	5.903763198401206
1580	6.281868806862108
1581	5.5022704145213694
1582	6.169424796297045
1583	5.134623352515821
1584	7.5470885342219844
1585	7.387028578529135
1586	6.847287344525102
1587	5.693973823683336
1588	5.503821627793672
1589	6.72559465332112
1590	4.608392530518091
1591	6.060336847323924
1592	6.127396156976465
1593	5.890276872508583
1594	6.000983989454414
1595	6.490053888483855
1596	6.14417836194237
1597	5.327087921808318
1598	5.581315957094458
1599	6.538181377047869
1600	6.608344637190124
1601	5.122998258448206
1602	7.321226617724348
1603	5.627271714713425
1604	7.0045722191377235
1605	7.286365464685093
1606	5.680065437596148
1607	6.0844452578331465
1608	5.870617877079272
1609	6.763062348162445
1610	6.610845402115956
1611	5.799207413646703
1612	5.623336690154651
1613	6.203844602955015
1614	5.281892228354183
1615	6.297332409590196
1616	5.662710692345475
1617	6.278362672981423
1618	6.062753021348423
1619	6.174430869542993
1620	5.678634729215198
1621	6.485989049542695
1622	5.115521298566212
1623	4.961887812098632
1624	6.870061313631595
1625	5.237392457097303
1626	6.483366145496257
1627	5.8896976025952466
1628	5.660955619253218
1629	5.8842978335102085
1630	5.1806293047654135
1631	4.9968534435145555
1632	6.5725028436863795
1633	6.38980633693159
1634	6.512031507932327
1635	5.742276411684644
1636	5.6970680428348714
1637	6.11401398423394
1638	5.013814086029823
1639	5.202284175346398
1640	6.678461485754942
1641	5.725417397382176
1642	7.475877096876502
1643	7.2086823470308445
1644	5.756860117078759
1645	6.4262655962038
1646	5.202449486429732
1647	5.451912933669519
1648	6.059907589350706
1649	5.554646422524991
1650	4.381988571025431
1651	6.552537263788206
1652	5.6635365199297665
1653	6.4852202634792775
1654	5.4167503960663455
1655	5.253187797804314
1656	5.749088899193642
1657	6.083677728797364
1658	5.9391695679875
1659	6.190998831943778
1660	6.173656561295502
1661	5.326487802297754
1662	6.064020124112721
1663	6.613817560516865
1664	6.029708899594353
1665	5.575213710024186
1666	5.622052714927122
1667	6.287861844204599
1668	5.955674452253764
1669	6.030813711501348
1670	6.700016252230853
1671	6.6198852523063705
1672	5.788812029301577
1673	7.169450486249601
1674	6.017166004601964
1675	6.374135781842698
1676	6.499317058646637
1677	5.130568046089528
1678	4.830149492388591
1679	6.677659423726921
1680	5.473169121864395
1681	5.674176557821089
1682	5.326449198404416
1683	5.772235430932294
1684	5.945976613031235
1685	5.16609683711431
1686	5.35942492740287
1687	5.765076884472122
1688	6.377025828892855
1689	6.594328708028318
1690	5.678476569592021
1691	6.584925262073643
1692	6.649266148385193
1693	6.123739858746137
1694	5.4388443344847905
1695	5.49348211254423
1696	6.736963391481411
1697	5.734525857493281
1698	6.723885253304616
1699	6.256234941786776
1700	6.5346806179105235
1701	5.872058104316238
1702	5.195414604851976
1703	5.89484059688096
1704	5.729631594974005
1705	4.940725779462167
1706	6.029192462035765
1707	6.056633620723997
1708	5.73202887638472
1709	5.550388024736415
1710	7.453438764156186
1711	5.577447210205719
1712	5.789659416923921
1713	5.419161818666561
1714	3.7271031092923996
1715	6.262496012059273
1716	5.606534836244666
1717	6.069459282172223
1718	6.749687725103771
1719	5.890556107288123
1720	6.648456828759259
1721	6.600016643378981
1722	5.858348445423569
1723	5.699847060938676
1724	6.1418502674787305
1725	7.0864476380760175
1726	5.303144409765744
1727	6.31781129334122
1728	5.955924288916867
1729	5.389895092564984
1730	6.368899117151159
1731	5.0433914097666275
1732	6.343682237887858
1733	6.081769887612955
1734	5.59440990423318
1735	6.172064140368172
1736	6.516734753095079
1737	6.3100140783323075
1738	6.17144423967693
1739	5.942405095181635
1740	5.903298469315119
1741	5.438491883050454
1742	5.435900611999004
1743	5.652560399146751
1744	6.1197505629534135
1745	5.78068571742624
1746	6.741079355466782
1747	6.595085616955267
1748	5.280828773376665
1749	5.665181769096914
1750	7.011531797017799
1751	6.07335155942322
1752	6.28384889527859
1753	6.744460638749468
1754	6.008065323469539
1755	7.455906017786926
1756	6.728910764601703
1757	7.203293796085442
1758	5.688164812451425
1759	6.108831790220436
1760	5.857042434995117
1761	5.948545872456937
1762	5.674905828074911
1763	5.892499246712153
1764	5.3331962031855555
1765	5.421105838885221
1766	6.0994773585504545
1767	6.092404077404781
1768	5.288525582577747
1769	5.5267830284881505
1770	6.159072467210618
1771	5.655816599601307
1772	7.003572510375472
1773	6.52687399743713
1774	5.955434028716648
1775	6.207952770183941
1776	5.556904098441009
1777	5.594222273660956
1778	6.885101571131964
1779	6.034516575990156
1780	7.036172685955535
1781	5.3403996122360695
1782	5.867290214772391
1783	6.503961830251765
1784	5.540095937274465
1785	6.158832033684191
1786	5.485898633984228
1787	6.290301887218708
1788	5.512521607154566
1789	5.876793503254542
1790	5.363632123257655
1791	7.922204264294123
1792	6.004878830329592
1793	5.818897953152191
1794	5.818602383492843
1795	6.617053743468465
1796	5.580026621837169
1797	5.522044569510035
1798	5.790481045428249
1799	6.677008326351642
1800	6.97076814809245
1801	5.381086195065804
1802	5.449703343393695
1803	6.209816950798521
1804	7.1482816547596535
1805	6.181362059676427
1806	6.5830953305454125
1807	5.7724620663147
1808	5.4358050202662564
1809	6.8645844661514275
1810	4.955460808486404
1811	5.928864015654351
1812	5.60442267013492
1813	6.275385290368771
1814	5.649948974476299
1815	6.136729648125104
1816	5.315305989057593
1817	6.234378725853993
1818	6.559331488496225
1819	6.202491795207607
1820	7.004309371087907
1821	5.752694635443683
1822	5.809772035301042
1823	6.525129542348441
1824	5.490304709079543
1825	6.677995368536493
1826	5.798980288331707
1827	6.047942855765166
1828	6.81113638943883
1829	5.636245636955007
1830	5.910767047557359
1831	6.5489450929971
1832	5.8708722833433145
1833	5.967081433193138
1834	5.915669073595812
1835	5.2752644178895824
1836	4.873055819274955
1837	5.460550809663255
1838	4.747720455104071
1839	6.346635012723067
1840	6.124614434627195
1841	5.688196957926266
1842	5.349476315843111
1843	6.257728522876278
1844	6.548918130396701
1845	6.132932369312686
1846	6.041583960293792
1847	6.22448740239876
1848	5.718114465882536
1849	5.75495470817642
1850	6.067673042033086
1851	6.548292877529526
1852	6.154387146284405
1853	6.89211430901702
1854	5.022933609201573
1855	5.862320171979566
1856	5.5628008472849615
1857	6.4630256098074215
1858	6.1454652438793955
1859	5.910734270368458
1860	6.392311819313493
1861	6.40742917103987
1862	5.849001782092576
1863	5.5582008824937725
1864	6.164160101655095
1865	6.662425453580606
1866	5.712624663695399
1867	6.677255859700381
1868	6.29986237527919
1869	6.55327875749208
1870	5.867010012113799
1871	5.546686785435304
1872	7.245148950110888
1873	5.946389540930146
1874	6.668382484780843
1875	5.698683443368952
1876	6.687861649435945
1877	6.444743788678591
1878	5.2677481762571805
1879	6.576886438211659
1880	6.5950135435850825
1881	5.4637092131582135
1882	5.609057635961411
1883	6.646678211811163
1884	7.333670948368861
1885	5.82730486864845
1886	6.071662141808441
1887	6.532677419616708
1888	5.520953954011202
1889	4.808936041779816
1890	5.374247114018847
1891	5.857154043379093
1892	5.572378215551573
1893	6.42010781454802
1894	6.723635802918579
1895	6.2202380826784065
1896	5.814893426966261
1897	6.480948050988705
1898	5.833760415553115
1899	7.277954189180347
1900	6.430918597999741
1901	6.0458982237947305
1902	6.255582316993521
1903	4.1202030866988935
1904	6.147064547863249
1905	6.351318737128167
1906	6.25085197905462
1907	5.901692514307797
1908	6.731300621809039
1909	6.060362997523043
1910	6.336678439453761
1911	6.4611521376917755
1912	7.159745430588373
1913	6.581830924609676
1914	5.485782337235287
1915	5.73197615832429
1916	7.469725679264714
1917	6.678880913602188
1918	6.456799683770875
1919	5.62166465171065
1920	5.4456930466878575
1921	6.314195515931044
1922	7.196498652376856
1923	4.49422845565079
1924	6.56869122099597
1925	6.771926921662978
1926	6.551387311125707
1927	6.447678788160176
1928	5.120193874998949
1929	5.488147546110365
1930	5.802370054379571
1931	6.190001953936492
1932	4.871036581840599
1933	5.540642008651048
1934	5.778928118913124
1935	6.446423763269559
1936	5.965506236819136
1937	5.705080754950177
1938	6.301705869685975
1939	6.05150048565563
1940	5.933230064819906
1941	5.900252188350457
1942	6.076964884932915
1943	7.0360709399166
1944	6.587939865479711
1945	6.283676874901478
1946	5.096682267542929
1947	6.079688964289657
1948	6.166868891554056
1949	6.464966799167451
1950	7.180389981406431
1951	5.758191287112624
1952	6.760783494084275
1953	5.697559794717976
1954	4.495399776011861
1955	5.051767094047843
1956	6.309772890495757
1957	5.8579113995930285
1958	5.453228002695955
1959	6.75059587265132
1960	5.888468117724794
1961	6.082767782078008
1962	6.159369982109638
1963	6.018995418579185
1964	7.325047876810034
1965	6.568302074998715
1966	5.43678702930372
1967	5.891128499559792
1968	6.066246544088547
1969	5.557643688100047
1970	6.02470556668575
1971	5.327436669584131
1972	6.58645911187244
1973	6.965100933578523
1974	6.092515863110556
1975	6.131721866661278
1976	6.152691269896048
1977	5.974222163813045
1978	5.80081751140533
1979	4.308723618947518
1980	5.969504808127466
1981	5.948815812722647
1982	5.143079983195863
1983	5.92808069227936
1984	6.358303616224374
1985	6.120275073281179
1986	5.667440683753028
1987	6.51085108728148
1988	5.650478338000054
1989	6.171526508274837
1990	6.138527660333137
1991	6.166084923406339
1992	6.699846434927381
1993	6.398657900514081
1994	6.22069605908473
1995	6.589763763401767
1996	6.524525316768429
1997	5.269594649212774
1998	5.244634939098938
1999	6.098322538489645
2000	5.51481981716481
2001	7.441130165459721
2002	6.088644654364684
2003	6.584240113009906
2004	6.11583741137977
