6	4.5229896748249985
7	5.570700901506176
8	6.386074208452638
9	6.281843134877854
10	5.884108296738543
11	5.889966900484565
12	5.905574292740984
13	5.451175091511167
14	6.306191888034077
15	6.205655627259196
16	5.26371755411213
17	4.241450150856205
18	5.109363170576452
19	6.084757424775658
20	5.200602288582256
21	5.217218530798466
22	5.359718427586118
23	5.967242275618694
24	6.309610979447171
25	5.461882945929491
26	5.7288979189031055
27	6.320907700004586
28	7.100331686194047
29	7.009455921002717
30	6.31534894753184
31	5.849840111741852
32	4.967380192107157
33	5.261801483205503
34	6.249271411745319
35	5.851823551979948
36	5.719027110560787
37	5.676989633557399
38	5.834805906067965
39	4.721636383432876
40	5.171904887039596
41	6.21400164974087
42	7.024047961207998
43	6.636177090668146
44	6.405934057293052
45	6.427044215223226
46	6.332626802880397
47	5.879072496408216
48	5.7756944543838875
49	6.521005078943239
50	5.593017274142228
51	6.822407955770982
52	5.728343896091908
53	5.247286001164806
54	7.18390621297866
55	5.902351948843054
56	5.027601402625718
57	5.586783911469081
58	5.6799751976916015
59	5.94547695832019
60	7.4139266322159125
61	5.653068129688411
62	5.1278365753169055
63	5.698581935980958
64	6.210877739043748
65	4.794498923604567
66	6.18200959662661
67	6.456209265448514
68	6.322184629812596
69	5.163298694254825
70	5.696012289738186
71	7.077935014224689
72	7.216676305657789
73	6.0325613179314965
74	5.70003627686097
75	4.92628609214513
76	4.748346315351558
77	5.908269413188323
78	5.9137475080788136
79	6.242869556086849
80	5.0273096482452715
81	5.273094032336799
82	5.394140235452638
83	6.701087219444823
84	5.011035063605629
85	6.924412467290455
86	5.838828585115455
87	7.435328431271955
88	5.288873331583197
89	6.210010288588011
90	5.944861743490789
91	6.380149499987601
92	5.705718665514091
93	6.7490373710375025
94	6.538648117205991
95	6.855413225259529
96	5.3879005277374645
97	4.726443703921977
98	5.653548400827276
99	5.193760215850489
100	6.1122626163026625
101	5.254390379454972
102	5.428359476958017
103	6.333159289557156
104	5.649464359796324
105	6.479130189911302
106	7.477725590728561
107	6.0723683283046865
108	5.638326141203704
109	6.160313409313676
110	5.93444210935936
111	6.14383601566602
112	5.781570597969403
113	5.9201231998848485
114	5.57262085961338
115	5.329147405780969
116	6.48907700922961
117	6.761106678014147
118	4.957474368600136
119	5.67747834528224
120	6.922585911570058
121	5.943192933655295
122	5.487030306763379
123	5.430472419553083
124	6.563781757829068
125	5.888787983120313
126	6.995363921855945
127	6.2024663401734195
128	7.485206230950375
129	5.353064807797306
130	6.309299639150205
131	7.424456785330161
132	5.395522662770799
133	6.479617355155907
134	6.264745244910718
135	5.9001119785617835
136	5.6185783064612895
137	6.5882584703827485
138	4.856606264022828
139	6.847841828352689
140	6.529592090539154
141	6.44575320522199
142	5.99448015724457
143	4.91203465206167
144	5.3587274050858635
145	5.1042323715770515
146	5.689364268056741
147	6.445118456487597
148	5.94293176072135
149	5.668007126962212
150	4.582715941808096
151	6.471854384447828
152	5.8611803871886385
153	5.850682837990462
154	6.074704307050285
155	6.848153034655843
156	5.80425148435349
157	6.561536709844842
158	5.730053791801435
159	6.417822194326921
160	6.3786354723373995
161	5.988394173731929
162	5.910522828252467
163	6.045540781549385
164	6.383250733701668
165	5.664305285778193
166	5.679914487895216
167	5.488957226860006
168	5.593931157510572
169	5.7393320810573645
170	6.128881441259485
171	5.53411087681624
172	5.7141616208919
173	6.294902703953664
174	7.250218284040456
175	6.514482027742945
176	5.329657827932776
177	7.403885143081425
178	6.509485328815774
179	5.725387942381477
180	5.349900904782275
181	6.041447466171424
182	5.689254093703413
183	5.622386908084284
184	6.818217728085195
185	6.691080218341085
186	6.594813999733931
187	6.044915205202415
188	6.350147019266539
189	7.598202175680357
190	6.407637994814431
191	5.997832018741174
192	5.527833217152095
193	5.534378913916589
194	5.25842139013591
195	5.118744377130497
196	5.281017436642862
197	6.503590890250052
198	6.033221962055298
199	5.084110157977557
200	6.742261169033656
201	5.7141379081715264
202	5.921498815634377
203	4.107091137377531
204	5.458558548057529
205	7.506567595148226
206	5.489154909745169
207	5.183958307699261
208	6.573724396229712
209	4.9590268715299946
210	4.619805564715837
211	5.69188124135911
212	6.5544150666241405
213	6.404798700626438
214	3.80927992228535
215	5.711913563553935
216	5.779639179858754
217	5.519824349284486
218	6.778348751411692
219	5.700476523054848
220	5.737461849361425
221	5.0161100487656025
222	5.681388816767139
223	7.019512470475092
224	5.612606136184186
225	7.098849346636071
226	6.547531601422233
227	5.244994947951372
228	6.613840607759564
229	5.002481909714536
230	6.2696556746073915
231	6.287289725340088
232	6.297041481185092
233	5.18505932635162
234	5.404744479484085
235	5.726185186422663
236	5.038268370651746
237	4.434443693228373
238	5.04579898447264
239	6.543349409980389
240	6.210308071636693
241	6.0419604753612814
242	5.843763215681538
243	4.965493662933381
244	6.6744624143248075
245	6.571813836226717
246	5.850292519482371
247	5.162839739087345
248	5.310609633135609
249	6.327776272730923
250	6.097732326567348
251	6.935160194359593
252	5.796458297002703
253	5.50011866566018
254	5.418239987814826
255	5.203892502095021
256	4.855970592146102
257	6.675104951078538
258	4.853734200511378
259	6.736142673279656
260	6.5269359207963324
261	6.033794632041463
262	6.687992082575378
263	6.5052558868099
264	6.312707976062989
265	5.912798369866902
266	5.481489378099258
267	6.400054820997563
268	5.964899692649487
269	6.321644557695101
270	5.553477069036388
271	5.015331247944333
272	6.441319866148247
273	6.874557628373926
274	5.714935943550452
275	6.474240701322825
276	6.961309460157645
277	5.917910252215473
278	5.044921061530223
279	5.957521860616647
280	5.559664193579617
281	5.512417462896944
282	6.845273727827589
283	5.878215184257562
284	6.198658262925511
285	5.769179258618112
286	6.275766650361576
287	4.829962249420835
288	7.398922035631369
289	5.533374295263044
290	6.654778951609447
291	6.211144438082036
292	6.117351632408547
293	6.239481523252574
294	5.437960402535585
295	5.862173657189487
296	6.8169540664224
297	7.107912095739385
298	5.361392658754872
299	7.134030246184141
300	5.443399903685786
301	5.920046176057605
302	6.4932782954204376
303	5.053465410188602
304	6.428516642907528
305	5.860139415890444
306	7.331206816896472
307	5.011236128857126
308	6.376082595424536
309	6.709654313786207
310	6.33099470486299
311	6.483939170136
312	7.051262181305157
313	5.871950433880556
314	5.523905811659966
315	5.460560360372149
316	6.319000271019335
317	5.370614167197015
318	6.690879311029628
319	6.71671332346159
320	6.410654018597247
321	6.151000264641846
322	5.235138210386504
323	5.978559312931991
324	5.538380593493847
325	6.487482156259939
326	7.439453642761994
327	4.586869018351606
328	6.305444477671037
329	5.688785642172054
330	6.665733963555382
331	6.823573697608916
332	6.275220909545896
333	6.274648423514528
334	6.536924753165715
335	6.1303736300694505
336	6.353222900916202
337	4.927239986302618
338	5.676718207560043
339	6.101412505322632
340	5.378362886525472
341	5.605537607911339
342	5.724307542338502
343	6.233897844676192
344	5.918152827709231
345	6.198662484751549
346	6.413134341180251
347	5.459087453691089
348	6.265143337378201
349	5.633964316674974
350	6.918998748921282
351	7.226642496559931
352	6.317695111862402
353	5.331193660964345
354	6.250683811051369
355	6.543505551603933
356	5.093806607280964
357	5.671752062100235
358	5.4598777356004575
359	5.2626289482264275
360	6.559230727633059
361	5.6592040223229025
362	6.539976024259572
363	4.814747114760394
364	5.321466484996823
365	7.539955018806116
366	5.1225136149150785
367	5.938940955436555
368	6.390118293558771
369	6.127742446990548
370	6.884940267128903
371	6.644666079675797
372	5.40773285667011
373	5.3811423822220315
374	6.514957412879449
375	6.323999254194363
376	6.23059846536722
377	7.06938918165887
378	6.837785711418837
379	6.083020563466319
380	5.416897802898893
381	5.310242739551338
382	4.564946595798357
383	6.6833633266770365
384	5.9139429992920824
385	7.4442871822499335
386	6.620293099773699
387	7.828711534356699
388	4.708882155980973
389	5.5789441012040095
390	6.680146528846568
391	6.960775897003866
392	7.079801485440112
393	7.261667771885793
394	6.569353777462232
395	6.138533058695473
396	5.532582839047622
397	6.3826213562657355
398	6.696636730999065
399	5.4963284697195585
400	5.413776636872419
401	5.7624824811600295
402	5.848716756070017
403	7.7384949400875485
404	5.3133509600357645
405	5.584829315446162
406	6.129275163453713
407	6.802158736265387
408	6.554563199442452
409	4.975818090147667
410	5.920962920460927
411	5.678052485416993
412	5.785978075111052
413	7.423960000819837
414	6.151304107281424
415	5.347577142000664
416	5.486305775780541
417	5.751459820587612
418	6.588307588125727
419	7.024245661873321
420	6.679148909587906
421	6.689546424812691
422	5.378015880275948
423	6.817223872526665
424	5.4499071184912244
425	5.7647410307572935
426	6.891092231219989
427	5.264578329224605
428	5.862091703400858
429	6.486773113294145
430	6.279715744545683
431	6.488353611461611
432	4.626580936206867
433	6.7703324725735
434	5.824590766448707
435	6.160803312311739
436	5.773907005682953
437	6.289573818980716
438	5.778257203139947
439	5.19186583527004
440	5.335925398964499
441	5.326665278432691
442	6.603729934317843
443	5.249276676675349
444	6.8533813077197205
445	5.81374280435654
446	6.04581025457371
447	4.752583679150763
448	5.566306631087274
449	6.347074895818188
450	5.9620453469138335
451	4.735576101787635
452	5.69448979694129
453	5.090335704774286
454	5.649043680517934
455	5.685231064451562
456	5.882059644761029
457	6.239472082325457
458	6.561403408863246
459	6.020418130387379
460	5.313771260745573
461	6.410564043627925
462	6.276064575977878
463	6.338294138801178
464	6.942731358809397
465	5.860801728146423
466	7.2715214670724455
467	3.8976389628896
468	5.737571548566769
469	5.899084476788191
470	6.575837295196834
471	6.1715783921002485
472	5.578729498840403
473	6.257776806875451
474	6.681710424641746
475	5.4979582890792855
476	5.697256749242961
477	5.946978638742996
478	4.99164080175902
479	4.509097065762035
480	6.385707950958749
481	4.830857399168263
482	6.197218299571735
483	6.794509908779421
484	6.506856000554525
485	6.017856557893207
486	4.833935700392994
487	6.128530969341574
488	5.577572650318458
489	6.570570809727845
490	5.326416126998643
491	6.5477713820570065
492	7.028283321677009
493	5.246433065536515
494	6.845781900786581
495	6.136181395638102
496	5.81692281180842
497	6.299045213437542
498	7.437949484207339
499	6.324457750862348
500	5.967785457179416
501	6.744446107159919
502	6.002014364181862
503	4.704483564311106
504	5.673672915357747
505	5.954585153506681
506	5.536105124758453
507	8.000747209452898
508	5.125435141778628
509	5.392693116810589
510	5.473258465661072
511	5.015460752022178
512	6.516369375738712
513	5.231402421881082
514	6.358683954322866
515	6.417476189651227
516	5.833901857142337
517	6.404318458255148
518	5.638450997286579
519	6.469836273386608
520	6.188728848437842
521	5.63501773233028
522	5.4022839281708
523	6.7555070617901425
524	5.6567368060165215
525	5.996572694847021
526	6.805364290441503
527	6.7605038615254065
528	5.498129093818451
529	7.370710458853282
530	6.609565531030636
531	5.8129543884847825
532	6.640443060250783
533	6.335434634986866
534	5.831212285056676
535	6.324769078223552
536	6.505177913721831
537	5.740515461761357
538	4.898427360204303
539	5.808635517938952
540	5.130431039137361
541	6.439797686810349
542	5.978212877065348
543	5.290065609843862
544	7.020404192968272
545	6.32608040922787
546	6.4765500119052986
547	6.153441879088694
548	5.415899518274945
549	6.51461684921841
550	5.390356456330046
551	5.988562028273009
552	4.6235781497741115
553	6.095138672006535
554	6.329739080562087
555	4.957558592254492
556	6.034546582626221
557	7.78305712809442
558	5.058535257574274
559	6.3322212413250885
560	6.578497781344182
561	6.046123156287266
562	6.426708574406803
563	5.4374684557784345
564	7.105223344592377
565	5.500050176071691
566	5.864249891310465
567	5.258549426118844
568	4.707164970492678
569	6.335983689720576
570	6.711762216420741
571	6.535856003165604
572	7.1871501808054745
573	6.705695314936086
574	6.169661046602414
575	5.007454514234828
576	6.738698439822266
577	5.7471152778445305
578	7.657949241131301
579	5.789311794819346
580	7.233804162758004
581	6.475889542796225
582	6.067454362554902
583	5.972160303819692
584	4.9904033476302985
585	6.625519224526619
586	5.050400518690532
587	6.271766498288013
588	5.79838481117622
589	5.598095710283024
590	5.066393069197974
591	5.243183859973215
592	6.409653268478966
593	4.897202522394946
594	6.460664237410211
595	6.933861369661624
596	6.40663121654264
597	5.382823052750901
598	5.726606188585893
599	5.1988628846981255
600	6.337369171181658
601	6.2146118932376755
602	6.683813158960437
603	6.802774986558318
604	6.593944849349403
605	4.689804141537198
606	5.035208757107501
607	5.820566916767145
608	6.756253157639602
609	6.60597364458954
610	4.920454935494648
611	5.5324824893867355
612	6.584013406340753
613	5.231388589755322
614	5.980942316886381
615	6.9433102097245865
616	7.243665754784491
617	5.7568670036193605
618	6.9392402260881765
619	6.279093352687778
620	5.885373240627814
621	5.654633483817716
622	5.429941176064313
623	6.815744309294969
624	7.239377283474563
625	5.12052737992844
626	7.800287575315451
627	6.4415069240543135
628	6.214732334953733
629	5.563783551548664
630	6.013145724873004
631	6.503949144248557
632	6.8070887114781025
633	6.8186749274103455
634	5.170341568248114
635	5.053957629236251
636	6.974255005435015
637	6.676976758796214
638	6.772050133636712
639	5.885702000434875
640	5.449212009584616
641	5.136483738976742
642	7.6927827475918455
643	6.155203669914044
644	5.892610215904036
645	5.540854932158254
646	6.9321616455115596
647	5.834337195863058
648	5.679338482385501
649	6.143597762333229
650	5.42028608819237
651	5.679178799582204
652	6.238053012771574
653	5.90721129310656
654	5.7294234226158425
655	6.494200646950048
656	6.032654503513569
657	7.052628258438992
658	6.986426276644986
659	5.652583110713749
660	5.754956665571081
661	5.877875170598809
662	5.934601115334469
663	6.511380045606832
664	5.12515404837206
665	5.566013807361014
666	6.276321912230924
667	5.4231810594543015
668	5.865425682355029
669	5.349619071608266
670	5.884239513237305
671	6.60794868878491
672	5.605789230665718
673	6.657086273904757
674	5.836327702466709
675	5.309827817542675
676	6.2935083699897705
677	5.827548425104136
678	6.305916332807909
679	5.420852028690279
680	6.226456624311943
681	6.017275049016462
682	5.131458632141022
683	4.720543434447609
684	6.493268188354559
685	7.018422949848519
686	6.930319320997417
687	4.557452826478626
688	5.090080378302706
689	5.158919602414244
690	6.050894617378204
691	6.0295967136044055
692	5.026712520469335
693	5.576324280751869
694	6.415344141471131
695	7.339864069293253
696	6.714265079673
697	7.050362743183916
698	5.074451929029158
699	5.35365088123565
700	6.293816149467602
701	6.044893715795214
702	5.10173052888192
703	6.641871317132862
704	6.187523171144177
705	5.977750763078802
706	5.2009214528210075
707	6.456559926861276
708	5.968565726254989
709	5.941711866101039
710	5.245550549215766
711	5.625496593383631
712	5.481149595310192
713	6.314771031362894
714	5.448532948392983
715	6.765069615219117
716	5.679180268057328
717	6.12317426698116
718	4.529299201155525
719	5.2607109894832735
720	7.351713849385058
721	5.089351784591729
722	5.905550491318406
723	7.474391406244831
724	5.970780144759024
725	6.532231651584152
726	5.340530998447273
727	6.264895784419163
728	6.847782372830394
729	5.525299212735263
730	6.101446214181264
731	7.866515741395276
732	5.229479738433535
733	5.3679178575044855
734	6.040623412691747
735	6.582114304573042
736	5.600183236366138
737	5.60626305064893
738	5.914557017590851
739	5.304186771690313
740	5.701245080489158
741	6.412499421290122
742	6.351178698200134
743	6.630388566861203
744	6.0073811871655005
745	6.166761158161204
746	6.724743987931611
747	5.480746677738526
748	6.646375602734042
749	5.327218172048513
750	6.1508279066165965
751	6.130383295980706
752	5.721905025762446
753	6.559550104069612
754	5.540935571162174
755	6.2072889954222115
756	5.997937015976514
757	6.560467131940338
758	7.281924477212173
759	5.579151744493283
760	6.2222105500113685
761	6.426855458426871
762	5.30004587494667
763	6.282375098771548
764	5.694545349736205
765	6.260173231119379
766	7.510911228433251
767	6.792568719009464
768	5.316646195922254
769	5.463198366421765
770	6.264737007891639
771	6.546660869593986
772	5.877955222597977
773	5.526033654019399
774	6.740520307555839
775	6.855676433090896
776	6.008240247711314
777	5.003791638566846
778	5.84518759227508
779	4.5343395516392775
780	4.805459507016672
781	5.230220422501831
782	5.538750499035232
783	7.130882358316078
784	6.492952388129197
785	6.09263071963834
786	5.679903896697062
787	5.55919275234434
788	7.206978537219887
789	5.4958175626866845
790	6.45338893712162
791	5.888202179622992
792	5.934836099178938
793	6.338778258034533
794	5.942363756769336
795	6.1576147601839955
796	6.952533594997173
797	5.979581977701746
798	5.703076171102644
799	6.31723007156048
800	5.380796817935161
801	5.903475359050472
802	6.811410385258072
803	6.001717787551267
804	5.490392571620067
805	5.882318369410415
806	5.8963764453761875
807	6.523701942386106
808	6.063745988576557
809	6.281793849704217
810	5.923027083243748
811	6.543628881806328
812	4.515737216015203
813	5.208269622198052
814	6.415191565488035
815	5.791422616690397
816	5.384910317033676
817	5.836957639620071
818	5.030396496370668
819	6.900041860120837
820	4.491527212054158
821	6.287293602045303
822	6.052355736186395
823	5.724664941953961
824	7.069798874813132
825	6.333529518230352
826	6.539147685703436
827	4.800160534760485
828	5.472905903350329
829	7.865560299501969
830	5.967896983360073
831	5.839009289923326
832	5.15236098546555
833	5.74498204358811
834	5.7391925995291855
835	5.588397525922946
836	6.063211396923694
837	5.845271954966638
838	5.637264351341098
839	5.666406232420391
840	5.827983368436848
841	6.453982235616422
842	5.869204198836814
843	5.243927190785245
844	6.006457643859903
845	5.771438189246692
846	6.460058989695325
847	5.808829906051979
848	5.241809994537934
849	5.653099376332565
850	5.58091758838586
851	5.552352731883399
852	5.763133333855015
853	4.9158056094859015
854	6.420098477060458
855	5.373459037837827
856	4.025741793226916
857	7.7706220587549195
858	6.29541630845736
859	5.133437852713872
860	6.173567962347685
861	6.364382307875591
862	6.13568440426348
863	5.603033786695007
864	5.82270073923494
865	6.434437303217627
866	5.5625526998240575
867	6.258888157763674
868	6.178963787296949
869	5.794197794799086
870	4.194835281982087
871	6.929560469320594
872	5.6135472091596705
873	7.065027478854807
874	5.919055140378919
875	7.0373546805232765
876	5.519991621015254
877	5.735743341914548
878	5.045859230897174
879	6.899567997109526
880	6.319996949178977
881	6.021328115066151
882	6.303752679287249
883	5.903521226565844
884	6.043434984399937
885	5.850030144409242
886	6.188720846292563
887	5.820727450370144
888	5.939360634159619
889	6.125663536320314
890	7.5083370478218425
891	5.4063645659000885
892	5.485757255273011
893	5.016757578839763
894	5.890914598241745
895	6.339457663903224
896	6.409571878130506
897	5.6745407742352905
898	5.836321045452243
899	7.260629965002527
900	6.91628864604891
901	5.13575983105693
902	6.464512260075515
903	5.090659543419154
904	5.8592241273189964
905	5.6754697405144965
906	6.375498550987686
907	6.130924356195869
908	6.419122786937246
909	7.481106286609164
910	6.159124168578447
911	6.185666726537697
912	5.449532969009495
913	5.121864580200054
914	5.672794176662779
915	6.816657711304008
916	6.685961501805154
917	7.603776330438753
918	6.752787674708967
919	5.21344479752394
920	5.360056339233415
921	5.68479552113318
922	5.495814282280792
923	5.367067030484221
924	5.560823678092372
925	5.544316602786156
926	6.532387416248887
927	6.709468513552565
928	6.44282080542656
929	5.346178330496927
930	6.163875927866977
931	6.035311805925125
932	6.741336384859017
933	6.47627631330397
934	5.254163239655706
935	7.611412313999608
936	6.377580306811622
937	5.233512584059297
938	4.976354838829138
939	6.355926678123608
940	6.43475768416621
941	5.642981916250985
942	6.013849981980206
943	4.240253023668437
944	6.05173825008723
945	6.156846659495495
946	5.324822132962894
947	6.496030392430839
948	4.904830559172357
949	6.183122243888927
950	6.016022267219935
951	5.421011135476874
952	5.45226342922441
953	5.238449197159046
954	5.171890413330402
955	4.623798055917416
956	7.092631752916182
957	5.473883593699429
958	6.923563862219453
959	5.314682000980931
960	6.5880477965846165
961	6.8720301122777165
962	6.1061422581924125
963	5.212721089242093
964	6.888573479416664
965	5.660909526931521
966	5.129190301337718
967	6.324855044847355
968	6.417117546016181
969	6.193953938592275
970	5.964765592407354
971	5.295298959393139
972	6.373803474381566
973	6.1157339498808145
974	7.585520169546793
975	5.707545582078518
976	6.034463847638108
977	6.102909398692039
978	6.885247735980604
979	6.213339865947741
980	5.889601425805058
981	6.400914109469501
982	5.5942805096523704
983	6.338795145275071
984	6.584073915159227
985	6.0934149138417775
986	5.7936110840722295
987	5.50511118842234
988	6.084140178349723
989	5.767976867100224
990	3.7389474247604433
991	7.135169995593605
992	6.279977851066118
993	6.0229370912056766
994	5.683454452932347
995	6.4030056723304805
996	5.986003771059173
997	7.337045956299537
998	5.67949695547092
999	5.632961097930092
1000	5.758363850992352
1001	5.532991712339464
1002	5.915605412298729
1003	6.1310779746389015
1004	5.407691484615498
1005	7.006273833043115
1006	6.035236054038251
1007	5.454291468575214
1008	6.129294722172199
1009	6.921516977332751
1010	5.792900695902063
1011	6.6740977213912025
1012	4.8197415453272265
1013	6.3114532505809935
1014	5.877408447895302
1015	6.544562055242502
1016	5.205838696332648
1017	7.00656929771092
1018	5.5758519874458825
1019	5.737072823163881
1020	6.867578342410169
1021	7.286143441709852
1022	6.469910740347889
1023	5.485267873137043
1024	6.175004460033961
1025	5.9607316951464435
1026	5.422147291841351
1027	5.685096019425576
1028	5.474486763253808
1029	7.8990513909375295
1030	6.58731583986176
1031	5.400700895814225
1032	5.4376117623267834
1033	5.548685189600712
1034	6.9330177441075005
1035	5.780741844169699
1036	6.144964173153442
1037	5.499333127904683
1038	6.185678161455629
1039	6.093829071664784
1040	7.216703090239951
1041	5.7800517364637924
1042	6.740222547179217
1043	5.236784923879895
1044	5.611947260070592
1045	6.003202225775637
1046	5.807583693348404
1047	5.158094326585629
1048	5.782983478106972
1049	6.403024784278717
1050	7.310769859434071
1051	5.745779598373561
1052	5.836271016725472
1053	6.3048140683455305
1054	5.662010541429151
1055	5.431820194561234
1056	5.9076892430072325
1057	5.454718723025342
1058	4.974565114319215
1059	6.638046436606803
1060	6.47616055868275
1061	5.654943721984247
1062	6.074316092848312
1063	6.860514031769708
1064	6.222894535270623
1065	5.725517618347935
1066	6.248081769153941
1067	5.687846134352084
1068	6.038679742381316
1069	4.702695385234333
1070	5.8618681906743655
1071	5.928951574675739
1072	6.023746281228959
1073	5.216516426039072
1074	6.443873184895062
1075	6.721748662168944
1076	6.131226728588124
1077	4.71911825207062
1078	5.980820882798138
1079	5.483685615152353
1080	6.140257637240991
1081	5.747970805024071
1082	5.309935094484978
1083	5.826830124765236
1084	5.0437796186214605
1085	6.28385105288388
1086	6.579977735877037
1087	6.171470332097008
1088	7.3732621469701245
1089	5.838789604031122
1090	5.634384584920814
1091	6.335202676383778
1092	5.693533348375121
1093	6.908352422707069
1094	6.193686542186984
1095	6.393216731337209
1096	6.8238462376785245
1097	6.162137021257712
1098	6.840373966566403
1099	6.53930666056626
1100	5.979977591653113
1101	5.81362252430059
1102	6.372479805918901
1103	5.149407044611872
1104	7.174702176756303
1105	5.654683996121296
1106	5.585722720447498
1107	6.502635613701346
1108	5.624260034536322
1109	5.994669550355818
1110	6.019993155390363
1111	6.852934331644238
1112	4.535981896876668
1113	7.108991180984852
1114	5.688593704127318
1115	5.849626778180457
1116	5.359487540649504
1117	6.367331083550548
1118	5.853612852721092
1119	5.945337033756501
1120	5.146679915688847
1121	7.193969748890959
1122	5.899347135812665
1123	6.266762041635811
1124	5.517780837316352
1125	7.0314692952246824
1126	5.943327485948153
1127	5.688828194725581
1128	5.241971391101833
1129	5.2419747330290685
1130	5.67174783074297
1131	4.96371209920384
1132	4.731381580334805
1133	6.46658607166157
1134	5.663053103201535
1135	4.4841386216800085
1136	5.0044332904692155
1137	5.781030841115862
1138	5.967442580627213
1139	6.010733281844296
1140	6.075947237079076
1141	7.257166128482341
1142	5.036291528045415
1143	6.658160266699269
1144	7.019502388424766
1145	5.180918653612025
1146	6.864989732037825
1147	5.393740600654855
1148	6.675470730822001
1149	7.242768869787875
1150	7.1895914450158465
1151	6.880865308810913
1152	5.737947070217856
1153	6.011238363539715
1154	6.103384123752928
1155	5.829301752041404
1156	5.90738608777523
1157	5.610394104383886
1158	5.25451411112127
1159	6.851189828515353
1160	7.020322189791701
1161	6.471242997551929
1162	6.021356824660101
1163	5.702773442070576
1164	6.881236326675862
1165	5.53249917752553
1166	6.778460466211824
1167	6.405902156628491
1168	6.4121497401054235
1169	6.009206778327511
1170	6.631142539357825
1171	5.942259304682483
1172	6.41284152608132
1173	5.841453484926288
1174	5.816429364982815
1175	5.743282543972046
1176	6.7608917255836
1177	4.6560880494459225
1178	5.729697209347607
1179	6.197837315163472
1180	6.811441432279084
1181	6.382554366240381
1182	5.84996192501257
1183	4.976393142003669
1184	5.669640368016969
1185	6.015083942998899
1186	6.014772041255365
1187	5.933635792625137
1188	5.340040606635046
1189	4.742410430779935
1190	5.340816696312417
1191	5.536798421678173
1192	5.02718236916901
1193	5.260383400799973
1194	5.662517216032077
1195	6.68182808375391
1196	5.395667042318647
1197	6.654464765378323
1198	5.634875691243603
1199	6.130338816139847
1200	7.21023235488683
1201	5.363921057060361
1202	5.693452102822873
1203	6.894552685540273
1204	4.989394377765206
1205	6.10569146924707
1206	6.559332580478103
1207	6.383773915457392
1208	5.909642107952903
1209	5.615265787255181
1210	5.775512447866101
1211	6.646919457186013
1212	6.009443156259215
1213	4.718221626379282
1214	5.359278826294467
1215	5.989374560303986
1216	6.33067345625238
1217	5.567937370998641
1218	5.71993570746219
1219	5.065107366691033
1220	5.989051222123883
1221	7.015496155750006
1222	5.910190310298829
1223	6.5464642060276885
1224	7.2402400058668315
1225	5.651569425660584
1226	5.869545090738136
1227	6.102877460410008
1228	6.1600227094275635
1229	6.393714757841081
1230	5.069512650328265
1231	5.400150577113142
1232	6.42204218627611
1233	7.805037812918033
1234	6.364242434152402
1235	6.929208802672005
1236	5.511747065080272
1237	5.924746406811755
1238	6.855872071027989
1239	6.60740417670015
1240	5.783874218640849
1241	5.52681140893286
1242	4.742499615510249
1243	5.515810824697837
1244	5.403276977612852
1245	5.606547865085304
1246	4.055295740082664
1247	5.8311287365946916
1248	6.353613412652451
1249	5.472182219227155
1250	5.8879516154993325
1251	5.846412386115202
1252	4.606741170919988
1253	6.782436416116788
1254	6.043877683250078
1255	6.2550341345714005
1256	6.079382448732345
1257	6.790984142298714
1258	6.37025191297289
1259	7.2624545559287075
1260	6.225806519768581
1261	5.044650366568628
1262	5.536942274764269
1263	5.907885529058562
1264	5.497346777714005
1265	6.141188416141086
1266	5.627803969701442
1267	6.464774795613873
1268	5.986173640746899
1269	5.2112204995196825
1270	6.0069870768865155
1271	5.769384654381105
1272	6.070253308322704
1273	4.806611660334359
1274	5.926594530599878
1275	5.510241926764138
1276	6.545485957711935
1277	5.170117811344209
1278	6.108279468160338
1279	5.7441709978103805
1280	5.961776189517695
1281	5.513745816122672
1282	7.092804771094095
1283	5.222590134125203
1284	4.726483946475624
1285	5.991868280816231
1286	6.0458328784221695
1287	5.6910952109028585
1288	6.414498737193644
1289	6.232609031395986
1290	6.047712144098201
1291	7.028734333330898
1292	6.690947616534111
1293	6.040009803557768
1294	5.045458166586125
1295	6.273885902261273
1296	6.659595348594639
1297	5.926180130897967
1298	6.0819100169982345
1299	6.888267469107329
1300	5.297962295985781
1301	6.257490531066044
1302	5.332212534541374
1303	5.764418383430758
1304	6.880564731429331
1305	5.881472619250417
1306	5.512884233875767
1307	5.929887060648373
1308	7.114761846104207
1309	5.528266896003986
1310	4.3356960927369075
1311	6.808913307646289
1312	5.830700582421671
1313	6.466518879351813
1314	5.3304771691327915
1315	6.439850586099335
1316	5.200743965006301
1317	7.324179286084307
1318	5.5369235153507015
1319	6.0101505221402345
1320	5.343420794699341
1321	5.543246992460738
1322	6.666336872819811
1323	5.906742582596572
1324	4.976041301311925
1325	5.90391156105842
1326	4.958420792179506
1327	6.83411079747814
1328	5.72410420882183
1329	6.43576557448079
1330	5.446651425778067
1331	7.092072828726557
1332	5.303606826361389
1333	4.974361900321673
1334	7.270474729460797
1335	5.78214014653797
1336	5.605798020584708
1337	6.525869683893397
1338	6.27552322364257
1339	5.6004780102153555
1340	6.4233556057468215
1341	6.169484637575224
1342	5.978733257181011
1343	5.222152942366412
1344	6.370269290740705
1345	6.645221771029756
1346	7.161398759538618
1347	6.150557294361836
1348	6.007913215606309
1349	7.021286810057548
1350	5.651386450510472
1351	5.08091612402091
1352	6.257384852359169
1353	6.038347163533961
1354	5.811569367201351
1355	7.004621303002552
1356	5.963901185418945
1357	5.509489770438522
1358	5.461309139185619
1359	6.353569497112543
1360	6.435013942342873
1361	4.078171692416072
1362	6.376200929474593
1363	7.155767802879299
1364	5.445047392721542
1365	6.501182297155117
1366	6.736917943356093
1367	6.159798387505968
1368	5.4022426475686105
1369	6.590053982436657
1370	5.708434215783583
1371	5.75761178383519
1372	5.082649031833101
1373	5.231722511550678
1374	6.302690275487423
1375	6.074242580548993
1376	6.61484223036298
1377	6.652667903036882
1378	5.469580965042538
1379	6.896140699658694
1380	6.269481877068756
1381	6.3973525810288265
1382	6.0917919787303125
1383	5.791932976416622
1384	6.2807553894688475
1385	5.7685328076898665
1386	6.755625663242037
1387	6.673204148145117
1388	6.334788775736732
1389	6.939724290809993
1390	6.125162780603492
1391	6.063109136084095
1392	4.8572698158455925
1393	6.073196795818053
1394	7.55761219256868
1395	7.012836518758179
1396	6.812020073955257
1397	5.672169684506953
1398	6.3652371284014615
1399	6.197913369083276
1400	4.316580040298868
1401	5.562481931728226
1402	6.281415049300994
1403	6.7490925382977975
1404	5.917689766295047
1405	5.83005416895529
1406	5.352818611392285
1407	6.423804153878749
1408	5.320237632887438
1409	6.674819259128223
1410	7.173852477836507
1411	4.903302542949942
1412	6.161854201220666
1413	6.949037648892651
1414	5.924806734090671
1415	6.654382678071181
1416	6.049724569482925
1417	6.052510628148659
1418	5.011393970565405
1419	5.367268112288522
1420	5.740536955068819
1421	6.608588263850599
1422	7.15003911301028
1423	5.611970433462411
1424	6.509335740728097
1425	6.350248492995484
1426	5.423609522048776
1427	5.834446959734823
1428	6.326911120801621
1429	6.2117365485576626
1430	5.218857413845729
1431	5.815584076708182
1432	6.33087590392679
1433	6.584307453558339
1434	4.2346185021187095
1435	7.429791760736737
1436	6.718466228907346
1437	6.600611770536662
1438	5.752647609494698
1439	7.460515640179316
1440	5.341392937603152
1441	6.781093294793011
1442	5.5180811406538375
1443	6.304195419868587
1444	4.902247292232157
1445	4.871509069770885
1446	4.703524290351197
1447	6.59852712159045
1448	5.52111792546697
1449	6.737682657440503
1450	6.19614795910235
1451	4.981599476048723
1452	5.367666634464903
1453	7.225289880595584
1454	5.63549766750657
1455	6.446647245630932
1456	6.113031274350804
1457	7.459580722095614
1458	6.171122084085999
1459	6.102701884514483
1460	6.560358230892399
1461	6.786238519600981
1462	8.71509535125612
1463	5.862041845030035
1464	6.011511043235216
1465	5.224814453659664
1466	6.645882685314864
1467	6.088549246027304
1468	4.394706923969682
1469	6.043686319874333
1470	6.602298108363439
1471	7.205769489959089
1472	6.203617502569354
1473	6.424642813385136
1474	5.63313603887024
1475	5.482875465784066
1476	6.594185312069021
1477	5.606684384681285
1478	6.765776416071906
1479	6.425256753161263
1480	5.590231790220262
1481	5.297768434212575
1482	6.7303959584575805
1483	5.46871383395046
1484	7.340663134914146
1485	5.768776195254759
1486	6.331054330750879
1487	6.042612199106121
1488	7.060441891914234
1489	6.219381913797752
1490	4.931306739151478
1491	4.238288559324037
1492	6.427645753519609
1493	6.592580959379959
1494	5.277636592209872
1495	6.520428022624747
1496	5.49983981436817
1497	6.7079465398564935
1498	5.98579272646748
1499	5.409166642024906
1500	6.3587044669159996
1501	5.411993569529538
1502	6.186874214004582
1503	5.717644712786811
1504	6.1883457525400445
1505	5.423806539757854
1506	5.509474710406114
1507	5.984942822251469
1508	6.673647658736445
1509	7.245492989867926
1510	5.920257019719833
1511	6.430191889896782
1512	6.028098481844856
1513	6.942440928202933
1514	6.239317718030446
1515	6.111383148617196
1516	6.04531271217734
1517	6.528473272602159
1518	5.020107384333387
1519	5.390153542626649
1520	5.791727614365518
1521	5.589889050917312
1522	7.223896592768142
1523	5.990558601641918
1524	5.400225667198273
1525	6.795819560835998
1526	6.532435641994446
1527	6.464098472079701
1528	5.792615744735425
1529	6.396598062224009
1530	5.55761979738335
1531	6.632029550064257
1532	6.692594346225572
1533	6.993966168219534
1534	6.609332125914958
1535	6.311398554127663
1536	6.997687649613779
1537	4.847352946037427
1538	5.223395983017981
1539	6.469535270697196
1540	5.141259704152809
1541	4.94792350134646
1542	5.697271908023616
1543	6.063245617107234
1544	7.01979345491156
1545	4.728280306108193
1546	6.17309851747436
1547	5.4330305272566255
1548	6.019251930012711
1549	5.778852558060963
1550	6.815945388995008
1551	6.022670837289367
1552	6.45325135840297
1553	6.134360232401047
1554	4.998533223429694
1555	5.698953380606448
1556	5.941582570516038
1557	6.204021016858812
1558	5.399555294386421
1559	5.075832217242569
1560	5.571886758191575
1561	5.801472655557855
1562	5.7537974885106085
1563	6.104786115516301
1564	4.611665356516217
1565	5.660984951956197
1566	5.215302596334368
1567	6.772477006918052
1568	6.027463371757991
1569	6.535207945955917
1570	6.278814725927077
1571	7.135324457300488
1572	6.206510305364171
1573	7.236332695565319
1574	5.732421952812001
1575	5.519586224726831
1576	6.215157150614282
1577	7.186908382633701
1578	5.262036511829744
1579	6.3071726342896
1580	5.026498055929551
1581	6.7410106954113065
1582	5.76110485249332
1583	6.05190682481043
1584	6.373463940540595
1585	7.450303695608108
1586	6.7037317930194344
1587	5.771043068448004
1588	5.83245123418048
1589	5.88610232649776
1590	7.0175292168768415
1591	6.6411202246944105
1592	6.516101689028897
1593	6.106169301725458
1594	5.837476011472366
1595	5.834563839627663
1596	6.188712956201609
1597	6.695449917453944
1598	6.039298360828649
1599	6.120827948050573
1600	5.633019192088074
1601	5.415236078047504
1602	6.385547913858788
1603	6.5554912442651885
1604	4.620411205399585
1605	4.921279318374582
1606	5.705715073183562
1607	5.973137530175825
1608	5.849247766921864
1609	6.005531505938491
1610	6.8178007518540005
1611	5.593283823409461
1612	6.820774001473757
1613	6.172236658614845
1614	6.859383333668423
1615	6.413056008728041
1616	5.57236541833152
1617	6.23526424204465
1618	5.940307237525386
1619	4.661789057998579
1620	6.0361677710792385
1621	6.530728675350971
1622	6.032294383695073
1623	5.63485407411085
1624	6.602387949630308
1625	4.879360965168518
1626	5.892454707335371
1627	5.48642213918957
1628	6.354461286191104
1629	4.931070506747346
1630	7.008847530020158
1631	5.147991742801175
1632	5.722915461823425
1633	6.200360954611097
1634	6.02221387909429
1635	6.426158091235582
1636	5.54864070462645
1637	6.103091391028259
1638	5.49533455276217
1639	5.936179451659942
1640	5.734653880538342
1641	6.416455422252924
1642	6.28458752567249
1643	5.9891487533254
1644	5.8880878189153485
1645	5.179275437406349
1646	5.312164587908997
1647	5.792640541817739
1648	5.4636002802370305
1649	5.874525306883945
1650	5.8567365873816675
1651	4.404688658511364
1652	5.236458595537652
1653	6.726668138932116
1654	5.371257837845145
1655	5.626426466534702
1656	6.077757312906518
1657	5.645793725332049
1658	5.273356033023447
1659	5.501182775681271
1660	6.440300339216585
1661	6.052148732731843
1662	5.665527423908934
1663	6.153219538092214
1664	6.013651085541245
1665	6.196260607281986
1666	5.2339780908595355
1667	5.298370564149486
1668	5.18765334202908
1669	5.183586635083581
1670	6.157962180208415
1671	5.166906445388399
1672	6.906121124349096
1673	6.463137485675842
1674	6.494817911321297
1675	6.845772376545938
1676	7.45521664550655
1677	6.499717854739477
1678	5.199550395184714
1679	6.849810868844061
1680	5.931761552796474
1681	5.725869849576459
1682	6.129340490021814
1683	5.724009432966875
1684	6.259109774767421
1685	5.151742824129402
1686	4.983828062812488
1687	5.139598249154084
1688	5.878318525213019
1689	5.247985798813817
1690	6.296413906291127
1691	6.126854532484517
1692	6.3044659063711554
1693	6.131679961726499
1694	5.34642015278223
1695	5.596612953416565
1696	6.529218818285261
1697	4.794795994595107
1698	5.079936281418971
1699	6.355161025905982
1700	5.64639431975015
1701	6.366661940740111
1702	5.935753045906313
1703	6.128528679831345
1704	5.92292326202273
1705	5.629600268526701
1706	4.743498141964665
1707	5.5920108162875595
1708	6.159704067690584
1709	6.12801078078337
1710	6.028111639487393
1711	6.319880036372607
1712	7.9301139722533875
1713	5.399205337325111
1714	5.1489151378416205
1715	5.500650901910073
1716	7.019282178021967
1717	6.603029254582469
1718	6.029248423292302
1719	4.789013032093256
1720	6.038719758573595
1721	5.690178900677711
1722	6.728944572217932
1723	5.395330735903162
1724	5.618902055295901
1725	5.770110682296079
1726	5.464436764160738
1727	5.597274895446996
1728	6.845677891455125
1729	6.694854448196189
1730	6.109693163371613
1731	6.608667619759217
1732	6.490062839650948
1733	5.186541803646833
1734	6.666077541727149
1735	5.2327215790080475
1736	4.853175884694792
1737	5.037417609665898
1738	6.052586655162842
1739	6.156145471775044
1740	5.933245543929699
1741	3.521707121831631
1742	5.890328330994254
1743	6.354035916132853
1744	6.712548609714888
1745	5.121406757143429
1746	6.540383182174992
1747	6.918735546790148
1748	6.577898272725923
1749	5.856945934663103
1750	5.62696546134539
1751	4.856326321688747
1752	6.23780684052257
1753	6.1863662008661775
1754	5.402459990559146
1755	5.681012257085448
1756	6.178091923947379
1757	6.026071248808876
1758	5.40491526365513
1759	6.29328052373603
1760	5.073926075881061
1761	7.9674955313537446
1762	7.044370884198304
1763	7.01452262497507
1764	5.711121680999272
1765	5.954116531352823
1766	4.8269499257876305
1767	6.158233122744908
1768	5.595713304249909
1769	4.668930568443611
1770	6.599515260671507
1771	6.072279028345032
1772	6.372648920837997
1773	5.718016341373396
1774	6.389511874055882
1775	5.700014420310035
1776	6.725738421051452
1777	5.616124254297465
1778	5.546651834659278
1779	6.4739811504518405
1780	6.804946483334615
1781	6.737445986819575
1782	5.370331086386512
1783	6.873973617831675
1784	5.820946098528802
1785	7.445061661545576
1786	6.373809166640664
1787	6.884635874168261
1788	5.886372574027628
1789	5.764509023732638
1790	6.60532868495846
1791	6.363132812730644
1792	6.166230754485648
1793	6.288616330773082
1794	5.613963338546455
1795	6.7277947267740155
1796	5.394037219540526
1797	5.086829249244674
1798	5.816932933217483
1799	6.354342754834386
1800	6.504802409289405
1801	5.656799811140998
1802	5.5939324104570245
1803	6.006304809973309
1804	6.957308907203538
1805	5.460544488269507
1806	4.81338210165797
1807	7.311443751573498
1808	5.598072333072196
1809	4.9487752508372065
1810	7.221621636254713
1811	5.184881943304879
1812	5.821997013428937
1813	5.642559294229034
1814	5.3367173764219675
1815	4.490804019911018
1816	6.471374738459977
1817	6.239253283082507
1818	6.145226062029703
1819	5.970631562426741
1820	4.974797937259274
1821	5.725574688435617
1822	5.617279300931841
1823	6.269866427173838
1824	5.687718476996654
1825	4.970387652548115
1826	5.887365903239697
1827	6.615256275910803
1828	7.322502069114505
1829	7.104176827309215
1830	5.5916155324386505
1831	5.8619936758504165
1832	5.943881751608569
1833	5.505379657763988
1834	6.518069948792752
1835	6.361097888628903
1836	5.1161133269003285
1837	4.692159431351518
1838	6.510879829831036
1839	5.6968401211779565
1840	6.4202340599498715
1841	4.89249364247856
1842	6.223677618429065
1843	4.002613456686959
1844	5.96581190467752
1845	6.431254031245286
1846	5.492407326362337
1847	6.807111248975464
1848	5.964943726726977
1849	4.424221090287627
1850	6.651223404940942
1851	5.823869708133861
1852	6.084146558098789
1853	6.660549361163889
1854	6.281924574682489
1855	5.259324273817535
1856	5.71348660606546
1857	5.899516927141866
1858	6.196564718257063
1859	5.912597263985801
1860	6.218654192518443
1861	7.098451901288507
1862	6.195059286747128
1863	5.676110743942748
1864	7.517832240387797
1865	5.927347351208721
1866	6.016540938788759
1867	5.98530965020387
1868	4.530694975769148
1869	5.488780737879049
1870	6.3313621615991
1871	5.311081946315244
1872	6.088156135160137
1873	5.557396832906472
1874	5.45463515823293
1875	6.76147953208879
1876	6.408081238537929
1877	5.2085121244084664
1878	5.644473230561496
1879	5.6903265593961505
1880	5.791220616299792
1881	7.03211560950655
1882	5.537132354421091
1883	6.79286182166722
1884	6.786694573220582
1885	5.91152698520778
1886	6.045655103726313
1887	6.594128591669723
1888	6.089323139067607
1889	5.5072560579422865
1890	5.642212825778284
1891	6.062015772797167
1892	6.556533590998567
1893	6.830982620711438
1894	7.043449897211618
1895	5.5564590318438905
1896	6.111819750301286
1897	5.319832794950344
1898	5.906368452906609
1899	5.3581878151855475
1900	5.210072342860734
1901	5.65302615526461
1902	5.6314274032053575
1903	5.682340923622674
1904	6.137206320772353
1905	5.7587256150391815
1906	6.8486041637564385
1907	6.816882457258179
1908	5.370741320517846
1909	5.25958969647457
1910	5.596270607637793
1911	4.434866376835853
1912	6.672468321464423
1913	5.966041607289192
1914	6.072570748884963
1915	7.815663248424729
1916	5.818537490786097
1917	6.005548529997468
1918	7.049275019338044
1919	6.5044657625141555
1920	5.4654468092205075
1921	5.36701168531552
1922	6.964660307444218
1923	5.841305398176807
1924	5.93467225833727
1925	5.47983665108824
1926	5.260928347499834
1927	5.4899339390962965
1928	6.6198186827549605
1929	6.657002816715723
1930	5.108738011775793
1931	7.4423428938607685
1932	5.7500768797198205
1933	5.952867926827268
1934	5.573598301423212
1935	6.445058080088347
1936	5.961530818464235
1937	5.947256039274086
1938	5.511678772660988
1939	6.107105169393536
1940	5.379629406822665
1941	5.827954284633354
1942	5.57468867195504
1943	5.724889305898135
1944	4.952921440390955
1945	6.196093455940071
1946	6.11808739564623
1947	6.914223570299025
1948	6.778837248571217
1949	5.640646940433523
1950	5.451805409684312
1951	6.078190504395891
1952	6.44667264793123
1953	6.152693496318534
1954	6.114829210478715
1955	6.766080300757577
1956	6.554577695965571
1957	6.97101253804396
1958	6.483848331715254
1959	6.994094515833157
1960	6.371178760041053
1961	6.6969264157386
1962	6.327617596462369
1963	5.395334209732123
1964	5.432359729538132
1965	5.319093331907188
1966	6.558767965447624
1967	5.410806487323358
1968	5.101701370207593
1969	5.584528042558724
1970	6.521364703700927
1971	6.285490473891658
1972	6.417310065378181
1973	5.713078699074686
1974	6.0934081168379635
1975	6.185434909041404
1976	6.360762324184179
1977	6.400478236153722
1978	5.912982004523898
1979	6.334380052959252
1980	5.82843639309518
1981	5.60525851633149
1982	6.519432711672332
1983	4.700517086312175
1984	6.83746704468676
1985	7.091901173058432
1986	6.553468102208959
1987	6.145074095066992
1988	4.671645033121523
1989	5.41260812957383
1990	6.0536173940953715
1991	5.957796309033737
1992	6.045089835019194
1993	6.1438465460389855
1994	5.952413476918909
1995	6.176611658198656
1996	4.730299213901162
1997	5.787459618972869
1998	6.1582250218000265
1999	5.43543387503596
2000	7.0218805785656775
2001	7.182991676870733
2002	4.841144434775093
2003	5.809871053529116
2004	5.721022093635319
