6	16.005895648302715
7	21.54992834766164
8	18.391280042413765
9	17.686271801742716
10	19.414801325725946
11	27.60047607594916
12	24.308430876711
13	22.535415823771114
14	19.267392746276037
15	23.912504891256315
16	17.629146909498324
17	18.873094529323122
18	20.0334279317714
19	16.08574412497508
20	22.373756521501036
21	20.72385722512482
22	22.098992081695133
23	16.523080821018297
24	20.296602297191335
25	18.781646650137215
26	21.930858297859743
27	21.958273134175695
28	22.096052145397802
29	27.590881866563723
30	21.496984702890618
31	25.82215616029763
32	26.34657465262999
33	23.762030106248627
34	22.744404781794675
35	18.10907365686591
36	23.063846008848948
37	17.39512060742501
38	20.446498940920243
39	18.29995544724692
40	25.90339819473236
41	18.797115934606055
42	18.75117013913278
43	17.450839084146445
44	19.095469157566466
45	23.897354730368125
46	20.062326567111658
47	18.655814220243535
48	18.998527547046578
49	18.05408865715678
50	24.789568086868222
51	21.242634481989235
52	18.936897976291462
53	20.297401808616428
54	32.90640156618877
55	18.71737406487419
56	22.26825350201923
57	24.507854331207252
58	21.26844369706244
59	21.88415524808115
60	20.938163100797077
61	27.261354076218346
62	23.33456517297727
63	20.23260803300036
64	25.162829007300324
65	24.832420936228385
66	22.76695353819731
67	23.762344153884605
68	18.449754083077735
69	18.495968804226845
70	25.128171355919985
71	19.26891104697742
72	23.560814414821152
73	22.36510941483367
74	21.630419655158814
75	21.59225801466652
76	20.64153200515115
77	21.27750331026417
78	21.990828722638113
79	23.81654269273814
80	18.62024801421226
81	18.994791192699395
82	21.06912190929922
83	18.163331003704506
84	26.252058766164737
85	17.663699954058277
86	21.188352531999247
87	20.714853174398186
88	19.327145956920504
89	20.324790700715404
90	22.812420130000895
91	22.690181432065177
92	20.43525928334081
93	24.086562024444788
94	19.965568064570107
95	17.46332184091374
96	20.889720853741117
97	19.07849699424265
98	21.7551880211993
99	20.69475895162813
100	21.318276338620432
101	25.356543643733648
102	22.219934752691398
103	21.132195748644026
104	22.002072295172365
105	17.935433757857094
106	19.796863061426336
107	22.029504062387392
108	20.89517702037192
109	21.408738347739046
110	19.429588888904064
111	20.22637202671126
112	35.19470119724451
113	18.239330594317508
114	21.258907586397346
115	20.369878097311467
116	36.42633182662322
117	20.20036028442138
118	20.28303298518568
119	26.123375418557632
120	20.469940763397894
121	20.00166193965955
122	24.000399295267076
123	31.236228454189202
124	21.976091481637514
125	17.396995749914616
126	23.101767289272324
127	18.000894641591003
128	19.848353669542472
129	20.938247005101683
130	17.43844086096153
131	30.830499287254902
132	22.086292448823052
133	17.68782470420446
134	24.21818514411381
135	17.822663870483666
136	18.30234666179361
137	19.72327832597866
138	21.211140408486468
139	21.672132099358823
140	23.157981012390266
141	25.429628740607814
142	20.214388444587264
143	20.315093054633955
144	21.721992281413108
145	18.046188628642184
146	19.951424945224723
147	25.11312079608518
148	20.327239789289507
149	18.026012402437896
150	19.33209898339821
151	22.64520864188972
152	18.608992997507887
153	21.32131101182378
154	19.883986872758605
155	19.012459844817357
156	23.23398844915906
157	25.875359080671842
158	22.099366555731066
159	22.678133786772776
160	22.25090343368799
161	22.562300002788483
162	19.485706219240672
163	18.65822316015357
164	24.423640620598363
165	20.818936124842452
166	28.297563133090943
167	19.857516206934474
168	22.892714678441504
169	28.56428156313792
170	18.87096896428583
171	18.50457904913346
172	23.843859689283377
173	18.68728714588471
174	22.874754914141718
175	23.84321487466314
176	21.56368516686761
177	21.689643561023644
178	20.536991429953762
179	19.645576895869453
180	22.183256108349724
181	20.690400438682044
182	20.71460380941518
183	23.335971655426658
184	18.656879067157785
185	24.90646166727047
186	18.267897068821522
187	23.499650814490742
188	20.11022030773042
189	20.248388055576168
190	23.719214318962866
191	23.643892488704942
192	23.159365663754418
193	21.781688396817184
194	26.370116861431878
195	19.45071929080471
196	19.49364687093637
197	20.484264901581017
198	19.781719411224184
199	21.939060066364306
200	21.014902919164086
201	22.229155202519017
202	18.87366213222466
203	20.257599866471505
204	19.2341838489215
205	16.52433972809866
206	23.06234494088029
207	20.977948256907613
208	21.875295682705282
209	21.78460100414321
210	19.883607654071724
211	22.195870385392872
212	25.79234910203788
213	30.14132930897904
214	23.48246328670073
215	19.762033292203373
216	20.99550472566625
217	24.27140447068803
218	19.054742371212342
219	21.21823182711296
220	19.744792170114565
221	26.155034700941226
222	29.845124604149078
223	19.669902993385882
224	19.020422604767443
225	19.23379009054307
226	21.171858684623427
227	21.407618296147387
228	17.300003584511987
229	20.22905785833589
230	20.544239291487216
231	19.088333867628265
232	16.98834766828683
233	27.945825709476985
234	21.30630653928227
235	29.356020746782324
236	20.762773523576605
237	31.151676689751913
238	22.240251735141673
239	17.955382614344693
240	21.394266880258368
241	21.15381186359897
242	20.210360976479787
243	20.75100720672423
244	20.183209233787757
245	19.417679856088796
246	29.626374275582098
247	19.5474254509866
248	25.841812477012585
249	21.305848188604074
250	22.23560193657665
251	20.13118759543951
252	24.05973047464795
253	19.12611514949104
254	27.608636521515518
255	20.52825423345948
256	17.233025480567363
257	19.302702011100095
258	22.219884523910878
259	24.92615429612436
260	18.745772780050174
261	19.38201886492403
262	31.960776779860623
263	20.512721177205094
264	20.829898222535565
265	22.67119332884691
266	21.86842142951898
267	19.321514960848287
268	21.155938735863725
269	20.686496309406184
270	20.9846245485918
271	17.097695969289976
272	25.96508873040669
273	21.76191808303277
274	22.672879014637147
275	20.962955238416644
276	27.847882683068338
277	27.24036116529056
278	22.344152532659585
279	20.146719639925774
280	19.071931386257347
281	18.256862038562723
282	24.49700031617367
283	24.61542948435838
284	20.413935717395642
285	20.318672944343028
286	19.518408823384686
287	22.705992022295458
288	19.556754982035315
289	22.75666587902815
290	20.580803594198578
291	28.049173376881747
292	21.9674774158916
293	17.680479355595136
294	24.347781761044946
295	25.35033800854949
296	18.67549379225503
297	17.400541763832074
298	23.243680968247936
299	18.834630475905243
300	18.781832866291303
301	21.692113415873006
302	20.183121037532224
303	19.769607057199355
304	21.159280155179264
305	18.186695251649372
306	21.63360988147675
307	20.65051038767924
308	23.646147675175598
309	19.113423931050747
310	21.38736946836746
311	20.634781003682292
312	20.170099655512512
313	27.929226763742918
314	19.43903509244445
315	18.98058834515146
316	28.16490071420935
317	20.458443703140546
318	22.58175233556711
319	18.925150015181092
320	24.486147039406525
321	22.857174779129966
322	20.72887599321706
323	19.902734068633954
324	22.169200212453752
325	18.43398524487387
326	23.820861861774606
327	20.51037413964003
328	20.435073087482678
329	20.915151271827003
330	20.57681232546715
331	22.476580455932783
332	20.421374860876814
333	22.664102426390265
334	22.004932880711394
335	17.98744615445203
336	21.571349840935405
337	19.961668604123947
338	29.82934396456721
339	22.208741460356972
340	18.297744014824993
341	19.55808720282997
342	19.515911817537173
343	25.789091553829
344	27.004375440027236
345	19.49588397442363
346	20.721386495695914
347	23.063950747213376
348	19.627713115850657
349	20.338309121484208
350	25.89206788552692
351	34.08308290192557
352	19.581631345622878
353	24.832051758485452
354	24.590119717351627
355	24.013512211495136
356	16.605676250073074
357	21.41008464284275
358	20.407502019141766
359	23.305278227246493
360	21.05940683136321
361	19.595174441735498
362	19.482142238201302
363	20.360467401551656
364	23.605123816983973
365	19.700084373923477
366	20.66138140073634
367	17.704305797926104
368	19.983357563418583
369	20.914795504789556
370	21.536558502584462
371	19.186412465285496
372	19.634884223982226
373	23.83265309373013
374	19.49912002039553
375	19.96950549999585
376	19.549068114916075
377	20.354142549824836
378	17.686460608655594
379	22.32504839813405
380	21.56682497956147
381	19.01173209742322
382	22.598761850404017
383	23.119135316848407
384	19.380464271791944
385	25.216789363665573
386	21.322696468254634
387	19.126582555883264
388	20.444043886438262
389	18.792085071868943
390	29.6272021674598
391	23.938051246076355
392	21.5519304583195
393	19.560775600371837
394	21.91637462330117
395	18.144890223006502
396	22.46180526062005
397	19.65318419304822
398	25.91944137872222
399	20.150144788562482
400	24.235296777110616
401	20.407431204520012
402	18.529587462399668
403	20.593792198634603
404	23.813226590113118
405	21.57335400098833
406	29.25796794475772
407	20.967837902969524
408	19.628921535753523
409	18.463907022129813
410	21.870136118924897
411	24.19504372400235
412	23.074504343390263
413	23.585276471241976
414	19.246131853957195
415	22.379194755904056
416	20.418239292906772
417	17.9431515450484
418	21.16630555087199
419	18.677331870044537
420	27.166201715167617
421	24.259333771991525
422	30.845202433861935
423	27.895530211972073
424	29.554354404591322
425	21.166684822705722
426	25.28396112695966
427	20.112990159113767
428	19.601473714774926
429	22.032286630739314
430	19.548360442039442
431	20.904848380729913
432	21.56858860264211
433	22.130298344514355
434	18.551841444146703
435	23.054811185420753
436	20.135864866916563
437	23.892651763932125
438	20.315357743578286
439	19.227168673645792
440	24.39924423271282
441	20.44229234486856
442	22.254306129270354
443	18.263159624358135
444	19.55892534435491
445	18.862708728844368
446	20.636299840260445
447	17.535017878717493
448	20.523588797048927
449	22.029454350528585
450	20.83796641581361
451	18.589479012835497
452	23.680935334602918
453	21.797389680736824
454	23.08961431040255
455	18.767382173318264
456	21.3498165153562
457	20.545206381013724
458	17.951166435622145
459	21.149346538967663
460	23.837260804921872
461	18.604069694222805
462	20.936140751645766
463	25.168028708264835
464	26.534211855494362
465	22.542178016521834
466	22.289236959481787
467	19.07857774286822
468	21.591172831678193
469	22.740771292812084
470	19.767407491009216
471	21.682582140726613
472	17.751740211822774
473	21.269284082497386
474	21.637795461606792
475	20.771633871468744
476	19.815845697911364
477	19.53361691533017
478	19.222303983238007
479	20.092581822889006
480	29.540422877022888
481	22.929480944038676
482	22.373173180015158
483	19.904777909367112
484	18.709149685934328
485	21.31466506464806
486	21.11533685911884
487	25.79802847033253
488	20.00487637023397
489	20.332038461690924
490	22.545405339080027
491	16.7694558073943
492	35.26839383139408
493	16.193124931431537
494	21.75665369662243
495	19.32776915721398
496	22.350650451336563
497	20.292395451636292
498	19.95388719480064
499	19.631899592783842
500	23.64507019098972
501	27.879387971770484
502	18.68931395060337
503	18.59135180494363
504	23.648312633062137
505	19.67820765902075
506	22.191843740280287
507	20.618673191077455
508	23.369333106516137
509	23.07831077264539
510	21.854823646693646
511	18.918743895538935
512	21.980872523491417
513	18.058761635585913
514	19.80400701015086
515	20.584511359958388
516	17.06200886448657
517	21.966550248742273
518	23.67019425894865
519	19.377672515804765
520	20.699807731000384
521	26.469877533131694
522	18.559015855790808
523	20.726932865954463
524	23.662271792302665
525	20.565872740268887
526	25.482202556015302
527	20.27446262920487
528	23.79203941923781
529	20.288695744407597
530	23.632121475357053
531	30.462656224708315
532	19.967342810842187
533	19.561500125540956
534	19.027815505749295
535	24.365495907813198
536	21.277747749076227
537	22.163071224299465
538	26.33540170713483
539	22.259690188887596
540	20.313746537299803
541	20.74977343294932
542	19.064783236332005
543	25.0373219437933
544	20.192578884384904
545	18.841617624001987
546	21.472013585844987
547	24.00431555186307
548	19.650056537462124
549	20.729266010279012
550	19.8550138267951
551	21.980502373894392
552	18.764609453076172
553	18.791631781118543
554	34.79001428293371
555	18.250984953429835
556	19.586767437763214
557	22.321069555488272
558	19.02562223894577
559	27.83399413384281
560	24.903242201101968
561	24.314270669293098
562	24.711934716328557
563	24.816913966845576
564	20.80003730073957
565	18.597479905979224
566	18.80714185070106
567	20.8673932889554
568	20.944829255841405
569	19.026747014397298
570	18.968214642463042
571	24.69036188406219
572	20.194208134490495
573	19.67241375948236
574	20.660429114267963
575	25.020337057857393
576	19.44865038520823
577	24.413642865153527
578	24.056715363808173
579	24.334850745962015
580	22.47809764741105
581	24.768372544865123
582	21.874673280476483
583	26.9379333551389
584	20.91488206676325
585	19.54619962672927
586	28.94331523830566
587	24.11111396371598
588	18.728340434693475
589	24.568537198294045
590	20.258583944822895
591	19.815369842457585
592	19.859276796407023
593	22.842332306767478
594	23.370983120814486
595	18.25257002852777
596	19.87465105614891
597	19.52242825967219
598	22.72081224668869
599	21.328578959170507
600	18.399768955514965
601	24.82907779870562
602	22.01384205401239
603	21.140694429058634
604	23.463599131334362
605	23.95831387641866
606	19.29625026065009
607	21.836612172163257
608	20.546084097583098
609	23.727039183918773
610	18.351117397268983
611	20.608375429225685
612	20.4383144494488
613	25.196036354719233
614	19.507477293129167
615	18.878334038769918
616	20.199195406399667
617	20.656879030881733
618	22.228071196954108
619	20.34413402696967
620	19.115116080777213
621	25.476533543717007
622	22.31986753395946
623	18.640101667576104
624	22.486810677128233
625	21.872025690696915
626	23.847496099630032
627	20.45246072955862
628	32.63971403430446
629	20.177501659449135
630	20.039579331968547
631	18.297421436632842
632	24.751246099355075
633	25.067988433149786
634	17.79866468362345
635	22.033992444651037
636	18.2967419046667
637	17.8086077128155
638	19.175588156384812
639	24.680367299644786
640	20.313667960286175
641	22.69459613817162
642	20.043342513233675
643	18.613504470824004
644	21.12366022898657
645	23.818238127558754
646	20.29067195566236
647	19.849094900587808
648	19.75944444209286
649	19.31490609217793
650	22.643588467785676
651	18.39697241014801
652	20.650257140364282
653	20.852833176011462
654	21.805843436064606
655	19.126162478743396
656	23.792701720437353
657	21.31709759336497
658	18.79253979621128
659	22.650656131545215
660	17.653824299959215
661	25.689237898047878
662	23.087979613388818
663	20.645871980155203
664	20.37017826831071
665	20.98126511924368
666	25.207377846719787
667	20.631783113163948
668	19.352611146223275
669	21.44174853194801
670	20.98689945109611
671	22.67449625208974
672	18.828088991158573
673	25.693000425893896
674	18.73600480338881
675	21.045257994495582
676	21.15128075989606
677	22.66153189263199
678	20.338621616976784
679	20.865472997270096
680	19.59084118757746
681	37.827005988624364
682	24.44715232210001
683	26.925497636061927
684	22.975317327192492
685	19.26896220261008
686	24.020394514043193
687	24.192492545733447
688	23.91926250865554
689	24.084103282023634
690	21.68455893789959
691	40.59179254634496
692	27.787820225419487
693	32.33594862205043
694	19.47807024651362
695	21.9862796402476
696	18.64592531558093
697	20.26710630205749
698	21.269333348306827
699	19.24397411239775
700	17.929421294022088
701	20.783868118043184
702	30.535189986554904
703	19.09715172470718
704	23.810062897668796
705	22.310206128947904
706	22.486363122356124
707	19.36620520472449
708	18.49753079868522
709	23.843015846884697
710	17.502553879346866
711	27.011261929950898
712	24.86459130634132
713	21.36123422924568
714	22.965894774511895
715	28.69515191814141
716	28.81459834881455
717	25.90358306754522
718	18.81721067682896
719	23.216646779448233
720	22.40855045463854
721	24.137375529780808
722	22.503035197895297
723	28.74676164167031
724	19.464651523212446
725	23.234018788964022
726	21.229755968859845
727	21.71082310388223
728	17.48429496240081
729	23.100309029081096
730	17.400739121541847
731	22.037573865114492
732	19.59939211848896
733	28.080816947474922
734	24.522616024019953
735	19.620196223880377
736	18.496820332986925
737	25.360325483415807
738	21.779352588412465
739	23.001605141016906
740	24.698419391408606
741	21.459014203427138
742	24.188182311611147
743	21.80602949386046
744	19.5885636628489
745	21.98738720674569
746	20.586768627008976
747	27.826897741907363
748	21.524854476603096
749	21.084948574031632
750	18.14275849416467
751	23.161430151229503
752	21.2538020741338
753	18.727789045276403
754	22.501234421502048
755	19.208482741335747
756	21.577394974832817
757	19.659305561876618
758	19.263851663353854
759	22.562018208681756
760	29.899585339776895
761	18.96138583131445
762	20.938486331046025
763	21.28876607418687
764	20.675009897886774
765	21.12165972600297
766	22.39993666545576
767	23.466785106119392
768	17.61162191495756
769	23.00101358151714
770	29.894959462812217
771	29.1842428064964
772	18.951201244575223
773	19.355195093097993
774	20.69442656894765
775	22.724784258493774
776	21.00545169506043
777	19.337915191815377
778	26.31094278085479
779	23.609226700082782
780	22.05700975304353
781	21.94279554151638
782	19.094939707512967
783	21.28996671905474
784	21.983035018242663
785	20.521785378167017
786	19.971448084817204
787	20.184078590871053
788	20.68435297438118
789	21.397282789418725
790	23.07050495401261
791	18.995568291508853
792	22.944332195819467
793	16.551840285803856
794	21.643827775736842
795	19.72381212904118
796	20.4168426297855
797	18.627959310955738
798	21.15960577308004
799	21.374203633387676
800	22.2940204676946
801	21.647637161759373
802	27.084665060342495
803	18.206146809295753
804	18.99290730259441
805	21.31625618208879
806	20.022459153101956
807	21.873442988798278
808	24.160310008840707
809	21.530254838665225
810	20.57970232631738
811	19.46350472362484
812	20.883201315025076
813	24.321197278208086
814	18.63776694223429
815	17.625463082587682
816	23.97959326705827
817	19.389727788677664
818	23.562885574533187
819	19.722095216795346
820	27.87646455916651
821	23.632584163805586
822	18.912595118413233
823	23.757808951549052
824	19.147905170771992
825	22.22700735335571
826	18.835669718859442
827	23.404942451399982
828	22.312692525782897
829	19.38444775151102
830	20.17533788529511
831	22.95578985235382
832	24.519168835981482
833	22.15137205713628
834	22.79944459604815
835	20.96756923464366
836	21.849336158085585
837	30.286022232741946
838	18.314615511921822
839	18.66662957891977
840	20.786586500544686
841	20.723957914951505
842	18.28427677228659
843	22.20010705675734
844	19.33455775349401
845	29.068130060025414
846	18.72547750263057
847	19.379340588984114
848	19.00158439424665
849	21.83595305806232
850	22.41974285810153
851	19.15389013438641
852	24.75161629924592
853	20.06407788129042
854	23.484336579841237
855	24.49055235670133
856	19.099671347118733
857	18.33074420445641
858	18.007814899334566
859	25.79377954757821
860	20.816623578985364
861	18.200359919784862
862	20.146210623785663
863	20.614910674212382
864	18.923056185150756
865	23.68260502837962
866	19.195822066439884
867	18.34126635604248
868	20.919906329709303
869	19.8076312628965
870	17.226448519552672
871	22.28631242921406
872	22.41824352775681
873	19.897099014794794
874	18.653834261504624
875	21.712625008875406
876	31.273583375727043
877	20.91611882951734
878	22.213312042988708
879	20.257785000349394
880	20.68141850840578
881	23.700339564196973
882	24.785324782303945
883	19.171410100898058
884	18.83516929810035
885	21.999444249851685
886	24.254032342817965
887	20.560161337377004
888	21.406524625211393
889	30.141018374486904
890	18.460636189979358
891	20.687907286162954
892	24.062146064989708
893	18.86358435654167
894	26.541329572482272
895	18.406461594000575
896	24.290734982719762
897	30.194686779735957
898	26.79571445200644
899	27.67136501860283
900	20.058694703564107
901	17.466519857338252
902	17.481915130911187
903	21.191558601708532
904	20.24978475421667
905	21.447308422105078
906	21.36664752546065
907	19.94413160032569
908	19.80234263151963
909	23.492999371465846
910	25.237721708754684
911	17.786216736000124
912	21.77357678657184
913	24.346822354794032
914	17.532398121028116
915	19.17941229511422
916	18.951454623913865
917	21.2348050236593
918	20.829155130014342
919	19.413094679939345
920	24.69279647769708
921	23.422886893808442
922	37.56294277066638
923	20.32348239308949
924	24.2365307266608
925	19.249107563193697
926	25.135548436360907
927	19.117831341931986
928	20.657982924818928
929	21.030298006676745
930	19.840830546673573
931	25.11490544382627
932	22.808741450155583
933	18.503071622533277
934	21.950106355969183
935	21.944895223564735
936	22.746975963506554
937	18.700537311640378
938	24.49943567043389
939	23.218005339421023
940	27.169518052771885
941	22.337472436241807
942	20.15018177064608
943	19.12030129563544
944	21.79819394005296
945	21.89296912080507
946	20.655870986147043
947	17.59025914493321
948	19.340211912605263
949	21.090563157424484
950	28.424823197807136
951	20.695089453538397
952	20.18502044990947
953	22.300359481125977
954	23.2023742928129
955	18.51725217477696
956	21.12271931967459
957	23.983660933800273
958	19.94703973912507
959	19.69234418665223
960	27.015138258249085
961	19.70342367639988
962	25.186361183985493
963	25.840702003808
964	17.61012862163369
965	19.22290546016302
966	20.411928955541477
967	18.455888695668342
968	19.54639625944747
969	19.53181441428778
970	18.247346939874852
971	18.637570817307044
972	17.854922912396223
973	22.291865855649977
974	26.92722445472669
975	19.04665585917731
976	19.00870075319443
977	21.495248295745114
978	21.019083957132917
979	22.45790435065906
980	24.50628438559847
981	23.030557131468527
982	17.945081328376173
983	20.36911682023654
984	18.580257899553875
985	19.249476755686217
986	19.547578424411768
987	20.113186256299603
988	18.386897485240045
989	20.09695923814827
990	26.18408549610444
991	19.934168535775434
992	20.223945118736108
993	19.929307778254447
994	23.41843351801736
995	23.860457602979515
996	21.624091744776173
997	24.606172334593452
998	19.344911611908753
999	21.302365718601596
1000	20.07306395208515
1001	19.417638118255844
1002	20.81909864517809
1003	20.87889547879333
1004	19.79047063109465
1005	22.168848006876722
1006	19.167085659026817
1007	19.734650940679934
1008	20.36253431442849
1009	19.059657044658838
1010	18.364306718883313
1011	19.946092233779684
1012	24.541423533625185
1013	18.79469609907402
1014	21.212901840132748
1015	18.07234448761243
1016	20.411682833272383
1017	28.010555869172542
1018	24.253931396336245
1019	20.14481918670104
1020	21.052033780952158
1021	22.23414726098641
1022	22.107477227283184
1023	18.770877851247363
1024	18.95027245966702
1025	19.06566123942214
1026	28.945036504428746
1027	20.880858419487293
1028	21.216796797933057
1029	19.05009527580478
1030	20.70592459311243
1031	18.320488636288335
1032	28.633785456973495
1033	20.814688913825847
1034	22.023575763589527
1035	19.774313854713302
1036	18.179572656986217
1037	20.080351567037937
1038	22.99536243810916
1039	20.494527485317494
1040	18.755558160967343
1041	25.041212326062926
1042	20.817750434231346
1043	26.262338631218732
1044	25.066778095894154
1045	20.809723035921657
1046	18.454281597548878
1047	21.780996810064867
1048	22.092237505194312
1049	19.27648039420949
1050	24.210849806035565
1051	21.08429444470228
1052	41.11638921613476
1053	23.266195559170008
1054	19.669425713616683
1055	23.39445937662903
1056	22.720126618959114
1057	22.810295250529133
1058	24.00607819610741
1059	20.2499143834959
1060	21.492484989897683
1061	19.042571784756348
1062	23.096381856412513
1063	19.9348246328614
1064	23.250763664441838
1065	25.20159573357469
1066	27.12923297166995
1067	26.216143422189635
1068	19.92271580094593
1069	20.33968939514005
1070	17.88511551103483
1071	20.4273583329104
1072	18.855975117399208
1073	25.982372770283394
1074	21.1814006829963
1075	20.154454320131254
1076	21.17181009108511
1077	20.436447194377568
1078	20.356726016300463
1079	21.42625106551724
1080	20.09255124355207
1081	19.92993289177927
1082	18.63124973037962
1083	19.16697015731285
1084	21.35904828727078
1085	19.252706116151863
1086	27.05942860412428
1087	20.63222190210572
1088	24.889281747608308
1089	20.069657425151313
1090	31.413322650891804
1091	19.560007930119685
1092	21.448306837912686
1093	26.064918048131993
1094	19.153598353629498
1095	20.654105402945884
1096	20.617713821595007
1097	23.94003142352942
1098	19.64622383696648
1099	22.05724022606568
1100	24.949049925070554
1101	31.16690226152007
1102	20.64187399103802
1103	22.81062477879459
1104	19.151624263825944
1105	19.49359179077739
1106	27.36038269629953
1107	18.516810150956736
1108	22.369421538881934
1109	25.83351143259885
1110	22.010850363414434
1111	24.485394118807445
1112	19.262663531340134
1113	21.738761355101385
1114	19.136168746565957
1115	22.527709330512273
1116	24.452825072147544
1117	19.129078370822366
1118	22.552360044411635
1119	28.457462183233897
1120	27.995000740334106
1121	24.301291746567816
1122	26.490229090239563
1123	24.621737173131596
1124	21.917866215936613
1125	22.315099133607134
1126	19.78755554316449
1127	19.346828462414035
1128	21.491893399743013
1129	21.09764199545333
1130	19.485303152424212
1131	21.29990259833013
1132	25.244832072657214
1133	21.884023199259723
1134	19.85942352820896
1135	22.18085660121714
1136	18.990132896407207
1137	20.011263177865438
1138	20.462983370344674
1139	19.292553528580658
1140	20.77758352466343
1141	21.860887014573922
1142	18.826625615655413
1143	19.945479934794108
1144	20.928293082996756
1145	20.41568191411379
1146	22.874352376722992
1147	20.895667481443525
1148	21.608919068869977
1149	18.655788327908965
1150	24.562981828548946
1151	25.321476256150202
1152	19.9044052012477
1153	20.199656078694062
1154	27.240541746113816
1155	17.53330981052738
1156	22.953975185886367
1157	20.82192761315382
1158	18.384879325413042
1159	20.825719142853117
1160	20.245051494897588
1161	21.640212576560884
1162	21.1298039238291
1163	18.5165306526118
1164	20.937875779314588
1165	23.845786785832995
1166	20.494118742086677
1167	20.830693607822084
1168	20.614802189989977
1169	19.640958646635145
1170	21.058873255003885
1171	26.980504727906506
1172	23.855248247369804
1173	21.068615893680544
1174	18.921618907563786
1175	19.776533073751715
1176	19.375364042660554
1177	21.806756912856958
1178	19.05514062177687
1179	20.503579772568717
1180	20.59240178846189
1181	17.71940468829901
1182	18.219719515867634
1183	28.51459612724012
1184	25.811373376552464
1185	19.018050493186404
1186	19.79599395961697
1187	29.75332086381789
1188	22.713225492705533
1189	19.714462170534876
1190	22.539367969205443
1191	28.663586037591035
1192	19.17342375719588
1193	20.285167758553396
1194	17.621365073318074
1195	19.033570763487848
1196	18.934437232319034
1197	21.456599201801943
1198	23.011079576362977
1199	21.282377289651777
1200	19.497070595164573
1201	22.308524302003953
1202	17.45262814468911
1203	30.925144816817454
1204	20.0914876218395
1205	23.461983483281074
1206	21.57378068753326
1207	22.604926475359807
1208	21.35699653856234
1209	22.80054552319985
1210	25.31247213222338
1211	25.268847337574698
1212	19.81325307724931
1213	20.06854014817447
1214	22.43904169903004
1215	22.867586883958072
1216	27.838049253042882
1217	29.322102979645397
1218	23.144480345176476
1219	26.40053829248472
1220	25.262350330611323
1221	20.564062681911565
1222	23.270710561534443
1223	19.554446381421506
1224	24.685995697742328
1225	19.497600444718817
1226	21.1133822579485
1227	20.297302771471177
1228	26.67218748562785
1229	18.869520090063677
1230	34.940435536994805
1231	19.17925566680549
1232	21.343745047265354
1233	27.905038241406956
1234	20.509598238769296
1235	19.21824049601151
1236	22.06321108699776
1237	18.910073769730374
1238	21.25203107322671
1239	24.2092864226559
1240	19.701020085157722
1241	19.89979513106306
1242	19.778933505478285
1243	22.539388738971734
1244	17.220712245582753
1245	20.72012657199262
1246	24.423113482338522
1247	25.338227666349017
1248	19.020386423558616
1249	19.907550958357753
1250	19.355674975038763
1251	22.64433806464434
1252	20.552066907215963
1253	20.160954536210983
1254	19.834099597092578
1255	27.566386496771457
1256	26.519667876296893
1257	21.619466585288237
1258	23.596147901847424
1259	18.72807601344623
1260	20.030237122130593
1261	21.430597473785063
1262	18.44418024420342
1263	20.391547270100414
1264	24.58238294866492
1265	19.634422844876468
1266	22.45159224692543
1267	20.2769713743612
1268	18.459326920174536
1269	19.76731793484382
1270	19.541514803670566
1271	20.818989012853052
1272	19.904489151427917
1273	22.194886316004318
1274	21.280996843889756
1275	18.509326077994622
1276	19.395026583649543
1277	22.079737153366654
1278	21.02246873839995
1279	22.819973993392612
1280	32.808377980238646
1281	22.054664136138552
1282	20.005542394987568
1283	20.496350755628225
1284	25.176578408710622
1285	25.31042562537228
1286	20.881712129490232
1287	19.029355987447175
1288	24.020928754609216
1289	19.438822114540795
1290	20.164320666996193
1291	19.69042285878867
1292	17.36667694668618
1293	24.474910194668812
1294	18.65821084300564
1295	23.3887383149995
1296	23.59228845676318
1297	19.60554166351983
1298	19.377190297469497
1299	17.843636426291177
1300	25.277752562334562
1301	20.96395393122168
1302	21.98779990758622
1303	20.21525916132322
1304	23.305014954935178
1305	26.931682328842932
1306	20.956236536692206
1307	21.908781205240054
1308	20.593348676142178
1309	25.580630233661005
1310	22.576904262776825
1311	22.558261900232175
1312	18.820826278032516
1313	25.246226428250107
1314	20.989118396338345
1315	17.63556305919953
1316	19.390566829417367
1317	26.531474278093082
1318	17.8481646861627
1319	22.26851269927843
1320	22.66915010968417
1321	23.022100811195212
1322	19.144128071455857
1323	25.358724353158408
1324	21.947164626877335
1325	19.39024524380054
1326	19.241996561247756
1327	20.268636998565245
1328	23.00096101854713
1329	22.40769727818655
1330	21.412355771363497
1331	20.612043576092486
1332	20.3939163043962
1333	18.734668078881718
1334	31.30174495436118
1335	17.37852811754832
1336	21.429422028649018
1337	20.957170473311244
1338	26.174125413259027
1339	21.739141728748685
1340	21.678102743848495
1341	21.84671234954489
1342	20.35208740917545
1343	18.99488901767519
1344	19.895611467565267
1345	20.609133273151176
1346	21.261849677740248
1347	23.621588701541285
1348	20.349307975277217
1349	20.297657960640656
1350	19.979233698108263
1351	21.20842693686471
1352	19.16423468966084
1353	31.027922700067784
1354	22.365193276154418
1355	25.715949593088588
1356	18.73882985274837
1357	18.978881556039923
1358	27.33074292177507
1359	19.42915978340029
1360	18.407945309962088
1361	24.79562533844069
1362	19.842345533629413
1363	20.74688132454128
1364	22.271321976126206
1365	21.89075494620816
1366	22.953964299944683
1367	18.717462446141457
1368	19.831431567367
1369	19.556857822678815
1370	22.56453062353715
1371	18.832171902778732
1372	21.312860221231883
1373	20.19935001994184
1374	19.219021917887055
1375	21.594691179058927
1376	18.992904428952137
1377	22.692088147392496
1378	19.802170964444418
1379	16.583919388242066
1380	23.30204821315703
1381	21.17388016465579
1382	21.38083908886122
1383	19.159244990300227
1384	19.4617688543361
1385	19.16134078803544
1386	18.70166168970697
1387	20.568889619690584
1388	20.9118601654708
1389	19.61587895396776
1390	19.472394553049217
1391	24.65178130850536
1392	23.444122767323652
1393	23.364326053000152
1394	18.92639087674962
1395	18.8169949447643
1396	21.639251148884068
1397	23.35875716510621
1398	18.600684941701232
1399	21.080283654724813
1400	21.01713462389307
1401	19.09705014857519
1402	20.348831971945813
1403	22.776373634558198
1404	23.546600939890755
1405	19.426188652044704
1406	20.7970190227923
1407	18.36793177899727
1408	19.6950539912697
1409	23.456417782920234
1410	19.26362384042989
1411	20.888162583315612
1412	21.69312286628324
1413	20.263041576228627
1414	18.656739828447048
1415	20.71347732276136
1416	21.976681723110715
1417	19.85190178046053
1418	18.51004531725588
1419	18.87066467390621
1420	17.946643894748583
1421	22.37701806443606
1422	22.020677759523995
1423	19.004096669889986
1424	31.233493315738727
1425	21.374474469406
1426	21.936213326264316
1427	19.976334815018824
1428	18.623660077392643
1429	21.63583188533916
1430	19.50691027056827
1431	18.640451417980774
1432	18.37821637229977
1433	18.64425339134059
1434	20.456281919080507
1435	19.25950655940903
1436	22.73075883099891
1437	23.93958452110394
1438	18.312189974445467
1439	27.54443600313139
1440	22.007095001343018
1441	21.748336685962776
1442	20.212894939787976
1443	20.49659414508088
1444	24.14014497811773
1445	20.363965667503138
1446	20.72375466947588
1447	24.08190774090606
1448	24.6511296606849
1449	23.904320916167592
1450	28.505186288106156
1451	21.914344412845093
1452	24.35290669008367
1453	26.80128696333486
1454	31.133604391955306
1455	19.643624733372683
1456	20.458252035495306
1457	21.609855226621452
1458	20.31406288322803
1459	18.414093263222217
1460	18.92832692731763
1461	30.502962421393022
1462	21.946171910559205
1463	23.311796541840142
1464	21.959719689562917
1465	21.16415731833198
1466	19.915192181926354
1467	23.785780924730577
1468	21.513948976390697
1469	19.500228391426123
1470	20.76613882924205
1471	19.167763389523742
1472	23.401821543658286
1473	22.90745621980955
1474	26.182335755617324
1475	21.157621126974963
1476	21.58545295241193
1477	19.389981730249584
1478	20.04478038190499
1479	24.49787521825379
1480	19.64890325837399
1481	19.920713902451098
1482	19.798959420956503
1483	32.311774995364246
1484	22.55182085766164
1485	20.66579385754079
1486	19.860474720683047
1487	21.303362289853276
1488	23.895430171880506
1489	20.248117253170623
1490	16.612700218616006
1491	19.405049897337864
1492	22.212889748743514
1493	18.74520870391681
1494	22.01055551320004
1495	18.57706937645688
1496	18.34416479847013
1497	22.6285057538189
1498	19.96301384464654
1499	24.51973917927327
1500	25.925424193980565
1501	20.033899613992414
1502	19.21243138892007
1503	22.309734394019912
1504	19.70911651796934
1505	22.807134593238256
1506	20.723146172854204
1507	20.021818732415948
1508	19.9427167816757
1509	20.998613452229744
1510	26.199911525965184
1511	19.01064646344396
1512	28.855207545164554
1513	21.098068574861184
1514	23.48663952271454
1515	18.54504653777215
1516	16.98354866178918
1517	27.743282435706547
1518	24.663393780092807
1519	18.301120033670063
1520	25.215781965949574
1521	24.770054920002753
1522	20.40791732858433
1523	22.72703158730375
1524	21.89474247646657
1525	20.136920326948164
1526	39.93218390325176
1527	20.867093654098138
1528	19.55364953345147
1529	17.780337213234482
1530	25.54201196118892
1531	22.37879978187072
1532	22.431838242067897
1533	21.746381015377118
1534	20.61584705392118
1535	22.914145704472393
1536	18.569172425254706
1537	18.412135453054272
1538	25.673901391185773
1539	23.157478786612263
1540	19.35099791655068
1541	23.853498074270593
1542	22.134178073656845
1543	25.00441860972873
1544	20.048849955004137
1545	21.531178038548166
1546	22.236538344795367
1547	26.53074929121932
1548	22.302388077593474
1549	21.875593544354135
1550	24.318875804111787
1551	21.046430994546974
1552	22.347926702413062
1553	22.39235640533255
1554	26.283993725253303
1555	22.346063188431504
1556	21.648918434916794
1557	22.954310061949812
1558	19.694813526710494
1559	22.014469733255364
1560	19.083320775207028
1561	19.113534516564556
1562	20.747499705549203
1563	18.70843352038585
1564	18.673820880326765
1565	20.71017870475177
1566	25.183607861862033
1567	20.02856513588861
1568	19.794916375123552
1569	19.650240017897694
1570	20.501398419667904
1571	18.704278861447662
1572	20.10366585363388
1573	24.139721275266997
1574	23.37176398980694
1575	19.649103201276933
1576	19.800143000914446
1577	18.432279359710474
1578	21.237695937950843
1579	20.321697737449806
1580	21.63900008782029
1581	16.96230993130725
1582	22.39150203905331
1583	19.452585490999304
1584	21.58877794172925
1585	22.937019428238273
1586	20.548226469378594
1587	20.646141621347013
1588	23.51245987848038
1589	21.930708935494128
1590	18.945717349038524
1591	20.387884858963186
1592	20.20162535528229
1593	18.86565885118519
1594	21.221440307921373
1595	19.849046836420353
1596	20.353095401685135
1597	25.474223619511456
1598	23.79799794032514
1599	22.35189501391305
1600	25.80348993487848
1601	20.7101899901405
1602	23.86156165281311
1603	20.542078090186877
1604	28.6536468227326
1605	22.691768420100562
1606	22.284644180577462
1607	19.43571903725312
1608	18.942039238656804
1609	20.528677051559228
1610	20.431466104742867
1611	19.019533119648845
1612	22.412332376912953
1613	25.191063693337906
1614	24.13472318140896
1615	18.011204409459605
1616	19.670239356180577
1617	24.883647396085074
1618	23.16530391973044
1619	23.88675029435828
1620	20.31769767057568
1621	19.01167636897714
1622	18.839105594355107
1623	21.491337934892407
1624	22.04947019252353
1625	29.655074002043833
1626	23.30361560721297
1627	23.127310914002578
1628	26.57756839254871
1629	19.326783842773043
1630	22.87763459525544
1631	21.968610502279212
1632	21.22837422170218
1633	20.943898717743448
1634	20.094094965469967
1635	23.16641903685134
1636	22.594096502177297
1637	19.779252950456257
1638	19.548108464315238
1639	19.24336037708477
1640	19.49978826485555
1641	20.829083885053695
1642	28.326428722590208
1643	17.731096911880815
1644	21.3735232925426
1645	21.09674355620149
1646	25.96777220675154
1647	19.114266336009475
1648	20.550963368081284
1649	21.127860703227473
1650	25.691842936840054
1651	18.67928189203376
1652	22.889377947923933
1653	23.487645598500073
1654	20.290491884012912
1655	19.14701119773165
1656	18.642267808509267
1657	20.533104253801866
1658	32.36924863134947
1659	21.575306027621107
1660	23.130809889458444
1661	26.1540018129308
1662	28.302320585751797
1663	20.409410673409834
1664	26.067433970658172
1665	33.48712879740949
1666	20.35625379460219
1667	19.83431162859779
1668	21.65513358065215
1669	23.28243693950497
1670	20.848262967774644
1671	23.8362931950007
1672	21.585517453483916
1673	20.590589270333055
1674	29.206822833292453
1675	24.4305560881302
1676	19.356392782818922
1677	19.209830751691236
1678	19.00554378426803
1679	33.88825853815716
1680	26.38879368712421
1681	21.497527563127864
1682	21.130012221035063
1683	23.500106574192614
1684	22.69778849530198
1685	20.569926288518857
1686	19.846936511102093
1687	31.685717901778652
1688	21.951105904708882
1689	31.073111152020612
1690	19.483283193706992
1691	22.206568235809712
1692	19.787254826781073
1693	20.060338143719886
1694	20.69845862360671
1695	21.854606211196543
1696	22.139933529702493
1697	18.78146047272429
1698	19.001394228813133
1699	19.17862590687416
1700	20.124019248724604
1701	20.294483079534945
1702	21.146347249535122
1703	23.698145564252627
1704	20.831495032111803
1705	18.612095052723948
1706	19.257155300234444
1707	20.241845810411338
1708	20.049247739298654
1709	30.876420705409217
1710	29.38746373409912
1711	21.594976164383947
1712	21.26811361151049
1713	20.60204165369699
1714	18.821580853394902
1715	22.002249870361993
1716	23.65154699753787
1717	22.550415353948402
1718	24.94764416703802
1719	25.46482384905765
1720	19.703462362356827
1721	19.750267754323076
1722	23.300077630024003
1723	19.384865570008053
1724	21.342562174291995
1725	25.141555768824084
1726	18.73188460439219
1727	18.56597664311809
1728	22.746382222487117
1729	19.677888803449697
1730	24.357301244575027
1731	20.25655608131201
1732	23.119484784763674
1733	20.76923333912553
1734	30.01384150459798
1735	20.754878315503447
1736	20.948819491061265
1737	27.324176249238597
1738	19.48072715162326
1739	21.918679745084095
1740	20.33737632400927
1741	19.03467894041179
1742	19.288828575934104
1743	22.17044762163497
1744	31.10774972893148
1745	18.540870381945506
1746	23.781885612084388
1747	23.922608159980154
1748	20.17150197280388
1749	19.46129444755184
1750	19.279476431797125
1751	21.40720836102924
1752	20.679732655685754
1753	22.107732368471055
1754	19.523391415276343
1755	27.45898743793886
1756	33.24795484347657
1757	22.501315161746273
1758	19.90954881971218
1759	18.26004632134922
1760	20.629473358041622
1761	20.644994057538106
1762	22.04186885024787
1763	20.564232924487442
1764	19.911214994333154
1765	18.897987965789692
1766	26.19872363355499
1767	33.54695140819864
1768	22.387084788720433
1769	21.020153446963974
1770	20.435035310138666
1771	17.4544348727058
1772	19.705462709711863
1773	21.38224969322069
1774	20.045433223113353
1775	35.51778204524372
1776	22.57328652644734
1777	18.966074937893275
1778	17.957665423410155
1779	19.46336925999494
1780	19.209195972149892
1781	27.11804256961612
1782	22.72734032124704
1783	19.8465640576469
1784	20.688050612399064
1785	24.242382257355047
1786	18.886040676366687
1787	20.711717752146797
1788	19.526188578037004
1789	20.38816207699064
1790	19.829509767674967
1791	27.3162493682666
1792	23.7746725534712
1793	20.865901026811283
1794	17.212844229106288
1795	25.215301809864872
1796	20.474956379422487
1797	22.460953193919
1798	20.018840841330146
1799	18.571099655419136
1800	22.040104763236336
1801	19.514389295880076
1802	18.81301715991355
1803	20.81619682721385
1804	20.710848024255405
1805	20.03562781841375
1806	21.404601765517146
1807	23.8485006763367
1808	18.64740698067989
1809	18.414999966493856
1810	23.219222693900896
1811	20.763641726638703
1812	19.224160893793993
1813	26.4210170888812
1814	27.286679902674884
1815	18.085537075165618
1816	25.87407720743989
1817	19.358302205932183
1818	20.26197374491686
1819	20.4713163407304
1820	20.984026903995048
1821	20.975041616181308
1822	18.77697664396365
1823	22.61835317467783
1824	44.74272492654855
1825	18.771605148207374
1826	26.938266367414997
1827	21.374958993680774
1828	20.37427666549357
1829	24.137784589579415
1830	18.732333807015003
1831	22.609876635021543
1832	18.494424623126786
1833	20.240478194122403
1834	18.59904967282071
1835	25.198595584081037
1836	20.881835358150035
1837	25.137633929307672
1838	18.82186322075108
1839	19.793909179095255
1840	19.823583918377714
1841	20.233838906023827
1842	19.787172985112726
1843	27.129891117038923
1844	18.1667356160837
1845	21.877415230411085
1846	20.40298598127851
1847	22.435293574993395
1848	19.929629574954586
1849	21.771776879334656
1850	18.558957805896416
1851	23.447472395716098
1852	23.629953235304647
1853	19.960338851715456
1854	20.000084746436823
1855	21.357826160845395
1856	21.51373695910193
1857	26.513140311765095
1858	29.64669291974643
1859	19.336040615811942
1860	20.00965929591445
1861	27.1253640819267
1862	24.308478611206205
1863	19.852226360306396
1864	19.35913557660145
1865	22.00992215405928
1866	26.19942241862698
1867	22.926197866047236
1868	22.52672328372606
1869	22.01937008013192
1870	22.56384564194685
1871	22.305594240970635
1872	25.834572541357545
1873	19.409537790404237
1874	20.274429657762603
1875	18.706160122299423
1876	30.125596656805055
1877	17.3312729434795
1878	20.85899387761601
1879	19.610727978842732
1880	24.993043572136333
1881	21.66898377965289
1882	29.17420700721114
1883	24.62398348525507
1884	20.779344681330258
1885	18.100383366513263
1886	20.86816946083668
1887	25.944210644207487
1888	19.831338810399174
1889	21.617396934221254
1890	22.5389155518401
1891	24.975916179673124
1892	21.25380470819675
1893	20.10622985867473
1894	30.47636194023352
1895	22.513592476736832
1896	20.676969223596732
1897	25.488310277478064
1898	25.74785672415252
1899	18.513394606088035
1900	25.68210459345937
1901	18.290752415700506
1902	24.77860469376624
1903	18.96717718502623
1904	19.020992602038028
1905	21.007042457419146
1906	29.27540949127764
1907	25.755703375430503
1908	21.286923539181075
1909	26.936617975149836
1910	20.251109729905654
1911	18.899916445419144
1912	26.86191218291599
1913	20.25727768425244
1914	21.477834051640272
1915	20.939909771691557
1916	21.936879251734354
1917	19.979756293696727
1918	27.48042988573201
1919	23.703680863977077
1920	19.90103707331886
1921	18.729646996009826
1922	19.08879650893089
1923	19.2975083497947
1924	27.36206013229153
1925	17.69286710997457
1926	19.470901563065127
1927	26.81166506769279
1928	21.352069402865485
1929	25.50941980765977
1930	23.101121071519778
1931	18.90491185830615
1932	24.881742216896335
1933	20.929415638385084
1934	19.532544574743792
1935	19.7247858524388
1936	21.395815043858
1937	19.764654746276413
1938	32.77629802495643
1939	24.834536870111428
1940	21.027493800573545
1941	18.72721719815606
1942	19.357899344798692
1943	21.09931972210059
1944	20.217796409030996
1945	21.144590891965166
1946	22.183524577606182
1947	20.45370217441814
1948	25.0927501179462
1949	16.505338081781073
1950	20.504887082012228
1951	29.602096239384263
1952	23.352387757423067
1953	21.509094217548235
1954	20.717000859536647
1955	20.496911533120795
1956	18.318255990440957
1957	21.142753795264046
1958	23.785796848884218
1959	22.143467262858906
1960	17.87980657981878
1961	25.640050140237296
1962	24.28590290904255
1963	21.490324235650608
1964	21.784272949520826
1965	24.122682363096693
1966	19.006391620346612
1967	23.774916914199288
1968	22.668656054000113
1969	20.20303807320222
1970	19.153061203196934
1971	23.261204162325996
1972	27.83346683081404
1973	17.838797433618854
1974	20.138463434436595
1975	19.898422546007144
1976	38.33539314637141
1977	21.80773899686666
1978	26.832012183367315
1979	19.787426288445097
1980	22.506686135034226
1981	20.019798210298177
1982	20.47482901049706
1983	19.39561090731948
1984	18.607408476540364
1985	20.939019074940006
1986	23.665203690445715
1987	19.290311984635863
1988	23.535135473501093
1989	21.532695875640705
1990	21.51353572960943
1991	18.64752130600277
1992	23.3087344022217
1993	24.17368688921043
1994	18.74047089437954
1995	19.96399297324242
1996	24.20117797685679
1997	31.36050961892425
1998	19.662747595566447
1999	25.596714702367574
2000	22.152923086305965
2001	24.248632850461245
2002	23.025829384490567
2003	22.223625887860926
2004	20.833782073276648
