6	28.377886592424098
7	25.617145169093625
8	21.07970050047427
9	22.455478592865667
10	23.44752963932542
11	26.592289412812764
12	19.9307250787003
13	21.2778155124458
14	20.811475863647484
15	19.194552091975645
16	26.13596131159823
17	23.18119449522237
18	22.735764488100223
19	25.25432097971214
20	21.83247705990322
21	20.250736819675318
22	24.62375767423864
23	27.80313466601936
24	21.36976665887899
25	21.274635638025828
26	21.873733775969537
27	27.754535411443698
28	19.804921153666736
29	34.26195233502323
30	21.677273170274635
31	30.7644322566814
32	22.39392608733797
33	25.63715261124845
34	25.044634539700564
35	23.483844143659393
36	18.585438809163527
37	21.36245624428908
38	19.17947801092436
39	22.81663343229363
40	24.106579393982475
41	27.448586659225363
42	20.73408934215762
43	34.13226469597483
44	22.372137202833837
45	21.16090854951578
46	22.096556205938864
47	24.600495907607403
48	20.294767088776176
49	25.218834050646567
50	26.239464232344208
51	21.778821341973398
52	21.37384463733521
53	24.55084587992467
54	21.391249535733078
55	24.38255361120877
56	25.38799383148787
57	25.64988433197981
58	28.827851275148618
59	23.592442392351078
60	23.77590719172319
61	21.341873869467047
62	19.689464307216944
63	20.69419140223076
64	38.11296953836726
65	22.558416945120552
66	19.690436895150363
67	21.921453226235688
68	19.461542818093367
69	25.562264747258677
70	24.702414751280266
71	31.120068319319508
72	24.96273762064295
73	22.23434963631007
74	21.615713342066986
75	22.512035346590135
76	27.86683510548386
77	20.94204251824662
78	26.853208972787026
79	22.532340190495685
80	32.927149325357654
81	22.389703102286074
82	24.271404711492647
83	28.793901291303875
84	16.37198828769886
85	24.92226757867693
86	32.10959729185675
87	25.594792398693702
88	22.580335678987215
89	29.76861390917242
90	23.721622781121383
91	22.324333650274138
92	26.00533949902302
93	20.145101265270057
94	21.759869752203752
95	19.87243418172314
96	23.366653176640277
97	26.132382483316636
98	29.42734187485915
99	28.197172367452776
100	20.9326637737875
101	30.72373608632228
102	18.52644502519106
103	21.574954925797726
104	21.548007761553055
105	19.78097340628117
106	26.516890495754353
107	24.51712831541274
108	30.925297843828115
109	20.347184331592565
110	24.959664299702393
111	30.10213509232909
112	31.76612669342069
113	25.93036285310692
114	17.91941922491408
115	33.61026728150563
116	20.0606161606354
117	22.687741464302963
118	23.318990689243666
119	24.93567320974436
120	17.697971988233622
121	29.94788155978654
122	25.064056813417245
123	20.455182341366676
124	26.56566657158644
125	27.822422220098296
126	36.884521119620956
127	22.21105507864045
128	26.195308517653604
129	20.412555432272104
130	28.68731801820531
131	25.111643063791366
132	30.352147617744528
133	30.72115191385672
134	23.77060392007222
135	20.80629459083884
136	26.90033173116502
137	24.924661990501207
138	22.735995896814032
139	31.235598621871453
140	25.445855238628187
141	26.71069938439429
142	21.878757020536604
143	25.1222718987715
144	31.181903006755896
145	20.251631251393267
146	24.412903819024187
147	38.62431389716099
148	31.186283227481503
149	32.18541555828776
150	28.66806359726274
151	26.31544362150344
152	19.861838668379043
153	19.81629169413096
154	23.295879157553667
155	27.326102630204286
156	20.851866712618392
157	28.706056333237072
158	25.598665590606533
159	25.80568760309039
160	23.070762375483064
161	32.35566637365718
162	20.717869827640534
163	19.993488462435234
164	24.754222334071272
165	28.657940888818857
166	23.30662177257193
167	22.535823044415384
168	26.380885672894742
169	20.602408701048727
170	19.86805310327643
171	23.91249010179413
172	22.252420513987307
173	24.981698396367893
174	23.859653116881734
175	22.638233544801306
176	26.18575741458488
177	20.47556474009193
178	22.386003958783746
179	19.280766868060592
180	27.512972786664438
181	21.243273593621982
182	22.29605211082366
183	21.55798640500995
184	25.64954453275491
185	30.001161019738614
186	22.609017774621684
187	25.710468075308892
188	27.70931193290436
189	22.711660380028963
190	22.388482165731673
191	25.234093771549688
192	23.336838065333723
193	20.136923890198418
194	21.454636263701104
195	24.69124023958575
196	21.71280956814409
197	22.903699583040755
198	26.935524014161423
199	25.078261957888024
200	23.249714167782518
201	22.206868068657407
202	29.61249190633342
203	23.569986668193078
204	20.54892977356921
205	24.734417943953304
206	30.721784405668547
207	22.801537801841267
208	25.432811693327626
209	26.437394000379136
210	26.728646283192365
211	28.5928614807281
212	25.704580259014335
213	27.90667367763458
214	28.151853089001403
215	23.466768907872265
216	24.185719819760948
217	33.57645189098206
218	23.123741583510114
219	22.64923911750068
220	22.690949514765588
221	27.678650512695754
222	20.53923475903157
223	26.615350802329086
224	28.327990102566712
225	20.141683195485076
226	24.604308009787275
227	21.197383160391475
228	30.848102223230097
229	18.040732112574613
230	22.971171094966497
231	20.857109138290465
232	22.2368898090741
233	22.34154830408366
234	21.56908238917962
235	24.8964593950686
236	24.145846267921048
237	23.747322565023286
238	23.219384667112724
239	22.3418376237725
240	19.34595139762454
241	25.771854676218663
242	23.591875220165516
243	21.32981723042654
244	25.487472128747598
245	22.3623273873573
246	30.255508126838443
247	19.99649320038346
248	27.231457823940424
249	24.548594844168882
250	21.192903907819623
251	24.206915644361946
252	29.06487145275919
253	22.675513480733464
254	24.272139174765712
255	28.639646994285325
256	26.149976831063192
257	27.378259718838862
258	23.188651058399863
259	21.197523116792368
260	24.888299853249613
261	21.2069240028866
262	22.97889097374169
263	28.0232262058663
264	28.765946130413102
265	22.869373729824726
266	24.119261847893416
267	23.934758768344505
268	32.072257152603484
269	19.29331359019508
270	29.398436673595498
271	22.179625323812598
272	29.680402723755282
273	23.521430350452906
274	31.16669602422225
275	24.482660202700963
276	20.743659099645306
277	22.371848683660335
278	20.37151213173891
279	23.544645665954512
280	18.026626055215537
281	23.001385128492483
282	22.39410598061992
283	24.218740845870954
284	20.48586706350528
285	22.947976824782486
286	30.78408898693714
287	17.786892640622114
288	21.843440856823587
289	20.178236381874054
290	22.410754732615388
291	26.908438841313945
292	42.97244037262229
293	24.66099787157618
294	23.906223883488735
295	24.058510306072087
296	28.56062795331036
297	22.75518581718256
298	23.050157208227567
299	20.77536558266403
300	34.46765382921985
301	19.431777332451176
302	22.008338379812745
303	22.917620844347404
304	24.64114789998162
305	22.144927187239983
306	31.8875442821003
307	20.998992766462003
308	32.27656314319331
309	23.373197217382508
310	24.423743867458523
311	19.3588119056392
312	24.883989982963115
313	20.274076690017516
314	26.382628806831672
315	20.27010981409934
316	26.026162646796823
317	23.367621299206196
318	23.020687931735832
319	19.607494118242077
320	19.522507693996886
321	25.027010047278853
322	19.523361009572817
323	22.274545235645597
324	21.31818720758412
325	28.761382301566968
326	22.644574754475506
327	25.520995742925216
328	33.90541726231642
329	23.35531386993237
330	21.378134080032794
331	25.54140467388617
332	23.815483307799504
333	25.47568028382473
334	21.30220985368782
335	25.194398204513007
336	36.93949238989648
337	27.581231052991477
338	19.465883169039536
339	28.960472344371397
340	19.400352016151302
341	19.979825157320224
342	20.773733586409087
343	21.577942684367038
344	22.721387365608123
345	25.7820433175583
346	31.18693065891459
347	25.025482518422756
348	22.470506680020286
349	23.21725199655131
350	22.18903808614058
351	22.66548727646442
352	24.569321287668902
353	21.813584783495184
354	20.418374599627732
355	22.749256193834764
356	30.146057248935012
357	20.779371510584514
358	24.185065089662224
359	24.94363867280811
360	24.150964650049815
361	21.000208175832366
362	30.688440292441772
363	26.651413366471353
364	25.329905337327197
365	18.971860362035997
366	32.54483547864485
367	21.32657129516069
368	29.169866110554295
369	21.703758777490563
370	28.517024419113522
371	24.839472151857883
372	18.777397872872097
373	26.03535969720605
374	23.172243079865076
375	20.617022063820624
376	21.791408706539578
377	23.597847387388658
378	23.022269577282163
379	30.180008137863663
380	23.972108062155186
381	22.582047323171153
382	23.48482099115685
383	26.20743544388265
384	25.774498559622725
385	24.864612304697413
386	23.100364374780348
387	23.941059801972408
388	22.704451357682967
389	21.043818554527732
390	19.064851412115942
391	27.283773917166013
392	26.392406357863884
393	26.501577397864523
394	21.98715843623986
395	29.68460196495601
396	41.34629598066071
397	26.338953167688004
398	23.96639252906179
399	23.165334848520118
400	27.68699989267078
401	23.204303134477936
402	16.56684643507384
403	31.23213419251797
404	22.562038305150423
405	20.610709905850907
406	20.565256455216822
407	28.913429777952842
408	28.491237279836213
409	19.91666350858025
410	21.38471711381459
411	20.82132903272252
412	36.498693897698956
413	25.71075543207945
414	24.524255088548863
415	30.02213860579187
416	23.572035993746095
417	21.994934654605057
418	20.85031129056848
419	24.069089108543935
420	25.162882469780627
421	22.09967250273682
422	22.89455857135181
423	31.80178576505932
424	22.51272294184016
425	23.451864209494435
426	22.050453415959403
427	31.875868374464478
428	21.73421727302176
429	23.286827692232453
430	19.528012384384056
431	22.118563932723877
432	22.957939252845634
433	23.689571062410145
434	23.124829302549113
435	22.16952917150819
436	26.91724327954676
437	24.943221911672318
438	26.173703195990498
439	25.987409756066672
440	22.056133795689803
441	23.649383312381325
442	20.334325609307545
443	25.551272783436747
444	23.54018096232182
445	35.49519382247827
446	26.15520634451225
447	23.94871226279805
448	21.787734816111257
449	34.34605946806123
450	29.040719300571507
451	23.31624652801958
452	27.021916807174676
453	22.090178055343472
454	21.171337274598844
455	19.136589735775786
456	23.643886252508345
457	23.040696316622906
458	22.350883423638443
459	31.378309647484084
460	21.181393392061715
461	24.513681465488524
462	18.17000316023914
463	29.994871677786538
464	18.6160891076885
465	35.627042554909934
466	27.62070547646235
467	21.36176937082727
468	22.88926672843793
469	23.35996569064337
470	21.81513470101227
471	29.804115647001343
472	22.57741101711704
473	21.567317094101156
474	21.395698254825568
475	21.489394017678993
476	36.56049306329235
477	25.862791398031273
478	23.837741965031263
479	28.76183590177597
480	21.312857979512415
481	23.335130704693043
482	31.608133917202633
483	26.185775460860253
484	23.418297466292962
485	22.67284674570101
486	20.5594353259761
487	22.470325313165542
488	20.272775298644678
489	22.325305565432352
490	24.447115360921508
491	28.131743536989962
492	33.82965751499933
493	22.199641369248837
494	24.55585121406064
495	26.09142077776933
496	23.132057109282314
497	30.534424757209685
498	20.07597701167531
499	24.29931024738085
500	24.84082011035757
501	21.071767794610484
502	23.386671066228025
503	23.401699672595075
504	31.08121159857897
505	28.99826933901251
506	24.938704998368063
507	22.300285137193683
508	20.552626391809873
509	23.53548930418079
510	27.371486416285688
511	25.29724590983416
512	20.858122339898475
513	24.975439737810063
514	27.52751365148533
515	25.07097610151314
516	21.526773414445397
517	21.114255721734324
518	22.780933164572343
519	21.576627118462326
520	24.484469095760556
521	19.70039872933412
522	28.56020444247406
523	27.326687916072473
524	26.679490436426462
525	20.426211408564054
526	22.321012739899743
527	30.316313945280854
528	21.496396299727035
529	20.950383834881233
530	24.72336964362563
531	25.496196800251035
532	24.389904198203798
533	27.5153836521938
534	19.115454911226408
535	23.743654092305174
536	22.62975231830333
537	23.148876287596345
538	27.559452945455693
539	22.86633365396516
540	23.302356049046377
541	21.346520810239774
542	23.370219131302036
543	24.0246565261257
544	26.580896181899256
545	26.97457970465179
546	24.921434899556715
547	23.59588810144207
548	20.412379292896514
549	39.99096041993135
550	21.786133824878103
551	20.095472678547477
552	22.8403057322721
553	24.199374709090712
554	26.533194593414947
555	23.243450845087928
556	24.696124294519297
557	19.39734923496144
558	22.093148332849378
559	27.471818037380825
560	24.187237771608615
561	24.29068302432664
562	21.411960955669173
563	27.11475567960476
564	21.730079654933867
565	17.870398067393882
566	21.571169889591932
567	25.575181176753674
568	20.830417059499403
569	28.267940487399688
570	23.9450601226885
571	35.471071055481055
572	23.674660863214385
573	21.862177565247098
574	22.530635368480695
575	29.02156799619827
576	22.294513102102567
577	23.485407095843104
578	21.325419430250747
579	27.726591379463805
580	28.335860016703045
581	24.277208206426558
582	33.94626464270031
583	25.46747561741498
584	25.237821876526933
585	22.42279751025225
586	20.46128614255609
587	23.994122167973728
588	27.793908347181667
589	24.459968065897314
590	22.308178665493223
591	21.7802406520126
592	22.612690307939385
593	32.088053050689055
594	28.39025426468063
595	20.175396592029486
596	20.847312010512987
597	27.87726326287771
598	20.806234082787267
599	34.260058810948976
600	21.65769112810528
601	22.694779409546214
602	26.773198102091715
603	24.982630880039114
604	20.33982938753849
605	26.358021412922355
606	25.892058883670387
607	23.13002736631337
608	20.13529084558085
609	23.15380512648877
610	21.496298169105707
611	25.038397536297754
612	28.78765868515275
613	21.166722848680006
614	23.767235759891086
615	30.271740090201458
616	25.82405736383307
617	25.306000814255256
618	25.65459758359258
619	27.797474051616792
620	23.372566868631296
621	22.06835126385478
622	24.279717377887714
623	21.38547145690201
624	22.833826913409645
625	29.104094187462717
626	21.209838668527986
627	34.31601884269989
628	19.435797085094713
629	28.54623672043118
630	38.86271323082638
631	23.26988816692319
632	21.221455421961803
633	23.357990781922638
634	22.72010471300495
635	21.07554744634065
636	28.788866869474436
637	21.705082000948845
638	25.776813747440514
639	24.11393654324781
640	24.383102249913374
641	25.615032132266098
642	23.048695782763264
643	22.16491534394947
644	32.64280367250174
645	31.43711634247068
646	28.618142767288937
647	28.904965167513534
648	24.012254051886707
649	29.32214215023608
650	24.582397530486098
651	22.67734857408941
652	22.793984403722337
653	31.58869303266453
654	29.234728811823107
655	26.734184358513186
656	23.29818940773472
657	20.67703906613169
658	22.692607002336132
659	22.45303708447581
660	30.334210033978714
661	19.642544570925605
662	19.3394774285434
663	26.858730427861513
664	19.5088577178224
665	27.96766092042817
666	32.77522761302009
667	23.3568353994245
668	24.129764496235758
669	30.54660306712945
670	20.7178656329421
671	27.884189179093536
672	23.975402134896584
673	21.980577451381627
674	38.79494548687362
675	24.62329207459469
676	23.38800250063446
677	33.52925643697983
678	27.79657013608634
679	20.664684796477207
680	23.816105303363265
681	26.357981571746578
682	25.983417747559724
683	20.930599427318434
684	25.813438338595443
685	22.17593638608017
686	24.03756002904208
687	21.573266761119854
688	26.332974953477297
689	23.632054355626384
690	20.20196220452511
691	23.609109282353696
692	21.69030259606545
693	24.46592160556817
694	23.5629204171451
695	25.49696729680313
696	22.94352741492556
697	20.450230969542947
698	19.873321397694465
699	25.400950875223707
700	31.087991591577765
701	23.16080897103842
702	20.968226286476035
703	19.016122232795073
704	33.37821859285511
705	23.098152669113823
706	22.947598488836327
707	22.970182485795597
708	21.8008565847983
709	27.642340272506658
710	24.044068173847762
711	21.001509345250323
712	21.278408419867205
713	22.286167953001794
714	22.305855883759467
715	21.925933939642228
716	29.3061353145861
717	23.2711830335845
718	22.77754067891418
719	22.533705450578754
720	22.589999083331975
721	21.991411792282534
722	21.78912105723841
723	22.57466077454667
724	32.72199476142763
725	21.277593176136268
726	23.72996258305054
727	28.197859725578123
728	24.78838911406448
729	22.646998427629853
730	23.7121872390863
731	21.431346095349316
732	25.111458344983426
733	31.848189204268962
734	27.67167684702236
735	20.476420934574552
736	21.62666666063805
737	22.123990098494414
738	28.719925566714494
739	22.727571804765795
740	31.11355536801309
741	22.130633002740943
742	24.75072408490038
743	21.843346165123876
744	30.59046300304153
745	21.84276503840959
746	22.91133479076554
747	27.18281580953116
748	22.974757854345324
749	19.216741100844228
750	21.828872049394548
751	23.273561578333805
752	20.90982091060818
753	41.6257709008958
754	22.771659426086735
755	21.186510701171454
756	25.51687142781877
757	29.05438934362125
758	23.1497267123938
759	21.629262039838984
760	22.045169920652338
761	22.594383972490544
762	30.851419595960348
763	21.417292655531586
764	20.336327924944307
765	22.47185135267829
766	22.565539266130855
767	21.505810877347464
768	23.489750504257085
769	22.22673121316888
770	20.7470136681629
771	20.745429315539596
772	30.38064466370888
773	21.038508717790247
774	19.881809037437456
775	19.510075253238803
776	20.447082345239775
777	26.996072936966325
778	23.18239559242008
779	22.72736557762511
780	29.774050998613358
781	25.366531878185924
782	31.164437171363687
783	20.522639354672528
784	31.921907089256347
785	21.8227636699336
786	25.81169201586647
787	22.832275274919585
788	26.744033143740417
789	21.045285035442845
790	21.47730001424239
791	22.99715481378431
792	20.833594335192306
793	23.05289069717554
794	22.684194528044138
795	22.553243001772238
796	20.309900090793924
797	32.13242166699692
798	20.759082239361575
799	27.83735576266257
800	22.302704010992418
801	24.897350582911034
802	22.751153021697526
803	22.35379748491061
804	21.39335892487794
805	23.68011515660723
806	21.084977492286058
807	20.184095434708087
808	22.19837559991362
809	24.41817120771219
810	22.22611414766172
811	23.401767039680802
812	27.26571147678266
813	24.415967983687644
814	29.015849746837233
815	24.60296791628199
816	31.371830638798368
817	31.367118509438214
818	22.04194332934164
819	18.865691104745068
820	21.171990696708715
821	29.35050562447623
822	28.532032203149683
823	22.562413690643183
824	28.797949652768363
825	27.244065331657183
826	25.88895837482021
827	19.917372584719068
828	26.083680840352933
829	21.001507699850254
830	20.564500580522616
831	19.14112731576811
832	33.20402012153084
833	27.24128526863254
834	30.332242368077416
835	30.41539001675395
836	23.053922230505062
837	17.65702058892439
838	21.371973896878384
839	26.175044239667425
840	28.47056199351462
841	20.672629583662303
842	27.58907670007259
843	27.801048562877114
844	30.031402025161135
845	22.25734280071876
846	29.32000363836129
847	25.421263846673536
848	23.229952984818674
849	26.93753231552156
850	22.614947386985197
851	22.32032726623355
852	37.2330594739383
853	19.65746405227051
854	23.282511541255516
855	25.514865699535637
856	24.71439295810298
857	19.111489063192224
858	28.26727192906105
859	46.12825048394235
860	25.286783028401974
861	21.787166724015368
862	20.900814816796558
863	20.592417641628707
864	22.694798148245237
865	23.53949452293854
866	23.39451511890986
867	30.765424135497913
868	22.51933856345534
869	20.60150303038804
870	24.045306343126647
871	26.0297037183524
872	22.036328360262093
873	21.685800695293082
874	24.56254295308839
875	33.48313106331392
876	28.89373702557213
877	23.33847447124128
878	23.889648868368173
879	29.38931549880972
880	22.116664470290882
881	23.2437029690319
882	25.252313536692625
883	27.669921523818996
884	29.09413498391306
885	23.509437211366528
886	25.028660990928575
887	22.456104270207202
888	22.49894449851581
889	24.394062502763862
890	22.309734814313103
891	24.746375608178525
892	19.594509940501833
893	23.26646975157227
894	22.72741172285042
895	19.27789066362825
896	21.558697774373737
897	22.90845563978378
898	22.877075201850914
899	24.844885006005075
900	22.340755130143272
901	21.163172844163668
902	24.254348139554768
903	32.07231136658633
904	21.44973964080352
905	17.931003095094553
906	20.622848041069137
907	21.4249817640636
908	29.84908070088923
909	32.65038069637902
910	20.01997747111267
911	26.401896515598974
912	19.15840821576715
913	27.07142695229884
914	19.629258842729843
915	22.82449505085543
916	23.285203963428735
917	22.506577516044064
918	24.61779123370711
919	24.312156202351005
920	28.795069642519383
921	18.896794757651513
922	31.525239053910322
923	23.32657304418567
924	23.264575494856995
925	20.5715151365189
926	21.285617575844906
927	25.71344919592511
928	24.422416303203708
929	27.624321115667954
930	20.518094556736553
931	27.49815910477596
932	21.79949184178333
933	25.91061510597087
934	18.881240422828593
935	22.117614817660268
936	31.76580543950695
937	32.68345957259238
938	26.41453903286075
939	20.953490264906577
940	24.71657112201986
941	20.74890372791627
942	24.686779156797602
943	17.767862654768233
944	28.766603021886205
945	22.556716532689546
946	20.634579281206243
947	25.15764788593961
948	27.8297878967544
949	22.41615222499813
950	22.71140402145435
951	25.70513258686177
952	36.054103741855315
953	49.28035369640897
954	18.46561233270215
955	21.95942699718739
956	22.7406311446968
957	22.74775664983755
958	62.426972071253395
959	25.573153369139288
960	20.662487588068398
961	25.61815157084126
962	21.628447826617048
963	24.252418200020987
964	23.59580166271341
965	23.595228650913175
966	28.289551224419224
967	22.811517896796627
968	23.90378963097025
969	25.91293558812125
970	23.205363625313126
971	23.45281938904949
972	20.103247358086854
973	23.008178125607788
974	25.644441572146366
975	24.718944122208132
976	30.148858595793786
977	28.964477656643115
978	22.906635623884057
979	42.05907436201101
980	20.030615957558847
981	25.31728488218505
982	32.907543339862634
983	23.881409503115645
984	24.315509098810644
985	26.138036911964747
986	25.846217734311107
987	30.076823611391895
988	23.119847562418194
989	26.442847937683215
990	20.138583098467002
991	25.84536543901777
992	24.14674377776553
993	21.807958541061872
994	21.608996158863107
995	22.75303522118234
996	26.117233733135453
997	20.751834504368404
998	22.048686060581957
999	22.652055400873543
1000	27.36119127868248
1001	27.116077777668913
1002	23.68032229808159
1003	32.02576746800494
1004	32.236873851623386
1005	22.68355586990196
1006	21.63039510053268
1007	22.267288728634526
1008	23.509073706271266
1009	22.659996837521504
1010	21.064028822113713
1011	24.80164938352512
1012	28.595181524060784
1013	19.465513502789516
1014	28.4041536243078
1015	25.653424494637505
1016	34.28208889703826
1017	36.088666406689676
1018	26.380122021516048
1019	25.01567694179435
1020	30.975930076901022
1021	18.73444904994042
1022	22.138774752054207
1023	21.345013223780395
1024	18.82914438070258
1025	22.204868211585037
1026	32.54295322673587
1027	18.811959448163346
1028	23.47204297966655
1029	23.566851222868756
1030	21.03709731546595
1031	26.082041639392717
1032	23.277749308156036
1033	29.153239517630002
1034	23.63295035062851
1035	20.979516442929807
1036	24.62017326810265
1037	19.18138881774275
1038	23.148282653136228
1039	22.359414106485513
1040	23.423556979858287
1041	22.329001205564662
1042	23.3656945367488
1043	21.74157206492051
1044	26.389911214356566
1045	22.161954024440252
1046	18.837580188380723
1047	26.21808566396029
1048	20.617977164628023
1049	33.52824628493098
1050	27.390673153048144
1051	24.884099496401507
1052	22.252877940150714
1053	24.783070655772462
1054	19.974384161989605
1055	35.83590855321492
1056	20.87134281216947
1057	25.784020705028688
1058	22.714464716987415
1059	29.25906563868534
1060	19.92023211397706
1061	23.1903354600869
1062	22.13760954426423
1063	21.937105122049903
1064	21.03285823590969
1065	36.37500793241047
1066	20.90386442883755
1067	22.960530230006732
1068	34.68035147980303
1069	31.468302216356747
1070	24.352970624232494
1071	31.052251756892097
1072	21.949438929149814
1073	28.269068028979465
1074	23.887549312896763
1075	21.63524018317259
1076	25.850844540077055
1077	19.83338542075263
1078	22.624478833511688
1079	20.80289181268753
1080	26.925442707135318
1081	22.7693181653644
1082	22.00228026332221
1083	21.381220878796363
1084	23.95377210342233
1085	26.19756939825867
1086	19.76393252464236
1087	31.626404084008858
1088	22.29887534811974
1089	23.053477741889836
1090	23.423405264155008
1091	31.303899025860936
1092	25.79573716184082
1093	26.896433161838946
1094	23.268606549554637
1095	23.86405638084617
1096	23.400593600885355
1097	20.364553404232378
1098	18.632372908039812
1099	27.337226651937645
1100	21.973457009845127
1101	21.180799361592914
1102	24.48627148420771
1103	24.699573910957547
1104	19.077319931495005
1105	27.384374682282825
1106	24.3042950335494
1107	18.195214051314867
1108	22.760786006909193
1109	24.56656003350337
1110	29.643980433075765
1111	22.688162638667137
1112	47.53831439666906
1113	23.609784629621448
1114	23.27589840329722
1115	28.363217139050406
1116	19.203909128390745
1117	21.638490534974355
1118	19.994639492315734
1119	24.54783294401915
1120	22.343173068197625
1121	22.573276414596677
1122	21.804030517960946
1123	21.443199938352013
1124	22.802414166801082
1125	27.594199704411146
1126	23.18644544621699
1127	24.987941015270298
1128	25.283225186675303
1129	20.35489391681245
1130	24.63495114967923
1131	27.828443176356856
1132	22.976209908612265
1133	19.72197418146498
1134	23.392756095621735
1135	22.97698709422637
1136	21.851987751771098
1137	24.427548706870347
1138	24.4027791276483
1139	25.07656890023108
1140	29.013947480072435
1141	28.703812485210534
1142	21.387764296835908
1143	22.386953691447864
1144	25.25648728632779
1145	29.098220205811018
1146	32.55816486329163
1147	22.359889469028698
1148	20.249845646911613
1149	24.65918518897767
1150	21.046059484559077
1151	32.24377816243233
1152	22.202752514604516
1153	24.214687987842577
1154	22.25246838090119
1155	24.45159755585316
1156	22.401897886707697
1157	24.91994326660693
1158	22.521311304641557
1159	22.885997598038845
1160	22.46278013722557
1161	21.310265208974236
1162	20.011781839363366
1163	28.271417492235866
1164	20.035903872332426
1165	25.73391063069433
1166	48.46851803541669
1167	24.363691584478754
1168	22.03709933797604
1169	28.739323645269824
1170	20.643455210723914
1171	21.24607298162023
1172	22.50650840822662
1173	21.37885151103249
1174	19.9572659431461
1175	21.137384435250972
1176	21.701689560664818
1177	19.221622755052522
1178	30.510168853395538
1179	24.15576835201299
1180	21.590910248004977
1181	24.267683675455956
1182	31.936367513133618
1183	20.691128817257574
1184	21.763810431111118
1185	23.658169110308112
1186	28.146135885982236
1187	22.306751696130497
1188	22.325585577100533
1189	23.49980785768543
1190	25.71042001852191
1191	22.91176177753313
1192	25.27217770551934
1193	19.87473998462336
1194	29.164352978182624
1195	25.014197849735684
1196	19.887759102142226
1197	22.48115362062104
1198	20.429494860528617
1199	19.89326145323815
1200	29.919759949483385
1201	23.241453534682634
1202	34.452439124120346
1203	26.54591779843957
1204	22.359759873967814
1205	21.448942613590688
1206	26.29594465853537
1207	47.15607632174305
1208	25.625384282683463
1209	21.14441790586708
1210	20.07502957407668
1211	21.142072247726425
1212	20.139518564443705
1213	33.03503220259168
1214	20.933330895257136
1215	21.659214932765977
1216	23.309463908353884
1217	27.15136087744031
1218	21.13066275803587
1219	24.24549569193429
1220	27.081276188031413
1221	23.791151960692915
1222	23.66557830150825
1223	21.19599671482942
1224	20.702200042036342
1225	31.073906592309754
1226	24.392054729068512
1227	27.9683139801103
1228	21.82089991640366
1229	23.033742245581088
1230	21.511907741362066
1231	22.060339490323823
1232	27.055473243754022
1233	25.359981247671193
1234	25.790861281939353
1235	22.920404858513827
1236	22.58303535054143
1237	28.963845477476454
1238	20.490956081203908
1239	25.527283248896882
1240	23.933205475150928
1241	20.444505848328117
1242	26.302106163499705
1243	24.963408815185343
1244	17.429134758887812
1245	28.226600955457737
1246	21.851579381763248
1247	28.082646299317336
1248	18.0767741834512
1249	21.910708975661784
1250	21.904737928966252
1251	20.219732714197892
1252	22.556640620223646
1253	23.86013045332511
1254	28.14602874617099
1255	20.611900457712547
1256	22.02216929782846
1257	24.547831074089952
1258	27.36666955785097
1259	24.833892683163704
1260	25.88672767988672
1261	24.56764022718506
1262	19.14473342413857
1263	28.810976882909518
1264	25.173733410478704
1265	20.34188940957805
1266	20.60027943521738
1267	24.781863468181754
1268	26.59075451458762
1269	21.883482081440654
1270	22.374583552681894
1271	22.400247598264922
1272	29.81867572287165
1273	21.555848850199254
1274	35.38483548387184
1275	28.333160590435213
1276	22.378131519784933
1277	20.8638177401024
1278	20.164204181892337
1279	22.035816246909363
1280	29.432419858107874
1281	21.459491522365393
1282	27.602516287527635
1283	22.70981830105094
1284	23.60267127534774
1285	18.978072339613433
1286	25.488136077765375
1287	20.712479873184904
1288	22.40804766225547
1289	27.896660972153768
1290	20.318543033852276
1291	21.594969339898842
1292	25.383725903562404
1293	17.411294749792045
1294	27.599249982787924
1295	24.63841818611603
1296	26.421512666416795
1297	20.19053673103777
1298	24.71294323970227
1299	23.836147779249586
1300	27.286599719837564
1301	22.779830720485396
1302	25.328490244110537
1303	32.19209446839208
1304	22.32785278248975
1305	25.629992309950634
1306	26.719019821084036
1307	21.381329666415695
1308	21.02705146896547
1309	20.674724335002246
1310	22.96342387616245
1311	28.890670709470385
1312	26.42423689802145
1313	29.48208584532493
1314	25.09234814645549
1315	24.207849299346375
1316	24.465645717589226
1317	18.63126521280317
1318	20.08064276888278
1319	20.960216639354424
1320	24.138744046678767
1321	23.173146496780383
1322	34.51528000509223
1323	25.925439773570922
1324	26.38142205823506
1325	25.161859430898463
1326	24.665899952848417
1327	22.473680684681245
1328	32.70639797541398
1329	22.696180681869222
1330	21.607821989876992
1331	24.586113221339065
1332	35.71474781535078
1333	27.18548263084793
1334	22.855127912851867
1335	21.664803878746596
1336	19.008625534109093
1337	25.725170127683462
1338	21.59573515805925
1339	22.966816444702324
1340	21.421997965239317
1341	19.832165236200165
1342	24.434237242676318
1343	23.085298443784833
1344	20.667888325559243
1345	23.070341002032034
1346	21.7122926646713
1347	22.82022970729752
1348	23.27691511742402
1349	23.02075075951988
1350	25.835088870470393
1351	21.71880906736425
1352	37.72784884680194
1353	25.334086191139694
1354	25.605280551443908
1355	24.249161406013222
1356	20.74960464389545
1357	32.769833859839615
1358	23.10053537725837
1359	20.707442509108468
1360	39.97022760733111
1361	21.598921779844137
1362	25.271951009644063
1363	25.835862564840628
1364	26.65496111653736
1365	26.001762615356593
1366	21.03303162084002
1367	20.088765509760915
1368	20.908185075111096
1369	28.27465189945745
1370	28.601059182410545
1371	20.121837424536512
1372	24.40764072922563
1373	24.014615086820342
1374	20.622307936688017
1375	22.66717176285375
1376	19.70986217992719
1377	20.902568069529277
1378	24.829370458040533
1379	27.673292760095816
1380	23.136898298665663
1381	31.641819250737957
1382	25.56068057884113
1383	25.770657975430368
1384	30.14895183750862
1385	21.95748383752769
1386	25.439763495291622
1387	28.066901366863313
1388	37.78350609464609
1389	25.311642280034224
1390	29.825908420866597
1391	23.776001460052218
1392	21.550486704827144
1393	27.054660734051712
1394	24.83196408947648
1395	25.69833833164826
1396	24.14417611544307
1397	21.18117813126342
1398	27.67614580804258
1399	24.099200228778752
1400	22.249213516044186
1401	18.604579403487783
1402	23.65589400601914
1403	25.713134558455945
1404	20.892137229600998
1405	23.209074287617767
1406	18.093529905830117
1407	19.20470062714058
1408	27.024586563553385
1409	20.05437229390308
1410	27.522393152119825
1411	19.262831688870406
1412	27.053955301116495
1413	34.391597462790834
1414	26.68859006510789
1415	27.69143880263061
1416	24.51092974167407
1417	31.67896671822931
1418	28.753543745948498
1419	27.78705327985563
1420	22.287363060545005
1421	17.50909313142474
1422	27.150132358348106
1423	21.79787320061361
1424	21.373322137392517
1425	21.8483866925817
1426	37.907832092027846
1427	23.735939804967728
1428	32.855259291923424
1429	22.920759348207014
1430	22.520500802326502
1431	23.62324218367329
1432	28.546251443171304
1433	21.293102243665974
1434	20.06658773397406
1435	22.57593924158209
1436	26.687624324402407
1437	28.487746500173113
1438	20.360599208369795
1439	24.53404878408365
1440	40.33991785401789
1441	26.653049397014254
1442	20.799279227748347
1443	28.738964419362283
1444	29.066066771213823
1445	20.533402419202282
1446	22.73292715106044
1447	18.404802931275647
1448	25.097948095628194
1449	21.89818852943953
1450	26.922234049560423
1451	20.6257854069171
1452	19.388675219524238
1453	25.737493086413014
1454	31.040187524664546
1455	23.70660160071052
1456	22.036635925103088
1457	27.217499308941733
1458	24.587807956293283
1459	22.953264549790138
1460	24.443137578697115
1461	22.20438509030657
1462	28.60658039625327
1463	21.40885206662287
1464	25.22250625205131
1465	26.294900482759065
1466	23.582480284135176
1467	22.608448849163626
1468	23.43790082001978
1469	22.108330760879607
1470	24.813255230896175
1471	23.997751503380236
1472	24.545307904530905
1473	20.7612398980518
1474	22.647573706731436
1475	26.352947005096617
1476	28.254853898741523
1477	23.787398529436352
1478	26.045897820639905
1479	21.70080278262888
1480	20.35424407824342
1481	18.73061592398517
1482	25.87367777305272
1483	25.893560274092014
1484	29.71383961137118
1485	21.884533329363613
1486	27.4354625506118
1487	25.116636913276814
1488	20.926758567089564
1489	23.146037470329745
1490	21.586457572771113
1491	27.46855057106309
1492	28.111277833119622
1493	26.240704948089768
1494	21.4387619559095
1495	24.746414032050183
1496	28.640549354548117
1497	20.951441605862996
1498	25.304698805004342
1499	20.57156724535725
1500	23.315165152945493
1501	23.08732729300391
1502	25.572701177019233
1503	31.852830418636504
1504	22.019303532286237
1505	26.312190321406497
1506	23.809425322802383
1507	26.608963959180983
1508	21.192827435187063
1509	26.261927975847193
1510	35.22478668961651
1511	24.734667411487315
1512	24.962343124755456
1513	22.17214589657972
1514	22.10466965989326
1515	27.00295180121862
1516	25.09783287260307
1517	23.073927473123916
1518	24.248706870978005
1519	25.526422452762606
1520	21.635078568978848
1521	23.681821046897046
1522	25.34751313608916
1523	25.96705156305991
1524	25.117866465969165
1525	19.947288986581007
1526	24.63074041278415
1527	23.400435444666073
1528	22.511249952285404
1529	22.215531343685498
1530	21.391213601192895
1531	26.567379601305372
1532	28.296244941608617
1533	27.561961660181197
1534	21.421172596653925
1535	28.92064450164803
1536	36.270117358759734
1537	22.597354250813222
1538	24.945825801279558
1539	26.518435083555982
1540	19.61543800945144
1541	22.265898811929848
1542	24.833682729579184
1543	22.536598676981296
1544	23.31388590851146
1545	19.970759212002942
1546	23.996192499651986
1547	21.394417185934408
1548	20.602186604444046
1549	26.243992480218925
1550	22.872880365309985
1551	20.912754803227134
1552	18.693125091755896
1553	27.365364514586204
1554	23.488874799383535
1555	23.38604563694292
1556	19.198869894932
1557	31.41134658014612
1558	30.929398141114508
1559	29.745553611047924
1560	23.6252506800989
1561	23.264298826944056
1562	21.42227888223715
1563	40.57069493602363
1564	37.65120719567451
1565	35.51363074416221
1566	22.736321095889906
1567	18.89373844709558
1568	25.106685816766877
1569	21.006566304212008
1570	21.80761063528979
1571	25.12198308463017
1572	20.332312255019787
1573	22.78392745379958
1574	29.076967794493278
1575	23.842421372302194
1576	29.421598171321847
1577	24.781238193066756
1578	21.81377665536364
1579	26.08185735956255
1580	21.57307652403483
1581	20.8736747251701
1582	20.948401536065738
1583	22.542838659133672
1584	22.056590773398057
1585	23.856258097615886
1586	31.420485821040348
1587	38.72860565363566
1588	19.67976197744021
1589	28.170732909345332
1590	25.40296249582995
1591	20.42267578630708
1592	31.106552752631934
1593	26.003572198999958
1594	21.988460655751762
1595	19.73063833715283
1596	27.35712632845675
1597	23.122710194132186
1598	29.195723336698208
1599	21.303038281090657
1600	25.253706976737114
1601	18.94874331046389
1602	32.50858430731233
1603	20.289711237221905
1604	28.682252237119485
1605	20.930666082098558
1606	21.013286139238282
1607	24.05841478167365
1608	25.017617398701212
1609	46.97730871414043
1610	37.677343419236905
1611	23.30946220696915
1612	23.946289951378642
1613	18.605032617179678
1614	25.343970235464113
1615	24.535669989666825
1616	21.218465621720963
1617	22.85709675429686
1618	24.062495755368825
1619	21.235270350284754
1620	25.177967317899437
1621	25.588249342823918
1622	23.706718914965734
1623	31.155770807270418
1624	18.71681020434325
1625	27.304144752376967
1626	28.268962418439237
1627	29.699387719976265
1628	23.00581821607484
1629	21.539056521426474
1630	27.085836220595063
1631	25.899511989682825
1632	27.807989017754743
1633	27.930813171568772
1634	21.872510444155292
1635	23.042350916702045
1636	20.494072595597984
1637	28.121882603565265
1638	31.471391178148483
1639	25.695506408677222
1640	18.79768729002367
1641	27.55349539753789
1642	28.637725084770057
1643	23.42576349320487
1644	22.66340991510283
1645	24.891746395423542
1646	25.28279349887424
1647	29.973287887542565
1648	22.885825884763573
1649	17.77406406035953
1650	25.06212970376721
1651	28.497096360317972
1652	24.00271081982646
1653	27.99460712559335
1654	28.242520223397797
1655	24.286602362553005
1656	24.85649876438261
1657	20.606162214188394
1658	25.573813282933674
1659	21.771088158682403
1660	25.57730274628072
1661	26.83518410997824
1662	22.588164050907498
1663	22.398328816363712
1664	22.657619910021634
1665	19.755048100970384
1666	21.422357014649748
1667	26.36729890669189
1668	20.058900148983422
1669	23.309920774961938
1670	21.86822363388953
1671	26.764445031149815
1672	23.463442726670664
1673	21.051905023798877
1674	26.862448606247064
1675	33.3800316307905
1676	25.152293433095384
1677	22.65504384858283
1678	30.931579669433383
1679	25.234186386252986
1680	27.409027085527278
1681	27.164020660794474
1682	24.46067369034669
1683	20.611561338304927
1684	27.108399459700873
1685	28.332499758683536
1686	35.01798488308667
1687	21.917790722216495
1688	20.695037837169938
1689	20.966030810818967
1690	27.22684226614037
1691	21.427249714110406
1692	23.052176754467208
1693	22.91583452037303
1694	22.706720031931816
1695	22.59474677697146
1696	22.569289805522157
1697	28.78721581039185
1698	27.686411399920196
1699	22.86390972639604
1700	29.24600543921294
1701	19.245892426900856
1702	28.86900712122493
1703	30.10815977767183
1704	23.212481692704568
1705	26.221827592983768
1706	24.219587452671714
1707	23.08251909431643
1708	36.25504350243528
1709	19.56426165236626
1710	28.88377715679323
1711	21.561587944766025
1712	21.517772206340627
1713	22.005488463115636
1714	24.991245156507848
1715	18.651338684409488
1716	29.617527752620212
1717	24.99847201279837
1718	21.018648251115035
1719	22.569617868254515
1720	23.912310937458937
1721	26.2767043028559
1722	31.658911635588126
1723	21.15443742826851
1724	24.823155269028973
1725	22.140005496065832
1726	21.17897307643046
1727	21.103570565184363
1728	20.878882848821277
1729	36.10226735346998
1730	20.864718198608223
1731	23.368443820854395
1732	20.720503507787363
1733	28.772138586460517
1734	21.747332558585093
1735	33.95317696299318
1736	21.264921201192134
1737	19.96556579283822
1738	23.905082032498935
1739	24.556330634463023
1740	24.53449790366229
1741	20.787132901922313
1742	25.934312434680276
1743	25.91280114506674
1744	20.15904511102546
1745	42.201480434634504
1746	25.67675507854155
1747	23.58381996032081
1748	23.697560745945555
1749	22.87617079054882
1750	24.09903332550154
1751	21.09478757045512
1752	22.460295310061237
1753	20.823221849042046
1754	26.288042889483382
1755	21.302710542563663
1756	30.300437772994705
1757	22.653248147542435
1758	22.672734096705042
1759	25.779294659526713
1760	22.15300632177509
1761	28.455087962894417
1762	20.8275782278479
1763	24.264375785808724
1764	24.428584762767322
1765	18.356424161277356
1766	21.151203611311956
1767	33.26880549344111
1768	21.218501615105197
1769	21.259256973955328
1770	23.484158182427883
1771	20.256609409011762
1772	21.322958029850664
1773	25.204360992551365
1774	20.614787456487214
1775	21.899738559581696
1776	44.299967515782306
1777	33.68031148910564
1778	23.718883850270263
1779	28.10304443013685
1780	31.809364875176662
1781	24.75745573990799
1782	33.52622505614598
1783	21.61449805087835
1784	27.21007647224275
1785	18.810177209190442
1786	21.112177680417997
1787	23.168493007657293
1788	27.464956504449813
1789	18.492758098277537
1790	21.798115675990452
1791	20.830537653567784
1792	24.62131725118824
1793	22.077661298855674
1794	24.343752935328908
1795	17.53637298106897
1796	27.73425613590551
1797	31.925697317746852
1798	29.18919110763818
1799	24.737825386019217
1800	21.240013025664524
1801	21.865741206256256
1802	21.789269047644492
1803	20.962532095773465
1804	31.867394146261855
1805	20.567213401995534
1806	26.433099004770995
1807	23.446719239791854
1808	20.462720930803336
1809	22.002216659771097
1810	28.320165091062194
1811	23.626867156726522
1812	21.366624361641396
1813	26.789846226734863
1814	24.077729113289447
1815	22.693279390523887
1816	26.848077738598942
1817	22.119321976201608
1818	20.95359192655964
1819	19.70786932901643
1820	21.376879196122495
1821	23.564915009011862
1822	22.852215585880913
1823	25.23754111393464
1824	16.360286494721397
1825	24.88888010788443
1826	26.836623148355436
1827	21.832605549040725
1828	19.8941966358331
1829	23.329572544668537
1830	31.068321211053735
1831	20.579292749894663
1832	27.689788710918155
1833	23.498216867774318
1834	23.303630266319853
1835	20.905727900286408
1836	21.758765865502234
1837	26.439748817089868
1838	22.471915591759714
1839	19.750064077216113
1840	21.575687989905344
1841	21.55601822048896
1842	21.749786437271123
1843	23.331969675587512
1844	20.532830887623795
1845	26.051212102812887
1846	24.741522024103784
1847	20.638946891982894
1848	23.407939994698573
1849	21.580470404525443
1850	22.319639928157578
1851	27.21112992383386
1852	21.642972968190442
1853	27.397344644094904
1854	25.046969502259373
1855	24.36552997712506
1856	35.75981941891817
1857	29.966799236247162
1858	23.300910982645718
1859	22.315724454178177
1860	19.840948021395626
1861	25.235953765632743
1862	19.304727649944834
1863	26.483072409181645
1864	23.02716254447952
1865	21.89493804091049
1866	25.94403468243933
1867	24.106135436568703
1868	24.270716816515364
1869	30.081955029745586
1870	22.962180880195874
1871	20.138018469538782
1872	33.90661957541528
1873	26.281104246987717
1874	20.369048816613013
1875	27.908535407460295
1876	24.777406361427737
1877	30.03355725679892
1878	21.732250111159654
1879	23.941398060886783
1880	19.68210510808982
1881	21.3494666726212
1882	25.650908905831685
1883	22.79050697949027
1884	20.253804939244134
1885	24.50547696981812
1886	23.000969571184562
1887	26.699782225816026
1888	17.75665754230844
1889	27.53639186934701
1890	27.66401758260377
1891	20.650673711101483
1892	23.649857708055162
1893	29.172632843974636
1894	19.63733136392397
1895	25.576732951175906
1896	24.113030614062207
1897	24.07885863603442
1898	23.628250344190747
1899	22.24012306261808
1900	26.291795445256867
1901	24.484960741111433
1902	25.0637147130595
1903	23.598429520502762
1904	22.984578890673582
1905	22.679048271525616
1906	21.62106900543205
1907	23.33238122839716
1908	19.962326487342484
1909	28.18882271776508
1910	24.023994662358835
1911	20.23084788223767
1912	28.513101568692505
1913	25.502649472033802
1914	21.546854412648827
1915	32.55076329381759
1916	25.129368776981053
1917	27.26681700634868
1918	23.27772421822683
1919	24.99159691225728
1920	23.131162211703952
1921	26.39938865321571
1922	25.381383481228234
1923	23.467729737584403
1924	20.81969569887412
1925	28.927335982113675
1926	20.490956319496036
1927	22.290280071393262
1928	22.696233681113757
1929	23.166391798017667
1930	20.366943350620136
1931	19.84106668976147
1932	21.108843375237868
1933	24.221172598870655
1934	18.565118822809826
1935	22.47818596051025
1936	34.39463139573288
1937	21.442617690428982
1938	27.889528120145837
1939	22.098618429553024
1940	25.361502041519923
1941	21.632735929298946
1942	38.010122457915756
1943	18.264172862176256
1944	20.530189474900677
1945	26.790862801417553
1946	27.233582195682114
1947	25.226694047787063
1948	21.69800917658999
1949	20.042958467414504
1950	21.058607759402303
1951	30.557415145773188
1952	23.2512757845711
1953	25.24514026984923
1954	45.27605034604571
1955	24.66640186339595
1956	19.417174144683834
1957	21.55547576697427
1958	17.962206520471508
1959	26.74035811476587
1960	29.28002752117309
1961	28.160416453764043
1962	21.57494210519473
1963	25.27184399754759
1964	27.80017545798116
1965	20.23803919389088
1966	26.602781600940506
1967	23.876418597461026
1968	24.284296552238846
1969	22.16037454833319
1970	22.222312958956614
1971	25.59172879577854
1972	30.16589394872777
1973	20.235454328229103
1974	30.031630513151303
1975	22.714681413898735
1976	23.31128594358885
1977	23.336246612442142
1978	23.091257547878193
1979	21.210673048475975
1980	24.69750204724703
1981	19.184186124228027
1982	32.31958257007889
1983	21.251421164251393
1984	31.534825924920785
1985	20.209155054629914
1986	20.806369109752428
1987	40.594241007702806
1988	22.844010660556336
1989	19.794508605252187
1990	23.395577656037762
1991	20.35262865010935
1992	26.514198544381284
1993	28.515296842705887
1994	24.158923482424335
1995	21.050622199563996
1996	31.433983491482063
1997	22.79331573654091
1998	29.52912836417775
1999	24.794992681747924
2000	25.72871627006495
2001	28.00685550161756
2002	25.45122032429261
2003	24.69010357783397
2004	24.259975986438803
