6	14.972066013894477
7	20.410245059654684
8	16.36152879162838
9	15.9724169641675
10	13.011413966480605
11	17.663900175713575
12	17.320269732327173
13	15.32546871959199
14	18.54259353008938
15	13.426868884102403
16	13.693152361903712
17	13.716618212985193
18	19.687840401153217
19	17.640459268420898
20	15.980547224303963
21	15.084268998513254
22	19.589254111053005
23	19.25306523065887
24	16.30226912633917
25	15.731462493252122
26	14.980603039702467
27	16.231734476323126
28	19.670930443058925
29	16.74847507379516
30	17.09697485811946
31	16.87273626579388
32	19.090102642401753
33	17.016177576022553
34	16.31115307330437
35	14.94866494821131
36	19.097553775964794
37	14.905748573609428
38	21.451026009760568
39	18.722108551440392
40	14.015163664621339
41	19.64353856075286
42	15.705666926165916
43	18.38718413403909
44	17.288773270137845
45	18.763625546375653
46	16.85191329493763
47	15.92207421203594
48	15.115024969624834
49	19.590404506436606
50	14.502722733367612
51	15.474419678896579
52	16.00679980900802
53	18.83825698762609
54	15.539437681491018
55	20.33515901043022
56	17.72146917932302
57	15.734592048928054
58	17.627354747117007
59	17.561585019301
60	19.508231267450512
61	16.338324221578162
62	16.64136534797775
63	16.1371824102958
64	18.122247358352734
65	19.431762724352645
66	14.685282896825811
67	16.71216694779184
68	15.914119101619088
69	11.003202427595907
70	18.96626428868899
71	14.980863350984041
72	18.012092443754312
73	14.680124563752745
74	15.726821170656462
75	17.981583365018327
76	16.341492281889607
77	17.120840263784963
78	16.87706747041251
79	19.850926384427293
80	18.580793248057077
81	14.224227661714627
82	19.798149899318908
83	19.916410571295334
84	16.689994432948495
85	17.881705082154827
86	16.41627642719481
87	17.176662262723447
88	18.57212717630464
89	15.076967865054662
90	17.272180384608646
91	13.217166411061884
92	17.747873721555816
93	18.667072991070764
94	17.55146873716467
95	15.164110789317874
96	17.981420212530526
97	17.159462087900238
98	17.316999269243286
99	18.485672715897127
100	16.54296128393352
101	19.13202582406225
102	18.870459080415078
103	18.273920482987673
104	16.515479051251926
105	19.04402146963346
106	17.687325411041684
107	15.835310004425432
108	16.653196907352367
109	18.84093159492204
110	16.851094779728026
111	17.18970041132774
112	17.983258185570595
113	19.73848364896207
114	15.105787813666435
115	15.841668562206229
116	19.356290057501923
117	15.198897801144312
118	18.116561919722788
119	12.263421449879642
120	18.055801313355023
121	17.082992593086882
122	18.258483168660515
123	15.905084068118413
124	19.143454972719887
125	17.114902789744637
126	17.702399405661968
127	17.506268432924973
128	18.841468735078852
129	16.51382668261021
130	14.970933824732954
131	14.072987851161267
132	18.920531683932303
133	16.746045567653177
134	16.75796698494014
135	19.3805704022202
136	16.984618047883487
137	17.52210585765116
138	17.161097239944088
139	19.029001865991933
140	14.756561130360614
141	17.79560022697373
142	17.913222399000706
143	19.767018260444665
144	16.950378837898516
145	17.75502276811403
146	17.885036265117026
147	15.753298095435307
148	15.908146550199342
149	15.91275969736134
150	19.499738582434937
151	16.38964851105108
152	22.22745763454198
153	16.45547282252139
154	16.04718867450158
155	20.98941178500725
156	14.197386683857141
157	19.789865247674772
158	19.684532932866418
159	15.92138622346372
160	17.14469544970329
161	14.950801794396414
162	16.866347569858632
163	16.28629808449067
164	16.992389582799362
165	17.252411746587434
166	16.0170113713473
167	17.50862625933119
168	16.268114116487265
169	12.607547977453796
170	16.338704252150357
171	16.428560711098413
172	17.425657796155267
173	17.458158283539433
174	16.567946469433537
175	16.79059628360825
176	16.696443688918098
177	16.28785558392019
178	18.704581549181604
179	16.40642145103775
180	18.343589966990926
181	16.850893608775728
182	14.970142667261987
183	19.26710509490918
184	16.358057710045742
185	18.914979913430994
186	12.652207568321804
187	19.094061215573365
188	17.156793413401292
189	16.737083808584316
190	18.692326365571716
191	17.230750091536994
192	17.261402729087123
193	16.551368168106787
194	19.391198354315417
195	16.082717950515693
196	18.018816989290546
197	17.437963752263013
198	14.952056937534559
199	16.426806317636377
200	16.82500618395553
201	17.269048968690814
202	16.64173511686522
203	18.491321946400504
204	14.98181975366808
205	15.87549507102141
206	16.83480776991337
207	17.734085859888896
208	13.284970975551436
209	15.539691542468887
210	20.086348408704335
211	16.74484341035956
212	17.694862261648254
213	17.039466475443785
214	13.9024078835914
215	16.820965859623108
216	17.463393449361966
217	15.997153159886382
218	17.663518198030943
219	15.491615113536227
220	19.2232744237188
221	14.89615868215002
222	18.688759798281744
223	18.284475383327976
224	18.072596046333675
225	20.413216253308445
226	11.991387382231716
227	19.24908944578714
228	17.86609722002046
229	17.057139031590278
230	15.820943356044154
231	18.99233420421591
232	16.499836328118175
233	16.27114331168871
234	14.364706254567313
235	19.5780226513199
236	15.152799052300786
237	16.79273292081377
238	18.01513333158039
239	18.245909908393514
240	17.193314728490318
241	14.537166029419263
242	17.640421238558563
243	16.894672574377942
244	16.442991658595993
245	12.414919640871673
246	15.873698823414244
247	16.62903781702366
248	18.815595256291786
249	16.75961912411048
250	19.775261506814026
251	9.32721457360343
252	17.10902430651058
253	15.414715387241896
254	17.7531601197147
255	10.280004171144633
256	18.571849555927667
257	17.332127459621766
258	19.709671937958582
259	14.843068887512866
260	16.669039950691758
261	17.31721227855637
262	18.840407324543413
263	14.413255037809988
264	16.75796580293536
265	18.676864422252816
266	16.56597953498713
267	21.420404644190477
268	17.64906349522541
269	16.189947816355016
270	17.090294536351394
271	16.64052933920175
272	18.405291172506825
273	15.234375299622318
274	18.25165817152158
275	15.02337656127862
276	16.405510772556926
277	17.1172059929379
278	15.147755649406463
279	18.82758822924412
280	17.51604362554633
281	16.023041793790373
282	18.09152722975378
283	18.877870862827386
284	17.25587401892014
285	17.214743507008755
286	18.96362960654115
287	17.084200590533474
288	15.460746068582159
289	14.170168418193965
290	17.27834897813723
291	17.41747520511066
292	17.030902961786424
293	18.751114763643088
294	15.341037172206958
295	16.519608729351212
296	16.447280371516214
297	15.401914000770931
298	19.128710401226716
299	16.990485973875778
300	17.77034017390688
301	15.314043596245028
302	16.534084357349457
303	18.25144210983126
304	12.351971545326524
305	17.186500602585234
306	16.861050921413284
307	16.993820391616282
308	15.255610021293071
309	16.667699566203737
310	15.75573238082445
311	15.645833222758602
312	18.361614187839518
313	17.09122231229724
314	15.865280284281653
315	15.846673258546469
316	15.701434968309137
317	14.275494121771771
318	17.645868322150292
319	15.922037027407821
320	14.579835313501665
321	16.693367409477812
322	16.8522736893549
323	16.972266233288995
324	17.498969225853216
325	21.303082104226633
326	16.46431521142511
327	16.835037964414983
328	17.926183488537472
329	20.007476351983648
330	16.573691000117474
331	15.611226197284788
332	20.349456944098794
333	18.677211686531674
334	17.556544458062113
335	18.641661600259557
336	16.079494102010763
337	18.498980513981316
338	15.454828655109742
339	17.56536577377797
340	16.84050350526326
341	18.062336170917703
342	17.01487960845429
343	17.172552392462553
344	18.133966535764557
345	16.806832595286597
346	18.253108115603805
347	11.7655257640832
348	17.978525120794444
349	16.9445957117194
350	21.50289499879042
351	17.3605893522197
352	13.672984557770453
353	19.494310769419016
354	17.304731244936722
355	16.660806054422476
356	18.40037989354783
357	17.4536820861413
358	15.571001151967078
359	16.042471478322224
360	16.068151311789943
361	11.29592349757478
362	16.759889911301773
363	17.80265350556446
364	17.835796666397826
365	14.86796617311653
366	17.061289977334745
367	21.280126045656456
368	17.841634084223582
369	16.15653975267099
370	17.045472110546793
371	19.519703763601704
372	16.217387550864643
373	17.917222251232044
374	16.698411167627746
375	15.381831008065092
376	16.25898828582229
377	18.743807979840327
378	16.563082478419325
379	16.581773421306025
380	18.475731437551985
381	17.527500771468112
382	18.05073319139192
383	17.29762405695741
384	15.313823117511884
385	12.689053739429006
386	18.355629251753427
387	19.179675988116824
388	16.563085768678658
389	16.873345964574792
390	12.556395039115328
391	17.113811501176507
392	15.58615926046298
393	18.345964288660266
394	19.10237551609836
395	14.550664231303104
396	16.660372088046557
397	17.355626184595167
398	18.07578489901349
399	12.834536393841857
400	15.179290486717715
401	19.183314838470324
402	16.62009390086041
403	17.77538305666978
404	15.764478776285138
405	18.94784839519003
406	16.64895375240057
407	20.162481644178595
408	17.015383331042358
409	16.287145897722578
410	19.90303505264227
411	16.380987758680174
412	17.62916926986107
413	16.58499967599055
414	16.939075242169565
415	15.214109111010947
416	16.58062367495768
417	15.520827033781707
418	16.389841212185388
419	16.61145365698603
420	17.181020135816652
421	18.852010348049504
422	19.12574962929357
423	15.001026783100633
424	18.636507061882323
425	13.596449254421962
426	18.359735795357775
427	18.85876909735931
428	18.04093794860334
429	16.533335294288833
430	10.948796937190659
431	17.10710244143402
432	16.099869899704263
433	17.873975801962843
434	15.348820550664543
435	17.914277774046152
436	15.895767073569813
437	17.44338607856914
438	17.89461016487355
439	17.045362508484956
440	16.055654137443828
441	17.582836392751364
442	15.586284342691293
443	16.83454370216059
444	18.719109280461527
445	18.283315278397886
446	17.626103361590527
447	15.215108813219743
448	16.334758130419374
449	15.736596258378995
450	16.930588398310647
451	19.542270619040462
452	18.35354394186288
453	19.27915243043561
454	16.92605251718316
455	14.017778359550285
456	18.66491556604262
457	17.96953001855074
458	17.995552632905856
459	16.567640807846857
460	18.316138066940617
461	19.073017910354935
462	14.699307451163241
463	16.30094381344075
464	17.21027256049297
465	17.246998619575717
466	19.86861763501225
467	18.26719905674955
468	20.04225323661768
469	12.932405867229681
470	19.313253016133263
471	13.908036225651317
472	17.167508991497925
473	16.812246924511854
474	20.197632624082587
475	18.311485300358203
476	16.686356432864347
477	17.6964223010973
478	20.01573238394404
479	17.09459664831795
480	15.791141971442745
481	20.099743430764136
482	18.08049004389442
483	18.001278108194718
484	15.958481249196696
485	18.250572595737562
486	19.350400056930912
487	16.918992997760682
488	17.16046525301856
489	17.199737339823596
490	17.585830959490313
491	14.628258053775285
492	17.82966220897066
493	17.584465245061438
494	15.914663378211712
495	18.16004900290595
496	15.824893548773554
497	17.168503833074283
498	15.312573636216003
499	16.81485731352045
500	17.55258818760586
501	17.341735283530497
502	17.439100727545476
503	16.21536451814578
504	17.626933180699282
505	13.078936249415468
506	18.187996728581815
507	17.806484567717234
508	18.36947961008838
509	15.181860757641328
510	17.616910005813644
511	18.523418293787916
512	20.403779131512
513	16.54770344077564
514	17.61213735239012
515	18.607293499713705
516	16.115495802187496
517	16.97502939431476
518	17.487237274918098
519	17.68276646341019
520	15.574709158216137
521	16.490290084137015
522	16.851750832336663
523	17.37187376298984
524	17.11552618634053
525	19.161375849004425
526	17.83973738196876
527	15.07781359656678
528	19.537623123271622
529	16.4145437493472
530	16.26348042177233
531	17.374410685957628
532	20.3141357944322
533	16.169349017073834
534	18.758050327273423
535	17.29424378422784
536	16.46707625671263
537	14.26656976047988
538	17.35210912376616
539	15.031855341360222
540	19.419384814075393
541	17.595934313292226
542	17.7736324440757
543	16.46677818707044
544	18.198307145794388
545	15.701809429320006
546	17.93224609182761
547	8.815585831200758
548	17.135690623142406
549	18.32320731631134
550	16.375312119233058
551	17.72142701036512
552	17.233243018869192
553	15.676030889959602
554	16.955175320352012
555	18.16368378684771
556	16.204292805329192
557	16.803984481469904
558	16.754287550838683
559	14.877685207317377
560	16.784471944764775
561	16.2031544739083
562	17.728949807806202
563	16.15571164540977
564	19.93405273044658
565	17.88928674841918
566	19.49682053760202
567	14.344616441185021
568	17.779137295578987
569	15.0877562812698
570	16.867525103739656
571	14.406082717899192
572	20.398702893376264
573	15.026877991428288
574	15.671593492918808
575	15.331688031734584
576	15.304089375315957
577	16.18655517825964
578	19.12430168282325
579	17.409739312239253
580	16.725007527676173
581	18.40848046731359
582	17.196096478783147
583	18.497959769123394
584	16.687234258337412
585	17.637162139552476
586	18.12128498647732
587	18.518508025481424
588	18.061929762979464
589	17.98289643895832
590	17.83215621755157
591	13.580078136829588
592	16.76044094568686
593	18.0668161770395
594	14.004826147390036
595	19.435430799044266
596	19.43969604238061
597	15.463371132950012
598	16.34968951588441
599	17.800500341673615
600	15.362769950173735
601	15.597838731414145
602	17.086983538112243
603	16.589849237631523
604	17.035123387098793
605	17.108550032082306
606	16.662313559491718
607	17.659397735766106
608	15.123503055748312
609	17.07118000693299
610	16.95626553468434
611	16.84283769289115
612	13.882682990552368
613	19.864309747870564
614	17.749655946043575
615	16.97235397176872
616	15.369890861509537
617	17.042955607988887
618	17.20387298851773
619	16.51273517532141
620	16.221121307437148
621	17.985309621671128
622	13.51437277798731
623	16.698470442908565
624	17.147425227794884
625	15.863051978783915
626	15.812214832498285
627	17.872082853084844
628	19.296889172106603
629	18.339975777460957
630	19.473082977564097
631	18.18943236443738
632	16.61973692055035
633	15.503997878960895
634	18.35489231284702
635	16.349212677312945
636	18.126564618532377
637	19.10485816521557
638	16.504997428198628
639	18.571474693631114
640	16.534170645426194
641	18.31605163835741
642	16.416318030271214
643	20.15467006377072
644	15.4290461603479
645	18.5922750558212
646	17.949803204102864
647	17.2416713982195
648	16.336564220803076
649	16.53289317519456
650	18.447950568526764
651	13.829298634861791
652	17.396659249102843
653	16.736506254054788
654	15.51592447792791
655	19.23163749286058
656	18.185371534962627
657	15.790870977524069
658	15.926646164095384
659	16.04340389515485
660	12.177809432156963
661	19.24092508561282
662	13.520948048913851
663	17.150193092691254
664	17.828342575070064
665	16.91082249596858
666	18.13838870917869
667	15.754520619887735
668	20.91777341049815
669	16.39096579557554
670	16.958409490540536
671	17.501630801878704
672	18.234263079937502
673	18.322081533229113
674	16.37298630127722
675	14.901234806101918
676	16.06972089911441
677	17.286076100674524
678	14.750475038363794
679	17.63791816038463
680	13.938111371060206
681	17.538848090757018
682	18.893975945475
683	17.831125293016576
684	16.84837576469678
685	16.19885886672207
686	15.956808861842312
687	18.29182320534139
688	16.758739665018705
689	14.811286395831022
690	20.2653361133252
691	15.723212562918585
692	18.277557986082684
693	17.084809581867496
694	16.760527334763623
695	16.883365042836886
696	17.64321890089548
697	17.38278877617216
698	15.961679319026493
699	18.88494035703527
700	18.031895271933855
701	17.58348502493195
702	17.505274328008998
703	15.416233884968744
704	17.563693476160623
705	15.888334050482692
706	18.386366341673373
707	15.121605300609618
708	6.436052096477296
709	17.323479230300972
710	18.743094701558892
711	18.91298142391183
712	21.430183609348237
713	16.13713754148392
714	19.09119221379709
715	15.364661884916897
716	17.30030821142057
717	16.558103290388615
718	19.243954696222147
719	14.159588976502842
720	19.712844110708765
721	17.176473980610115
722	16.47629054244169
723	16.25788362322237
724	15.897668993869184
725	20.83239642930234
726	16.527211727208826
727	20.5884102310441
728	15.969003588777817
729	19.430847103358246
730	17.348466399439364
731	13.72667228250812
732	17.577360837249685
733	16.2140813951765
734	17.028308437864325
735	17.54559805216691
736	15.473107556981544
737	18.99001589535067
738	16.82067602899042
739	17.27072548877018
740	17.36297527186798
741	16.722967600515403
742	17.324808507483564
743	13.571214343666247
744	19.473629506462537
745	18.080353795920555
746	16.90475967620233
747	19.445598625214412
748	15.289317883314181
749	19.441368103922287
750	15.625478939961694
751	17.692619937112763
752	16.38673107358553
753	18.05749157808532
754	16.543063067165868
755	16.682338665134186
756	17.75233800237318
757	17.06108185226185
758	17.996513505300328
759	15.294176705052248
760	18.635229245713766
761	16.392273350404427
762	16.36897368868028
763	17.632550916603577
764	18.85473795376764
765	14.725166525083992
766	18.78462624903567
767	17.170257339936143
768	14.076167761304294
769	16.937867302863914
770	18.28957925316146
771	15.707499461714178
772	18.80400554980368
773	17.627338761582084
774	18.62591029081159
775	15.405739968140091
776	18.956376913659966
777	18.49402693461774
778	17.357191170420265
779	15.819046106024341
780	15.679918089688671
781	19.088083979824532
782	16.831348787623096
783	17.413928803705534
784	17.3383281905193
785	13.20020819976961
786	18.220974003014685
787	18.101271810470383
788	16.173200796827643
789	13.63890859070992
790	17.14218678937673
791	16.29287518806946
792	14.813180734945595
793	17.7560234954054
794	15.021235493236667
795	16.395377041007716
796	17.176293396197774
797	19.72201537375169
798	16.09838275813696
799	16.494324637452586
800	18.352716486366262
801	14.501961095688824
802	17.83700962952389
803	19.473859878084234
804	18.3122558088242
805	16.479090193976212
806	18.610239074730114
807	17.482805032942753
808	15.674153660555225
809	18.21772234446025
810	15.310319045681972
811	17.74096968320938
812	17.993500486989635
813	19.702265921100043
814	12.902535970307927
815	19.290790852047106
816	15.721750134534886
817	15.826498347840138
818	18.595473734090607
819	17.763305012553246
820	17.74389786391681
821	18.413054207604283
822	18.57640794951003
823	15.982056463122717
824	17.570619961887132
825	17.493685467546563
826	17.246086297433287
827	16.17120175960759
828	17.143595660288288
829	17.403325579871495
830	16.171647494667923
831	17.29754280654544
832	17.180190295740765
833	17.21294213250624
834	14.124726079043466
835	19.292431423425054
836	15.987050306279343
837	18.91652011503889
838	15.458146109224764
839	17.645216012500168
840	17.96168879724159
841	16.022538706505507
842	18.470776909461712
843	17.143453269115916
844	16.601399160056776
845	14.639889977803076
846	17.43726430257559
847	9.566556948673679
848	17.18741624393839
849	16.45387597931549
850	17.496879817598263
851	17.035930050562065
852	15.717037978964072
853	14.242473828069965
854	18.36031312540449
855	16.007457300745106
856	17.374029837994577
857	15.877841357314693
858	20.00028408679358
859	17.218603583191758
860	18.24634526877162
861	17.228927404838032
862	17.414499569840114
863	16.336662271013484
864	18.173087071734738
865	14.042641029912158
866	16.95602610688306
867	18.2864655068584
868	15.79603631418879
869	17.470486310357956
870	11.394723680682798
871	18.919235754671337
872	18.647040624654334
873	15.841987226798665
874	17.63840317153924
875	17.940190936233424
876	15.124160176813742
877	14.366770351944176
878	17.882627017345563
879	16.847252421239183
880	17.79586112761735
881	9.31678481693168
882	17.976034536380382
883	16.563764687980438
884	18.225983708241614
885	17.72487152690701
886	17.871699348777213
887	16.04879892484233
888	18.467253633776757
889	18.300128203023633
890	18.760671198257985
891	12.56133414925584
892	17.07192750913776
893	17.220689714043623
894	16.314373855499717
895	16.985466466188573
896	14.894066718087295
897	17.857353227590863
898	15.027499430985058
899	19.303883240768933
900	10.838362582041448
901	19.74674796372237
902	10.90133982903324
903	17.043078878734377
904	16.915089760504134
905	17.727432638168445
906	18.239039139234507
907	19.521965903921227
908	16.59817153605723
909	19.240264381487346
910	14.886070331124673
911	15.836404587581068
912	20.674996351102696
913	16.79088011184857
914	16.19278018369944
915	17.16771580908001
916	18.316942888859035
917	14.353854204267485
918	17.012121283079864
919	16.213339695177012
920	14.916311011255358
921	20.34513184162097
922	12.388064090992945
923	16.480479095670177
924	19.168584107986543
925	15.84922275527606
926	15.62964477940659
927	18.562779728592083
928	16.61845518927663
929	15.694201454777078
930	16.273045318035752
931	16.957995164129603
932	16.606595402660176
933	19.520383488497536
934	17.619314108593308
935	17.649248693503015
936	18.910073529806272
937	17.381517969873077
938	17.326010018507887
939	15.061512891813898
940	17.823971009844662
941	17.552842861512545
942	14.996726781185513
943	19.21467100496001
944	17.772052058712315
945	18.953530005870178
946	15.763253589805085
947	17.967295473729536
948	19.026502229887924
949	18.078668252090463
950	16.958994039779945
951	15.81318126647966
952	16.063208996240036
953	16.490757959536968
954	12.117047487723704
955	16.97492432713043
956	16.371703071412004
957	17.32902849301172
958	17.686447925098037
959	17.085138450719008
960	15.885495512751731
961	20.473669456476422
962	15.0640604968865
963	18.066856820001117
964	17.922455189032917
965	16.126137319743066
966	15.616733611611005
967	18.808427010655755
968	14.599048722535372
969	16.133682171395048
970	16.8496109522061
971	18.304812168201003
972	15.88605317618567
973	16.17939556256101
974	17.032305958614284
975	18.322775516627726
976	14.41464946623455
977	19.79448234649608
978	18.531444215522654
979	16.003251963382354
980	17.61607755728854
981	17.867220020547563
982	17.597483859072106
983	15.837701332620053
984	19.549135703984096
985	14.587964005787702
986	15.39610310128699
987	13.314534526985918
988	18.467966240534224
989	18.348482964450564
990	18.918899106164833
991	17.008688808747984
992	16.318644313553815
993	18.332493443761827
994	17.824156887277763
995	16.39113778730802
996	17.469234356074594
997	16.171815318517922
998	12.480062138906215
999	19.14742548361149
1000	17.099771047286495
1001	18.18626886296324
1002	19.05254404640485
1003	14.62399508355797
1004	17.46343268367127
1005	19.520292758324004
1006	14.033518787889625
1007	19.871799593094952
1008	18.74917968920624
1009	16.054608299089264
1010	18.112761684046184
1011	16.444738240995427
1012	19.82255093966766
1013	14.563546159263687
1014	16.974289514274354
1015	17.202587486690998
1016	16.080039643506097
1017	14.961232039719247
1018	17.92999214777124
1019	17.769555680927073
1020	17.52521870345739
1021	17.54387920917156
1022	15.71761241245509
1023	17.047199651762288
1024	17.681775415612055
1025	17.32876915773556
1026	10.840932242985783
1027	18.602896643611373
1028	16.630391943961556
1029	16.726551206869363
1030	15.30898079930921
1031	15.8950994840295
1032	19.383496552306216
1033	17.96550095317335
1034	15.827566751628183
1035	18.12610593911696
1036	16.233562597033746
1037	15.319395917621229
1038	19.03296921988604
1039	19.255265302320925
1040	15.955262799405206
1041	17.81749850283155
1042	18.635501290581978
1043	15.57231556129409
1044	15.2838649902842
1045	20.367073129842368
1046	16.034942967146183
1047	18.365245353553274
1048	14.769281264502816
1049	18.91546878109729
1050	17.210941252410592
1051	13.949783167336136
1052	17.83054870174645
1053	15.582424717821237
1054	16.021695627347885
1055	17.12113766289962
1056	18.141409846891047
1057	14.618220425239487
1058	19.192484287370462
1059	14.782911627160109
1060	19.6528646301573
1061	20.403869963133552
1062	18.050066134419794
1063	14.721621488125741
1064	17.42585423929882
1065	17.966776662378766
1066	14.247741087435067
1067	16.018791440408677
1068	16.12758017208678
1069	18.616997202053632
1070	14.216344105155576
1071	19.33055867688612
1072	16.779662326716686
1073	17.728550199443347
1074	18.577339071554775
1075	12.411972512640299
1076	16.474123481031576
1077	17.9724409060207
1078	16.22798401309992
1079	18.017363061907535
1080	16.329908616105307
1081	19.166097757129354
1082	16.92240056506326
1083	16.901858299873613
1084	15.530234372501287
1085	17.424499040973995
1086	21.413919204380363
1087	14.43191480621681
1088	13.37835290029328
1089	16.462277855088157
1090	17.659111104881518
1091	17.714600889785547
1092	16.628635589164332
1093	17.72187985978614
1094	15.388518755927429
1095	13.867923601964197
1096	19.476925036209206
1097	15.40527626489504
1098	15.996703434027475
1099	15.8300379952268
1100	16.924880707308546
1101	17.2731386246889
1102	16.767807955361114
1103	18.01712572996521
1104	16.015730755726597
1105	19.091098136953217
1106	13.196958581758464
1107	19.612727686068474
1108	17.36429602188517
1109	16.783123972665635
1110	15.614669164678512
1111	16.178301537122863
1112	18.583095394008946
1113	18.667909114546358
1114	18.65817964553571
1115	15.925037672347708
1116	19.066180527925358
1117	18.400218607173883
1118	16.481312576597908
1119	15.6591254987559
1120	18.223151004743443
1121	15.437313864419263
1122	17.593608953121027
1123	20.052424749007866
1124	16.03363088229006
1125	18.55084304989404
1126	15.848122808856715
1127	19.298602281107765
1128	12.504978183706319
1129	18.96969052982479
1130	12.31498737902277
1131	17.869150402725495
1132	17.060734755137847
1133	18.035976544653455
1134	16.47988374732824
1135	18.304958155802783
1136	16.99954386575458
1137	19.117856391528623
1138	16.28646715774334
1139	16.364603318574996
1140	16.998305391157658
1141	18.619673324556185
1142	17.496936032755862
1143	19.83291794768431
1144	17.504579487929732
1145	17.61354760879476
1146	17.402165777121233
1147	14.778598435772166
1148	16.96752163274297
1149	16.400610493713625
1150	16.37028701759118
1151	16.03846450443234
1152	16.015232005016877
1153	16.009694123125104
1154	16.047490777549214
1155	16.781805310782307
1156	19.52662840501692
1157	17.888995151010413
1158	17.350772456894628
1159	16.778821165924455
1160	17.98420994664881
1161	18.726305644436238
1162	20.34715750876519
1163	16.31633221033671
1164	18.421987644678858
1165	17.814883867189145
1166	16.02516094371524
1167	17.250052706442343
1168	15.95515901135142
1169	17.434172552941583
1170	15.938545531990778
1171	19.12777355378333
1172	16.982550137010485
1173	13.285728996222907
1174	15.786395494873293
1175	17.857915990292096
1176	17.119406783179393
1177	16.049474022902395
1178	14.186831593608199
1179	15.868899303481157
1180	16.74386960907713
1181	17.546176096613635
1182	13.279111678700712
1183	19.863201705174003
1184	16.014521467617
1185	19.40676760104926
1186	18.503959112079635
1187	17.077834606724856
1188	17.432290894449118
1189	17.559134009986145
1190	16.801227912284762
1191	15.142815786835161
1192	16.734220617492852
1193	15.718844960798213
1194	16.129207945573143
1195	18.751590942860847
1196	19.864452759429934
1197	16.975539343418287
1198	15.130983736022332
1199	18.402629081396356
1200	17.805552529086444
1201	18.55336615104378
1202	17.614240572268013
1203	16.213737749128736
1204	16.219804427682078
1205	15.925827058601758
1206	21.301586323747568
1207	18.17108769259917
1208	12.057863013796686
1209	17.527565058846896
1210	19.632583107296867
1211	15.89508077719134
1212	19.22815333265125
1213	15.848956291574554
1214	14.996003486554226
1215	17.552206144046455
1216	12.566897740865487
1217	17.783795043711596
1218	17.424128746326055
1219	15.718581269659154
1220	16.43111146438605
1221	17.99730342864946
1222	14.517056773180112
1223	17.603512478175393
1224	17.77454740873913
1225	15.924139460516422
1226	16.78340235938533
1227	16.621711462612865
1228	18.859744368949748
1229	16.423910694868354
1230	16.22544917963179
1231	15.844742551771924
1232	20.897127975875403
1233	17.97768597149277
1234	19.049275314358912
1235	14.072374206954716
1236	19.286942167460307
1237	15.461525077298147
1238	17.465704713431478
1239	16.43573228480508
1240	17.942850059253118
1241	15.711927416012879
1242	17.544306049599815
1243	17.973968130237473
1244	17.476699549028265
1245	15.823822822113152
1246	15.624575924059963
1247	22.923064128370026
1248	15.740520836332532
1249	17.107778251959957
1250	21.225005166078336
1251	17.318634870665846
1252	18.426560242375498
1253	15.44272036050488
1254	20.33487452282451
1255	16.5106074606948
1256	20.793030513171107
1257	16.758368388033453
1258	17.415427227237853
1259	17.953578811753847
1260	18.23973158794669
1261	15.5241759651861
1262	15.652691274366969
1263	14.907064645871287
1264	16.04035325832906
1265	19.156496948824906
1266	18.079839635358162
1267	18.201142207283237
1268	20.74109490944797
1269	16.287497381377033
1270	16.685477426071436
1271	19.536087863773492
1272	17.29008020232355
1273	17.99503500926165
1274	17.185137291257078
1275	16.23102816451501
1276	14.155809925968892
1277	18.77482339427973
1278	16.316649724478385
1279	19.730249630993175
1280	15.299696537398441
1281	15.774832111220652
1282	16.075717271142143
1283	15.71229875676363
1284	16.534039751150427
1285	17.001762473785472
1286	14.25328934855941
1287	18.514911024896907
1288	16.957431894868932
1289	16.056427757060455
1290	18.960464287577576
1291	13.863429896616273
1292	15.020999214894166
1293	17.088538818335646
1294	17.421131379603008
1295	16.568601732641728
1296	18.01102715497405
1297	14.925305815169935
1298	15.621715314726655
1299	19.909372221751592
1300	16.081337064017305
1301	17.177145593468786
1302	15.749412792734802
1303	13.586184187045815
1304	17.89300168112413
1305	15.340519578872426
1306	15.164501816335939
1307	18.879669300179163
1308	14.662841609310803
1309	15.578278893688548
1310	16.45055788708029
1311	15.97258642642203
1312	19.636919643001868
1313	17.13542066689728
1314	20.229641545674674
1315	18.46621011588886
1316	15.02056929595111
1317	17.29538272161998
1318	17.75247575062216
1319	17.340910206573522
1320	17.982715137684863
1321	14.071969825446502
1322	16.86398628684513
1323	16.449623033830658
1324	17.962068447446654
1325	18.149159482174685
1326	15.942780325585773
1327	15.157713473582316
1328	15.383493255849721
1329	18.557737288570934
1330	19.418478885364003
1331	12.886765463569795
1332	18.915652038747794
1333	18.900534302108333
1334	18.540626297231185
1335	16.126728261636185
1336	18.249011588646944
1337	15.477450023029874
1338	19.37947271724062
1339	16.426094982725637
1340	15.501650902177062
1341	17.41235375943749
1342	15.10546144472197
1343	17.948025108433203
1344	16.883402406012245
1345	17.810675297390844
1346	16.845007842122868
1347	16.722140424526653
1348	15.841159173517092
1349	17.902542013302444
1350	17.770261532020605
1351	14.362275098071455
1352	17.465491205550588
1353	15.863054852055516
1354	15.841491495135564
1355	18.066912687389006
1356	16.28134920994853
1357	16.974264762724157
1358	14.23527067497542
1359	20.161693567208324
1360	15.845771028208905
1361	16.42037004482357
1362	18.704613506882453
1363	14.342508636131727
1364	16.069291050291874
1365	18.21434784110307
1366	17.305552785343025
1367	15.320067882527013
1368	15.939539963506832
1369	17.49428729990194
1370	17.6431405438552
1371	14.784314249674935
1372	16.3429768549751
1373	17.337744244231896
1374	16.32326056382226
1375	14.723483211516092
1376	16.635919952689186
1377	16.861517758419115
1378	18.016770257358438
1379	17.37473934456717
1380	16.185365456470755
1381	16.449064266561578
1382	17.42923014260664
1383	18.277580632636
1384	17.73777923727623
1385	16.830605626609984
1386	12.964510966443791
1387	20.89808933003116
1388	19.048402002035623
1389	16.082923454217653
1390	16.30465583910509
1391	17.37395911585148
1392	21.895687171482834
1393	16.492568538222258
1394	18.701983367959173
1395	16.772102294625856
1396	18.877055465180618
1397	17.977802260580365
1398	20.15920122391453
1399	19.20584457954882
1400	16.474655350581905
1401	13.375159800817658
1402	17.33705290108919
1403	17.511082757839397
1404	17.484750015444074
1405	15.09866590546305
1406	16.43691317981384
1407	17.470996038483765
1408	16.92306329337104
1409	17.652821359971153
1410	15.659452751782707
1411	16.841135924890082
1412	19.395641516526666
1413	17.72392494589175
1414	20.340528892036673
1415	14.978579864480707
1416	16.250500739759396
1417	19.232708920656446
1418	15.766924553895242
1419	17.94706730284388
1420	16.646227916673972
1421	16.904666540539537
1422	17.745620181116077
1423	18.023457407838002
1424	16.68684422857958
1425	16.567583747308895
1426	13.877131656365236
1427	16.64865063898122
1428	17.741785945102144
1429	18.769166403564697
1430	19.168096460125525
1431	20.12853872386809
1432	18.121831603517336
1433	13.436338723283994
1434	16.759391932573635
1435	16.30442875676872
1436	17.491271874925587
1437	16.837183171198593
1438	18.86597046385018
1439	17.058479724680975
1440	19.324996740291553
1441	17.131341817276
1442	16.51817034659172
1443	19.354759114615334
1444	17.66190581087817
1445	15.04593347955597
1446	16.615928618119053
1447	19.610819628358716
1448	18.32296196819822
1449	12.27418634227684
1450	20.57613324567104
1451	16.959619570872746
1452	18.629031399823724
1453	20.296277622946608
1454	18.37865890550529
1455	17.54903054865362
1456	20.522390752490278
1457	16.878903263044776
1458	18.42890788173827
1459	14.294329258424806
1460	16.37434987780483
1461	16.248805481988445
1462	18.148272272744048
1463	16.35301502722029
1464	17.889501742182276
1465	18.48537502659943
1466	14.006905378047376
1467	18.944469864850337
1468	16.574669780085124
1469	18.993082554431485
1470	18.404425873409192
1471	14.222530106333299
1472	17.824424237271565
1473	18.372154562962333
1474	16.243193028341622
1475	15.678254978265613
1476	17.362492941231245
1477	15.544559791659077
1478	17.83679946978754
1479	16.722537113331782
1480	14.419262865478439
1481	19.772905963413827
1482	17.24225287428856
1483	19.388281057793535
1484	15.478140355728899
1485	19.086149966814375
1486	15.171029591151248
1487	16.59856953397859
1488	16.17052044256662
1489	15.991298077218032
1490	17.837994815548882
1491	15.968333806209557
1492	17.38049366058397
1493	11.607617078743512
1494	19.58676886595536
1495	16.063022931676986
1496	15.526521197688998
1497	17.93215191378908
1498	18.79611850950113
1499	15.990570314930665
1500	16.6248230039897
1501	17.034215375844557
1502	16.532796769718622
1503	17.28245961211311
1504	15.263395053085972
1505	17.77230141635175
1506	18.80684404950704
1507	17.121585888413303
1508	13.551065332164208
1509	17.536543111393257
1510	17.259704646403407
1511	15.418016681394189
1512	17.434479860795506
1513	17.370224851003233
1514	16.40699570327997
1515	21.323897647697564
1516	15.966984837955337
1517	19.460362748130027
1518	17.44759606263445
1519	19.547331979297187
1520	16.48526479928689
1521	15.860759601793001
1522	16.408805834489282
1523	17.90332057224983
1524	15.137423305146513
1525	22.96174495062307
1526	16.157611113802815
1527	18.87709164942385
1528	11.347556656293039
1529	18.46723863209627
1530	18.091863080519527
1531	17.09625764906643
1532	16.82477834753015
1533	15.921039191270912
1534	15.39926599189917
1535	17.145647202122717
1536	18.24884799498719
1537	17.993127345696628
1538	17.985603945236655
1539	17.60787233393812
1540	18.069890535658136
1541	15.986981131372312
1542	17.159128036464637
1543	19.184463017351746
1544	14.80638213090909
1545	16.263131249519184
1546	18.85321262348335
1547	15.930339949129015
1548	17.626074874169078
1549	18.173132213657066
1550	14.779283769371816
1551	17.593552551651374
1552	16.51175441173572
1553	16.55659116128282
1554	19.221069683582396
1555	17.79745973568818
1556	19.152699505545964
1557	15.666813837311214
1558	18.511431027940045
1559	16.249892909403336
1560	18.363781085169382
1561	16.080155045844297
1562	17.274838404351613
1563	16.84074690374473
1564	10.36168088430581
1565	16.63377425224134
1566	20.000741082208343
1567	20.036518093729086
1568	14.926971609125758
1569	17.12182395085856
1570	18.057407215804673
1571	20.416736013891008
1572	16.51966513944717
1573	16.315042627493515
1574	13.100890690443764
1575	19.23436649712312
1576	12.100024957751293
1577	17.215144848101772
1578	17.65662800086284
1579	16.2391181887612
1580	17.549962962985482
1581	15.938683185155805
1582	17.236378605743084
1583	18.31842595722628
1584	18.05733464728837
1585	12.925714112923243
1586	17.733904517276148
1587	20.00735186843879
1588	18.60547862994829
1589	14.775916927017619
1590	20.645918369267342
1591	17.508816581856294
1592	18.146051891052
1593	13.65125657454641
1594	17.150498783327546
1595	16.31156565062254
1596	17.02680635661264
1597	17.482010703068227
1598	18.380267624757185
1599	17.884019363315446
1600	17.80446368081594
1601	18.619571265480403
1602	17.70097951563851
1603	16.65148642020566
1604	15.618922321093377
1605	19.28114572076811
1606	14.791382562007389
1607	17.104942454767297
1608	17.79688163874222
1609	18.022745768555666
1610	18.4054661644924
1611	13.440403168465485
1612	18.10163747480071
1613	17.97893322269205
1614	17.787650117730784
1615	17.15718891992515
1616	17.975664191098453
1617	17.25873446954938
1618	16.361957735984276
1619	18.368274670392058
1620	16.98128823483804
1621	17.60669110158787
1622	16.441512380924383
1623	19.13321949283216
1624	15.95656097289287
1625	18.899377342080697
1626	15.337764955329014
1627	16.29881038961321
1628	15.112141939269245
1629	18.100698715055973
1630	18.984352682214443
1631	13.537817692584717
1632	17.847347022168833
1633	16.697775374559352
1634	15.642390158074704
1635	17.55111834680564
1636	16.811008476236164
1637	17.755079765789784
1638	17.515049828633078
1639	17.417975944965292
1640	17.42744463488035
1641	18.418441843149402
1642	17.628220337645754
1643	16.728294734409527
1644	16.267998420644826
1645	16.841742471115488
1646	18.04246897627932
1647	16.12966541158441
1648	14.991632012999617
1649	17.77354010933471
1650	15.336944019612433
1651	17.551643791388198
1652	17.310186143594738
1653	18.43931082079367
1654	16.635416677783777
1655	16.774546386228508
1656	15.286452811765706
1657	17.046380229826486
1658	19.501960038028077
1659	15.936145723490315
1660	15.617682290008913
1661	18.167424803169485
1662	16.703197429077356
1663	12.46437766923792
1664	17.788352271135853
1665	18.559771418000484
1666	16.457737900598563
1667	18.212090654239585
1668	15.913141496367947
1669	17.319012149261606
1670	16.505430615569153
1671	16.531655245089496
1672	18.458132032118737
1673	18.508206790802788
1674	16.970190617497014
1675	17.91897137014706
1676	18.422269805928227
1677	19.37474081991593
1678	17.078453212423483
1679	15.491777398943668
1680	15.436135718968751
1681	16.837318770064417
1682	19.5364095095398
1683	17.35950924775635
1684	14.208983532719028
1685	10.85192920705727
1686	21.035149451193867
1687	16.508931305048367
1688	14.924439224692133
1689	15.977579288806737
1690	16.60807849195834
1691	19.28468355052066
1692	18.999421108885144
1693	16.60285344838093
1694	19.153890154716606
1695	17.18763877161109
1696	18.643542658848066
1697	16.53036337868812
1698	17.719712752383202
1699	21.186823165301966
1700	15.5969367346903
1701	16.95931407056648
1702	15.446299185159688
1703	13.282336823376827
1704	18.80328176224289
1705	16.779457317839842
1706	16.12190409731878
1707	14.575860229972022
1708	17.80993083022836
1709	18.13254683800551
1710	17.192929447479194
1711	19.051976020349684
1712	17.514243388286097
1713	15.836972379591316
1714	15.837577845947816
1715	18.14905623703574
1716	19.346041002925002
1717	18.001437858045648
1718	16.924794462845764
1719	14.57973584213491
1720	17.766686220190568
1721	15.245574012149259
1722	17.95794648192532
1723	18.08887896211818
1724	17.647792974742494
1725	18.8581680694437
1726	18.16582937223656
1727	17.613831427576248
1728	16.39479714509999
1729	14.332383450117362
1730	19.570681603588458
1731	16.39147763039218
1732	20.437021273878
1733	12.269009255245328
1734	19.776431429007342
1735	17.98282755916569
1736	16.730422133376123
1737	16.95362671448089
1738	18.75479359298193
1739	16.01865824060444
1740	17.027735088184528
1741	17.583496600038327
1742	17.101426292768927
1743	16.740418284196316
1744	15.251324982066743
1745	16.08714725237268
1746	16.28632090805793
1747	15.140513131340413
1748	19.417213108301727
1749	11.653716519527899
1750	16.99854195597734
1751	16.697496496874727
1752	19.335353891896247
1753	15.717257985796019
1754	17.478352107261035
1755	17.359785871458907
1756	14.376348428899655
1757	18.169889023577394
1758	15.08721679997466
1759	20.89545888538637
1760	12.733894681944513
1761	16.62875933311362
1762	19.11220342179399
1763	18.010173779603722
1764	18.37526409974385
1765	18.30809923460331
1766	17.776572020497966
1767	18.29933820993756
1768	14.639030143246055
1769	16.98729682371486
1770	17.202290676805813
1771	17.545278998525728
1772	16.107655304471415
1773	16.921329569330233
1774	19.37671219856413
1775	15.532284045642882
1776	15.884605526532555
1777	16.61717624456385
1778	20.89597451411571
1779	14.87814380887652
1780	16.985570508600976
1781	16.67159767172052
1782	17.65791627098806
1783	17.80801321147527
1784	16.58118925362897
1785	19.156182998724812
1786	15.664953392547451
1787	18.039670990753276
1788	15.963774226616476
1789	18.337092731085004
1790	15.262159412028268
1791	15.986204668976155
1792	20.881395169961223
1793	18.71798168847051
1794	15.18392628580997
1795	18.922047630379286
1796	15.266619743578428
1797	18.612450606377323
1798	13.086266870615708
1799	19.85878491557378
1800	16.11383750015099
1801	19.444342493267
1802	18.292452443877377
1803	20.28085801128319
1804	13.372090642789898
1805	17.993005310576958
1806	15.819314163316795
1807	17.319851300340815
1808	17.113045009891227
1809	16.875722099525174
1810	17.726125888495396
1811	16.297374618592585
1812	18.178130462076705
1813	15.414412248914756
1814	16.269869785254393
1815	19.01198354315617
1816	14.79878870529924
1817	15.613305736529583
1818	20.111547559187475
1819	19.880250864869755
1820	18.03488406503311
1821	17.601229714799242
1822	16.719781294374116
1823	16.493197804427567
1824	13.14185209318419
1825	16.609242302766788
1826	16.863123479804926
1827	17.020742952526135
1828	17.89249982980878
1829	17.331604646193835
1830	16.6600853440832
1831	16.826673818946194
1832	17.372826014188053
1833	18.007659043952234
1834	16.49383579895107
1835	19.506960699985544
1836	14.465591398905268
1837	15.548803843710928
1838	17.470282323098218
1839	15.872194897401931
1840	15.245617413137328
1841	15.620550977773437
1842	18.127259105746635
1843	17.073443039310174
1844	17.111776873465658
1845	17.949529370458453
1846	17.16417084731871
1847	16.44670652758385
1848	17.20088559281616
1849	17.85772398420621
1850	18.88407888493338
1851	16.04506925932433
1852	16.786643857759753
1853	16.71071465649642
1854	15.564961049592856
1855	19.15722922405807
1856	15.8118876133085
1857	16.81481883734449
1858	17.620694084984155
1859	17.964442537674824
1860	16.581624227540388
1861	16.950553590013907
1862	13.985079885377283
1863	17.129971379347676
1864	15.845124959076202
1865	17.452107644955525
1866	16.74764083683687
1867	18.193959369800723
1868	17.04721429294664
1869	18.51528954659645
1870	15.77975103300109
1871	17.23740373490312
1872	19.131628356562164
1873	16.59308297261374
1874	14.842844825628323
1875	19.192113145251746
1876	15.23854745236104
1877	17.024157875119858
1878	18.677392094220412
1879	14.26876270194086
1880	18.49596217321232
1881	15.645532482314104
1882	14.749102024195823
1883	17.83511001301903
1884	16.42576994106639
1885	16.766176462583687
1886	16.070763023856536
1887	18.77971369486113
1888	19.60086372045015
1889	16.841435821774542
1890	19.921609980403446
1891	18.948072837072687
1892	16.35448358741156
1893	17.094991776109154
1894	16.685094840230054
1895	11.333825102877906
1896	14.618329776599156
1897	16.178181475585777
1898	17.75434733610315
1899	15.813955778109197
1900	16.969249255998875
1901	15.552034278421901
1902	21.07867741981602
1903	17.43701295460397
1904	17.71902594150537
1905	18.378622969509497
1906	17.21485537785607
1907	17.250244371127337
1908	19.08120735923435
1909	17.114839320694696
1910	16.51306110159203
1911	19.45067148666208
1912	16.2130365716633
1913	13.459792384459496
1914	15.32719823741992
1915	17.742678151196742
1916	16.640890415816102
1917	18.09549151792979
1918	15.509492294839584
1919	17.097882906188413
1920	17.048058287591406
1921	17.0900237360081
1922	16.425628016654787
1923	13.787160184241657
1924	19.006147236705146
1925	17.92282102840235
1926	16.821878091240986
1927	12.84729469472742
1928	17.44097088495255
1929	16.856265339276433
1930	17.431781710904712
1931	19.571041826779645
1932	16.207472437169812
1933	12.727239137624993
1934	17.430907884138062
1935	20.129380110793694
1936	15.702038595220074
1937	14.509551858063787
1938	22.173199319780213
1939	18.930803232386097
1940	16.378646597215855
1941	18.31109729614825
1942	19.509411710919814
1943	17.509936289179254
1944	20.618591638010304
1945	17.15823224695302
1946	18.3417026152747
1947	18.08983753496208
1948	16.9091296938683
1949	19.187464179227348
1950	16.0049518533938
1951	11.626454961923882
1952	19.13351623796313
1953	16.890678003870562
1954	19.024485356010565
1955	14.697822572850702
1956	18.276869904651726
1957	15.134051521422428
1958	19.161298514697155
1959	17.138417202545416
1960	17.888576371991938
1961	16.619729038954784
1962	14.471762112580196
1963	15.336036038710377
1964	17.525081234019517
1965	16.09994157493606
1966	17.35164915295121
1967	16.86085584528653
1968	16.073049728707332
1969	16.44098750196484
1970	16.539737431554876
1971	17.20760156670076
1972	18.455015620109855
1973	15.65139045281509
1974	14.049855629280817
1975	17.991989286729535
1976	17.04908290479539
1977	17.559277491841247
1978	16.95533996580097
1979	17.297578460004257
1980	18.147161263626113
1981	11.592908194898788
1982	17.141964578081627
1983	16.052275294759532
1984	19.109549082646517
1985	10.900757839467943
1986	17.75363356184896
1987	15.782430666199486
1988	16.97874498995236
1989	16.52808912656412
1990	18.001947540526196
1991	16.634385148401634
1992	18.90046760160202
1993	17.178631264802355
1994	16.251690663058188
1995	16.501946019756065
1996	16.904549800536525
1997	15.872012119608101
1998	16.974032795925197
1999	14.929612841527684
2000	18.278001847012238
2001	18.149530224480063
2002	18.34231379881876
2003	17.06913421693025
2004	19.320165321705282
