6	13.349002505229691
7	14.173178268493977
8	12.940336828219596
9	12.257458092035161
10	12.021167081693482
11	12.13294708122995
12	10.909561059310992
13	12.291656344401462
14	12.957566067096105
15	11.592945809526153
16	13.559525293613877
17	13.309443028144484
18	11.762717057930786
19	11.874932738459297
20	9.843257507072723
21	11.051852371276826
22	10.504039085919981
23	12.659285667361676
24	10.863355425282643
25	14.596727759961551
26	10.463668994614197
27	11.293161087511786
28	12.661446857608386
29	11.427398351171616
30	11.15897045037384
31	13.093809277395794
32	13.406501602825436
33	12.264021953739302
34	12.823949797878699
35	10.511311039774228
36	10.696228315546987
37	12.275256148140397
38	12.415698068867506
39	11.381467686023193
40	11.068094495040826
41	13.407178534886874
42	11.121491125894543
43	14.276843830133398
44	11.788471330580219
45	12.372315977317736
46	10.999884963871013
47	13.08892695673953
48	11.59333800570764
49	12.54428125703665
50	12.067549689398659
51	13.100344880595054
52	13.416696332780703
53	10.925310376675373
54	12.965478950896108
55	11.723155244732032
56	12.854407191734243
57	11.307820360794098
58	12.251988522083687
59	12.155685354845316
60	11.715706639668912
61	11.430055943054084
62	12.230039178707687
63	11.572734722937458
64	13.182279871378176
65	14.158289861490156
66	11.689656391347738
67	11.870041507741446
68	12.014383620677306
69	12.211810572532368
70	12.048862381633288
71	11.552210655976737
72	10.180292128914955
73	12.323117441519852
74	13.527020689328006
75	12.626546141183868
76	13.057392937086407
77	11.57788747148533
78	11.498298057290542
79	12.740516093362604
80	10.548430785458311
81	11.357370414794117
82	13.5358181730473
83	14.493814471612131
84	12.754711483386473
85	13.38240892291875
86	12.200539208313282
87	12.379232517850264
88	11.91870215340336
89	12.574473123713371
90	12.26805653369148
91	11.352997021352502
92	12.670581013872935
93	9.292085178928733
94	11.241770304113434
95	14.548684296677797
96	10.441170642092475
97	10.704052870897511
98	12.37490639753477
99	9.674831852675057
100	12.60513641770819
101	11.371046942720163
102	11.776900906841288
103	11.788635493203966
104	11.943220243005145
105	11.814723070165686
106	11.286295473139822
107	12.444433079997372
108	9.051996063561209
109	13.159990400813209
110	11.477703744575622
111	10.393480088183424
112	12.312748860925785
113	10.426550107163555
114	13.89416368571401
115	10.61445865593067
116	11.637682253586698
117	12.732815816152652
118	12.298591612833842
119	12.320693338696906
120	11.113733480742667
121	12.844509800842593
122	11.804475924047328
123	13.494338384268
124	12.766550826569516
125	9.64939506840356
126	12.235972597512175
127	13.268306389756189
128	11.149519081150276
129	14.165948534335994
130	12.570711108185352
131	11.771445340101089
132	13.652388786387746
133	12.871829825244227
134	12.904903493241552
135	11.7289812901814
136	11.797203496448573
137	12.643285808382643
138	11.799226553821548
139	11.929708249477804
140	11.603012405906492
141	12.365888577173298
142	12.84241429825779
143	11.262166055830006
144	10.176991723536048
145	12.150011827506205
146	13.302413275005252
147	12.147645241811656
148	11.710611458538692
149	11.83437332436775
150	10.482947391814937
151	11.753684735433906
152	11.877547579941165
153	11.222399373288322
154	11.302034066975935
155	13.75992185519232
156	12.82248551791883
157	11.078508219668947
158	10.528464440867538
159	12.626399662076688
160	10.539133911363583
161	11.84474387628314
162	13.026799404271564
163	12.588035745152904
164	11.477564126868787
165	14.086515523210851
166	11.641271790402243
167	11.499399826383689
168	13.673976862817653
169	13.420167484375675
170	13.455981551250442
171	14.507252690363082
172	11.39720839164095
173	11.014847691219378
174	11.284654839212331
175	12.4857481221552
176	11.669076455950115
177	11.236010299863942
178	10.470303616488021
179	12.734560551307176
180	12.88526218697613
181	13.576798267265518
182	10.591380842930237
183	11.317530986330153
184	12.448133559543818
185	12.781088253199622
186	12.825553765783962
187	11.300802515599774
188	12.754815250761263
189	11.725767803872507
190	11.362274262622053
191	11.47993084488441
192	14.029260757179522
193	11.011325326035914
194	10.44455678873312
195	11.32206932126927
196	12.018363863904684
197	12.534864269831882
198	11.562108891639426
199	11.676733910628913
200	13.011191577659499
201	10.07749290950976
202	13.535864175337146
203	11.321769432875874
204	11.663622526912976
205	11.560810908457954
206	12.180892346902207
207	12.75495834107531
208	11.312825522110582
209	14.073881225683374
210	12.725425316547533
211	12.253945536756873
212	12.699926680106104
213	13.599625462595107
214	11.881009705852193
215	11.140347823147506
216	13.87283444153497
217	13.03499576817472
218	10.305489357063044
219	11.621320189082045
220	10.911597014132978
221	12.120183724459412
222	12.26325547428463
223	10.640124464036106
224	12.394785382488847
225	14.9400537914996
226	11.759837030818316
227	12.471442037387062
228	11.863705078484669
229	9.762809510110657
230	11.163607396600128
231	13.682370542309299
232	12.69662467162998
233	10.880919606441624
234	11.407980046553089
235	10.917348423353461
236	10.497771133247298
237	13.801666341488142
238	13.502125484412414
239	12.25637636085096
240	11.154363623263915
241	10.218741137020904
242	13.83423950768915
243	12.675435297308235
244	12.819826841575559
245	11.208021696273741
246	14.482345092738235
247	11.241205019717146
248	11.314464201280733
249	11.1324798467278
250	11.160852485726355
251	11.811406602995703
252	12.62754136419269
253	12.858464132114369
254	12.887218272760947
255	12.333665876992574
256	10.864419753503979
257	12.244386183462613
258	11.75532535262478
259	10.700746338468369
260	12.528263284090114
261	11.553932220768978
262	10.854610198282618
263	11.490619322110433
264	11.607443308093934
265	12.394188886690998
266	13.414219188209458
267	12.323626687164719
268	10.055158196337288
269	12.747512918280501
270	12.80696774912984
271	11.506546989721418
272	11.487934865786068
273	13.776727011244345
274	11.377364190578348
275	12.602027684627304
276	12.079726207678169
277	13.662650252274364
278	12.970121227339405
279	11.330823101594838
280	12.494200420300173
281	9.279658970918812
282	12.825871787607737
283	11.827214484655997
284	12.959426060767978
285	13.235777203201517
286	10.7507439281433
287	12.628130417003398
288	13.404625456287249
289	10.229268703918933
290	11.508580268302467
291	12.56499053721321
292	12.863966537889635
293	10.441371698615953
294	11.839657412815306
295	12.110632149680168
296	12.322870088974014
297	11.840987746818323
298	9.936948475132576
299	11.304359927203581
300	11.693401882278046
301	11.660332805721556
302	12.31336125328492
303	12.199721839074206
304	11.780109421585424
305	12.559042246759356
306	12.654147708152244
307	10.42045560686529
308	11.71890854606283
309	10.050835117686074
310	12.91137767761804
311	11.812248147937849
312	12.470695875906486
313	10.107271583522273
314	12.718085193019677
315	12.995988388035247
316	12.345108450319255
317	12.39075659205167
318	11.653472461577266
319	11.412269022136266
320	14.366466046649428
321	11.103914106485497
322	12.693361141889069
323	9.770593838222945
324	12.136768266355924
325	10.32231646517677
326	11.34993150783869
327	12.094600687958518
328	12.730050500967385
329	12.649642981891922
330	12.325854224591133
331	13.739368119568098
332	11.49771619978879
333	12.70945791452815
334	12.655213636803003
335	11.998104378263264
336	11.91456085738824
337	13.11149862049338
338	11.511228708264285
339	10.663889362816311
340	12.877993886235773
341	12.144840626576222
342	11.851450983404733
343	11.583209123801707
344	11.676341581853507
345	13.820560372357722
346	10.568894153382777
347	11.222845439905845
348	11.407831302574508
349	11.314092211425304
350	11.225598473321103
351	11.281228996994573
352	12.201423779929218
353	11.087414418040266
354	10.68601509553565
355	11.734834978885138
356	10.61561598060044
357	11.29453911669015
358	12.73482302383589
359	12.244839916172593
360	12.762908551080423
361	11.318747540403487
362	12.691808310731385
363	12.128532446618639
364	9.818426454353279
365	12.962422924399633
366	11.508176768908744
367	13.260664728356796
368	12.22681728401045
369	14.15519791893446
370	10.946292481514522
371	11.484189716621767
372	12.583656846138183
373	12.60345585627753
374	11.158806150289655
375	11.380707052090719
376	14.241727085278272
377	12.929601240755261
378	11.650649789875994
379	12.329184412197113
380	15.296633938898786
381	12.591263273258496
382	11.545490540747638
383	12.590117948818287
384	13.126729185864264
385	11.45304886244029
386	12.748982561969415
387	11.495021217702222
388	12.310421728110668
389	11.255344037653412
390	12.438757328677458
391	12.298284948524831
392	12.892691545975309
393	12.07208770137513
394	10.897819930245532
395	10.033275322677442
396	12.862568931411287
397	10.95607779826203
398	12.323505186954907
399	13.709420589989067
400	11.96507196441581
401	12.200317928936178
402	11.823712001129643
403	14.592983659970658
404	11.63819485303448
405	12.778531546688415
406	13.472242952809514
407	10.643058280447104
408	11.836319477388473
409	11.452256449476062
410	12.100289664795719
411	11.856979556067381
412	13.06175666866489
413	10.728012503322033
414	10.212963186581705
415	12.1903646183384
416	12.128552017885546
417	13.32737750407614
418	12.666106468779617
419	12.810329708091386
420	12.47219956741372
421	12.15808339432731
422	14.68021130450264
423	13.954576388095221
424	10.603717225716114
425	12.559521455168058
426	12.203662888869514
427	12.18137215164402
428	10.380468525846954
429	12.963985086326781
430	13.107466561829723
431	11.409699525474885
432	13.342843067408467
433	11.051924868698698
434	13.579532700312686
435	11.956363870666417
436	12.908843628845402
437	12.691836648785848
438	12.947798704039693
439	11.766384472152115
440	13.279222829490738
441	11.04337981387618
442	11.693204360713555
443	12.326700861547058
444	11.68514449675885
445	10.365541981914014
446	11.117272215132529
447	11.914976856579804
448	11.670620041364735
449	12.684236664300913
450	11.977288904421467
451	13.923305324582746
452	13.542502205677254
453	12.770197296910919
454	13.634568473046574
455	13.595879679133587
456	9.817540875250762
457	13.854004666990866
458	10.869565116776357
459	11.346483173283847
460	14.277813933511165
461	11.253107843271989
462	12.931958768713933
463	11.533500248499438
464	11.55885555596065
465	10.97224316010917
466	11.928164007314802
467	11.198514215466275
468	10.16161476918387
469	12.34259941194231
470	11.147278454528484
471	13.6628102962683
472	12.718916628899752
473	12.19867685644743
474	12.067208949955447
475	13.263353527995706
476	10.671537581575103
477	12.467686145409845
478	13.114309966250504
479	12.22929237811203
480	12.315609714476158
481	13.370804915552013
482	12.371890352756184
483	12.940941273246427
484	11.630314269004156
485	10.299600811908022
486	13.077227994377608
487	12.145017902964565
488	9.437604540766083
489	11.136263003067247
490	9.900921164728722
491	10.433216853140507
492	11.212112722680965
493	12.466447794221393
494	11.996368336664586
495	10.964384059905443
496	12.213098926785348
497	11.552833219327825
498	10.752495941837507
499	12.223396061388485
500	13.6537128429494
501	11.334555174634858
502	12.299062615458752
503	9.859497236087918
504	13.418142120333224
505	12.906107919061157
506	12.575806599199915
507	12.83492161249548
508	13.031079758362779
509	11.887753075790487
510	13.003443483417868
511	13.317842555653138
512	10.09859626587713
513	11.35233802741183
514	9.056160595173424
515	12.548370698299204
516	11.817635576026664
517	12.012759967303525
518	11.27211260868171
519	12.181646570318138
520	12.672446169538446
521	11.359863672598014
522	10.492590143494697
523	11.041146729359337
524	11.932574536411266
525	12.298775802247313
526	11.487792872765567
527	11.454901411215326
528	11.723537882651023
529	13.031851809405323
530	11.677757660329744
531	12.104472293576691
532	12.81935847918744
533	11.860489448326497
534	11.257608203471662
535	13.897890134554473
536	12.62326250692131
537	12.91775763484849
538	12.042353302397396
539	11.368528176993797
540	11.211070609149257
541	12.960038798660712
542	10.612634952841992
543	12.398507565001232
544	12.785259810994779
545	11.73102104201913
546	11.036184708263525
547	12.275963447790398
548	13.956608249245965
549	10.290879166322103
550	14.014744408581214
551	13.415600780281238
552	11.322713809480774
553	12.306548946549121
554	12.312046921582493
555	11.970402708470024
556	13.792488110538285
557	11.374745834797311
558	13.330518721143488
559	12.130841107082144
560	12.52705700269986
561	10.960006737466236
562	11.94934794197056
563	12.728614272589436
564	10.863330719114925
565	11.302978500743796
566	12.865833978638806
567	12.365229264966079
568	12.746556484664325
569	13.771357431445784
570	12.326362803380471
571	12.847801838774773
572	12.664713647726995
573	11.199527110954726
574	11.980750893584847
575	13.682027364223996
576	9.201995593070752
577	14.147998015414206
578	11.953011080633587
579	12.520310839150895
580	12.32184666672689
581	11.901697661791896
582	13.041569083902928
583	11.83291923524538
584	10.981403895880488
585	11.639018349133298
586	11.68174408692563
587	12.40794894900173
588	12.629975302941016
589	10.654078709536172
590	13.180568020339706
591	10.773745832392141
592	11.474224505648534
593	9.841409868867292
594	13.016373714658659
595	11.771543624492264
596	13.02201469494321
597	12.93892488311758
598	13.461074826981834
599	12.77630391571438
600	12.805255061860576
601	11.896035313519697
602	10.708936151345902
603	12.405307861467774
604	11.932348183216527
605	11.065368439855153
606	13.283552519897718
607	12.951340523408726
608	13.535371339110975
609	12.407128091877288
610	12.344009957721402
611	11.746671014422502
612	13.218257496436667
613	12.050859940115755
614	13.788882126504177
615	12.094492540997994
616	12.660203705887398
617	12.076755221597109
618	12.757024824675494
619	13.641538191884239
620	10.773527932084358
621	10.701427867392981
622	11.334737490896563
623	11.874449761085478
624	13.173215603089194
625	12.87463963832626
626	11.632017262448588
627	13.259178049409376
628	11.712421835611828
629	11.802657978519248
630	11.502832713404258
631	12.493843695709344
632	13.266301988996565
633	12.322392915232829
634	12.973848788569489
635	13.108168794581776
636	11.755603260500356
637	10.339519390806315
638	11.701039202248436
639	12.46320570717481
640	11.163843417021615
641	11.065863851352685
642	12.103679405045696
643	12.005090396101878
644	11.234864343801746
645	15.455237548142422
646	11.469847418927765
647	11.061224525935168
648	11.822242152829723
649	14.254281436255122
650	11.232984529292231
651	14.108735386453764
652	11.452669605065955
653	12.429751129889423
654	12.147282499071055
655	10.343654906871961
656	11.67545202902743
657	10.404024536545123
658	13.844069372746162
659	11.767920177971499
660	13.096832825514944
661	12.168989014096201
662	11.985596219278422
663	11.791197960064892
664	14.573090231828651
665	10.758116555211519
666	11.491156770010054
667	11.820914575463394
668	12.693404936669761
669	11.686041373007287
670	11.41225729560863
671	11.756684680702165
672	11.202668514038022
673	11.244584969646718
674	9.92956362269353
675	10.382039212140565
676	11.403300472600677
677	10.938227439521784
678	12.432824869021966
679	13.61763513414605
680	11.309322457351765
681	10.007360838642343
682	13.109759154564623
683	12.013357536676763
684	14.377181276961123
685	14.745334201240135
686	12.496343870679366
687	13.015816245689402
688	11.407663149978145
689	10.663447470733578
690	10.803299218515168
691	12.33398362634565
692	11.661122750490904
693	11.430024647456595
694	10.611632199837796
695	13.21072333707565
696	12.513720697606914
697	12.451563165970391
698	12.476306614875128
699	11.86191425987272
700	12.268053445405506
701	11.819791269081179
702	12.153805833823311
703	12.07992207328789
704	11.040678903968496
705	12.83886894384877
706	13.239066695164118
707	11.67183798289625
708	10.91450787410916
709	10.629177026136313
710	10.517456170384927
711	14.888575849472545
712	12.542912624628714
713	12.976915670227473
714	11.193693734059872
715	11.970409035579696
716	11.128129809143138
717	13.236190591577905
718	13.048970102644224
719	13.873789169950058
720	13.714879060238932
721	12.277870830985025
722	10.355277749266298
723	12.761450256416573
724	11.650019834895998
725	14.00855178479752
726	11.783938974068976
727	13.865615510307935
728	12.586937913378605
729	13.053155483816226
730	10.94292540725534
731	12.668943100958131
732	12.193874254558667
733	12.077218395810633
734	11.582926492226155
735	11.212654209947464
736	12.447608301975729
737	12.37430213278082
738	12.543554871825368
739	13.153929600055562
740	10.84549288546306
741	11.355885707480656
742	12.617940383670241
743	12.889571396197425
744	11.750668642682111
745	13.226489616919457
746	12.64682901282543
747	10.346996366580274
748	12.049815667134576
749	11.582123574451543
750	13.202758599207737
751	10.769344636894363
752	10.633323439077854
753	13.511480211230394
754	14.245145893619588
755	11.736249516751888
756	13.433890039423416
757	11.93099651950345
758	12.822969733274894
759	12.752576995416787
760	14.77891300769587
761	12.851082797465528
762	10.682682408522325
763	10.994177930369707
764	11.395135368122283
765	12.671043096281783
766	10.04074009939316
767	12.632699855365155
768	12.728877023128527
769	13.311451943321153
770	10.180343327493084
771	13.071598784296503
772	13.543857275651833
773	10.789645886526921
774	12.06229580202991
775	10.528497010747822
776	12.655508752621245
777	13.429471710414733
778	11.043066497472214
779	12.307271631868758
780	11.155082488162442
781	11.96389001571806
782	12.615317851309023
783	10.281259071733075
784	13.342081862302232
785	12.210158605113005
786	12.884326553999864
787	11.284450784674846
788	12.32906598047393
789	12.875101559708748
790	10.299745179501109
791	12.767325598575148
792	10.213001718422635
793	12.09488732624533
794	14.51103624098257
795	10.798112079469037
796	12.419533626916948
797	13.488161698735452
798	14.101905089374933
799	11.820555262997544
800	11.615471567214241
801	11.864543831575876
802	10.203124489360821
803	13.558811993737306
804	12.151377868453233
805	12.31113075162284
806	12.682283209522978
807	11.621698717570066
808	14.174363745667506
809	13.293024585841605
810	11.79857407676072
811	11.848592319449276
812	11.934045061792453
813	12.60035992173611
814	12.482054374113138
815	11.550403736598897
816	12.334247528542098
817	11.485352950316155
818	12.636365548155403
819	12.188662906618918
820	13.719386423856992
821	12.421444045480989
822	13.2947701124287
823	12.110469477488481
824	11.744020172840598
825	12.30295549503241
826	12.315318548203274
827	12.140141123183318
828	12.556083033485006
829	12.774791379732177
830	12.025903942905432
831	13.09110122241423
832	10.442503145126055
833	11.314099399999169
834	12.439100425496386
835	10.262604934052797
836	12.997597500244316
837	10.821263626327605
838	12.599030154766641
839	11.96944428054648
840	12.447537064329454
841	13.083056974710654
842	13.112572526353269
843	11.012556712154037
844	12.181918105668517
845	11.858638989891356
846	12.351222934282204
847	12.906178242768734
848	12.705131596453223
849	13.144120810360745
850	11.191647174388722
851	12.80377746920567
852	12.26894338618149
853	12.14443415572781
854	13.778199756667684
855	10.851963670409825
856	12.975573248106853
857	12.966002928435266
858	11.900274011736306
859	10.077161452621043
860	11.08125423425372
861	13.676268142880872
862	13.245311316548529
863	11.85436278384161
864	11.287231115996837
865	9.817301895183379
866	12.396743854567776
867	13.251391577964219
868	13.779848005756756
869	12.99933067318828
870	12.37950088521133
871	11.839605754137867
872	12.68082013202698
873	13.99704530144625
874	12.783678307055114
875	12.769945674033933
876	14.007674851285463
877	12.094662027165489
878	11.100688744051796
879	10.982967391341186
880	12.629260991930117
881	11.777148021406632
882	11.66839577273726
883	11.832851082104945
884	12.203883087888244
885	12.658724288026301
886	11.033093897870575
887	10.54451249156929
888	14.119329514031191
889	14.133618302294053
890	11.800844379933551
891	11.477595075306928
892	12.688885635148514
893	11.196884058697737
894	11.602193555036193
895	12.349836043194282
896	9.044269682674278
897	12.548472616146318
898	13.85386744319957
899	12.851210983466068
900	10.759848023618439
901	10.68104940201447
902	12.338512778913259
903	12.727793238502379
904	12.00436082915403
905	12.520731635187275
906	12.26374352916449
907	12.450298852038234
908	14.044458392044852
909	11.148903377665727
910	11.296538000284084
911	12.704696322618663
912	13.570166854671417
913	11.56327844560358
914	11.789852801154485
915	10.86165802543799
916	12.352091984953457
917	13.006472843755358
918	9.78762041621555
919	12.492782940930356
920	13.408939273131114
921	12.459047658041873
922	11.878952784132427
923	13.257275798692248
924	10.043886404811929
925	13.02542495497117
926	11.562630154271107
927	13.766699049907567
928	10.641518119566364
929	11.22915174454773
930	11.282800012665543
931	11.580857490041616
932	12.440297377923821
933	11.665835673893945
934	11.538576948068416
935	11.908438842251108
936	12.772181859526496
937	13.323218742664071
938	14.968961706818341
939	13.955408179290437
940	10.517757653607987
941	12.099134742106289
942	12.09894657739474
943	10.639384997761667
944	12.85911420625327
945	11.584159157937393
946	13.206269439344329
947	12.198542398348419
948	10.14346079452015
949	10.763429562082617
950	11.642622262700959
951	13.318857931419188
952	12.906402426727308
953	12.431124669090234
954	13.624444503355054
955	10.06246998946881
956	12.928502814058447
957	12.473687534080819
958	12.696755182352804
959	12.917872939530449
960	13.106062483869641
961	11.184998044925225
962	11.460923171674093
963	13.698955304685514
964	14.285365479299799
965	14.641879435968944
966	11.494610199863091
967	11.065476598939858
968	13.012880399453696
969	14.361408880952855
970	11.399021949160904
971	12.919665841175608
972	11.035873636143515
973	11.950559034336734
974	13.099163894471712
975	13.074940886344605
976	12.278604005521629
977	11.79395636501431
978	11.162819558799836
979	9.323419300471677
980	12.29796503067006
981	9.73302675341256
982	12.90756644745956
983	9.145949170202146
984	10.024905712317143
985	12.951339243829716
986	12.353196009230386
987	11.524598381971812
988	12.319619008160467
989	12.863424025755375
990	12.629600445847027
991	11.901844786930413
992	14.161988983991822
993	11.079649708218252
994	12.368456851701922
995	12.090973008883578
996	10.888321996613575
997	13.103096077448644
998	12.076459563686512
999	10.043660442272085
1000	12.822090283428718
1001	11.135896403217755
1002	12.877286622755822
1003	12.387118668470066
1004	13.568035155412202
1005	11.431575682908962
1006	12.391852666034053
1007	12.539568575400422
1008	11.237393656330234
1009	12.958612879780121
1010	11.330791224524829
1011	11.164119771455486
1012	11.534315491694723
1013	10.710702880269436
1014	13.328808435314226
1015	10.92835449470052
1016	8.904220153241033
1017	12.334170492847674
1018	12.992632173613778
1019	12.868966300147198
1020	9.954844407215049
1021	9.434563894514683
1022	11.459917478050619
1023	13.252780169575999
1024	12.736306173753782
1025	12.372883754706107
1026	11.245999653066974
1027	11.218085270730551
1028	12.456322350944713
1029	13.296831039342711
1030	11.866229058560466
1031	11.123623025281738
1032	11.84093252885052
1033	11.092209090282267
1034	12.533402634542558
1035	12.59232116617601
1036	13.32240446499581
1037	11.978054872346355
1038	11.15357475345023
1039	11.885401428781915
1040	10.775937484989742
1041	13.24706852001747
1042	10.989410246091307
1043	10.723267395903045
1044	10.433409307390278
1045	12.769643634337829
1046	10.930475528954583
1047	12.960876922864744
1048	11.276198253988312
1049	12.932515360906514
1050	12.332707727208382
1051	11.534298598774088
1052	12.2211299268345
1053	11.968008258927833
1054	11.598156294737816
1055	14.051015499104569
1056	12.030382743096668
1057	12.71611221883128
1058	11.139015584809544
1059	12.081648471648805
1060	12.517024247611804
1061	11.236313592205988
1062	12.65329884876098
1063	12.605718926824112
1064	10.22202858732212
1065	12.21551591680812
1066	12.379953135998221
1067	11.489700446883216
1068	10.92110571993648
1069	9.417753196088597
1070	10.147192789647463
1071	11.03531101301288
1072	11.10069923953242
1073	12.84457601269617
1074	13.460008036697076
1075	12.010843994079865
1076	11.656103049092053
1077	13.873127366151211
1078	11.599502621171997
1079	12.315700625222442
1080	10.53688469428509
1081	12.12303225894769
1082	13.276573674422838
1083	10.572762267768235
1084	13.376132013356047
1085	11.962601002232987
1086	11.273502827673736
1087	11.06325969938818
1088	14.17011939183188
1089	14.341572747589892
1090	10.92197610042058
1091	11.865782355225141
1092	13.719657270703465
1093	12.799137564440226
1094	10.334610005508043
1095	12.654691790273462
1096	12.64821060007223
1097	11.583970417326782
1098	13.147606454017971
1099	13.885868072100548
1100	12.170681181274212
1101	12.060475686471909
1102	14.237254533697577
1103	10.56958068393808
1104	13.491914516768883
1105	11.807790224587446
1106	12.313930707563566
1107	11.186116079026833
1108	14.533777715734624
1109	11.47309950164183
1110	12.175480568149526
1111	13.027415271701843
1112	10.303885133544865
1113	10.65870791212288
1114	12.990034883327194
1115	11.057502378098434
1116	13.725458371332557
1117	12.947470040773624
1118	12.864061724643447
1119	12.663281831726305
1120	11.825283783437044
1121	10.858758488635498
1122	11.628958740510003
1123	10.992724750182349
1124	11.279599449460637
1125	12.038138915183177
1126	9.98063519932995
1127	12.308710986157307
1128	14.210883532623377
1129	11.18564802067001
1130	10.92477821054546
1131	12.401545666740276
1132	11.392735141473983
1133	10.641687681160231
1134	12.889155521290377
1135	13.094075503434349
1136	10.574099667535751
1137	11.591674947236054
1138	10.790673713836197
1139	13.993537933456109
1140	12.211284116326299
1141	11.110327768145668
1142	11.989337651717031
1143	11.171766315532082
1144	13.686644249235872
1145	11.569614404069615
1146	12.603051263920497
1147	13.411764543447322
1148	11.438985567423515
1149	12.478749681402405
1150	12.072108775826878
1151	11.013822068636482
1152	14.560634387921992
1153	12.13783701673231
1154	11.770827643608209
1155	13.280058880500622
1156	11.272416551738527
1157	11.701429104432464
1158	12.265761778530914
1159	12.955404975083901
1160	10.488369189113236
1161	11.18028057364201
1162	11.34687642963254
1163	12.244042191339437
1164	13.156804025049011
1165	12.695021736559283
1166	12.053629672335875
1167	11.143668585385267
1168	10.894892963977657
1169	13.562057711140708
1170	11.303122332009176
1171	9.301583333198938
1172	12.279607739403016
1173	12.027669803853819
1174	12.726490783363172
1175	10.474462243039971
1176	11.189125611865894
1177	13.257356735046155
1178	11.985451793174434
1179	11.304932748529371
1180	11.189677580356753
1181	12.756853032407575
1182	13.21232624390446
1183	12.083928682142869
1184	11.043145360805404
1185	13.142553332801485
1186	13.59263731862302
1187	11.326317628685917
1188	12.537374206795358
1189	12.629672811381639
1190	13.514182682467315
1191	12.0153597599095
1192	12.530828252254286
1193	16.61742815750266
1194	14.770633202692908
1195	12.773791438667104
1196	10.97583436636099
1197	13.184002923768606
1198	12.295566306956221
1199	11.599742465756686
1200	12.419287742731433
1201	13.934634923015256
1202	11.653595632770596
1203	13.666146117703695
1204	11.76655747074983
1205	12.223647770713656
1206	15.02970114233176
1207	12.940445475758532
1208	12.489490988627075
1209	11.597620507227616
1210	11.603713202074978
1211	10.823033150824967
1212	12.327029171507233
1213	12.829512557211833
1214	13.834192933222184
1215	11.282254266015325
1216	11.932857239626408
1217	11.289258127437968
1218	11.725474362906867
1219	12.797905271760218
1220	12.893514641600527
1221	11.744893748538509
1222	13.162212194028227
1223	12.21588028319982
1224	15.04187868447288
1225	11.446018705912236
1226	11.17149840344468
1227	11.25845792279729
1228	12.858848608169785
1229	11.835371379822712
1230	14.687618616999437
1231	10.223900148034867
1232	10.995491204194396
1233	11.953451170324826
1234	11.315778880577104
1235	11.239762184245398
1236	10.1322138861996
1237	13.58564751912755
1238	13.697720823167646
1239	12.877958908793516
1240	11.801723292954689
1241	12.93889000377773
1242	12.939619744316095
1243	10.96204588405921
1244	9.86355073195882
1245	12.760462594637648
1246	10.805202604781908
1247	12.217584831167187
1248	10.417161562938418
1249	13.363369432832336
1250	12.0463986431955
1251	11.503920935407223
1252	13.343915320370192
1253	13.30457944887016
1254	11.301137813959004
1255	10.605087088232205
1256	13.581089738816289
1257	11.808639765394709
1258	11.213614433758414
1259	12.75418566528242
1260	13.951435868338859
1261	12.877733371054221
1262	13.4913600115546
1263	12.699286405013167
1264	11.051047790241588
1265	15.409643745077226
1266	13.372387633981326
1267	12.796124441629217
1268	12.130850770682825
1269	13.156238609904955
1270	13.726125074389937
1271	13.5927581231447
1272	10.569052468918796
1273	12.019595148597055
1274	13.224282257372323
1275	9.13454103720973
1276	14.759075869285306
1277	10.284137537511175
1278	12.565430636010465
1279	9.70782432734656
1280	11.452723913970564
1281	11.930151201629391
1282	13.560551367152948
1283	10.46868616100567
1284	12.022429308397696
1285	13.264386333728908
1286	10.617697476281318
1287	12.600677426895485
1288	12.37164290916376
1289	11.118736700935509
1290	11.70040717002738
1291	10.073583640664925
1292	13.326650105390165
1293	15.002200813820203
1294	11.804031919419879
1295	13.513225666600569
1296	12.404843511306016
1297	12.2802140426625
1298	12.023336195792243
1299	13.890948441257933
1300	11.609166586180091
1301	13.357573450937007
1302	9.792181971415534
1303	11.886163323491427
1304	12.40428613276933
1305	12.718075508761796
1306	11.63174274606863
1307	13.549078570803006
1308	10.300919487088498
1309	13.613185259504602
1310	13.388255587573546
1311	13.798406994639663
1312	11.479964764597309
1313	10.984474398312159
1314	11.946156023303047
1315	10.961285382081124
1316	9.889158145943657
1317	11.05182915160702
1318	13.077292386606773
1319	10.66245588233384
1320	10.96044923677919
1321	11.148269252112367
1322	11.835598333760919
1323	12.053323913495987
1324	10.600936169395796
1325	12.759793212103498
1326	12.35852215232538
1327	11.78698710289866
1328	12.500692507125704
1329	11.605088810690425
1330	12.789504772657528
1331	12.427388195324546
1332	12.776636962677973
1333	10.865847978627661
1334	11.844614818865338
1335	13.322936244162598
1336	11.650191760374582
1337	11.321101938683094
1338	14.067842279527602
1339	11.67403659318474
1340	10.376027086472067
1341	10.339056587523373
1342	13.427122385570934
1343	10.363686083749469
1344	11.265449158884373
1345	13.286121810398376
1346	13.856234532514042
1347	12.219179429601354
1348	12.43483523977058
1349	12.519821808041472
1350	11.952540105814114
1351	11.847125366562977
1352	11.105263184129807
1353	13.089861552095195
1354	11.544406141301065
1355	11.827471470875025
1356	11.182639188299488
1357	10.672398295543134
1358	13.790184747339005
1359	11.84245553093238
1360	11.855422945261546
1361	14.066875624861236
1362	11.08235528793764
1363	12.618364863485718
1364	12.419892185134813
1365	11.549870055552352
1366	12.077367950170473
1367	12.626388674517246
1368	13.052272060084054
1369	11.90624746436189
1370	13.030694515885491
1371	14.854122330888027
1372	13.683718826922
1373	13.022330634928949
1374	13.346228197653545
1375	11.839375748648308
1376	11.23127954114387
1377	13.105719237643129
1378	14.077976623990773
1379	13.755331856968244
1380	12.49121261526679
1381	12.146805412658313
1382	11.67667494219495
1383	10.942478514295848
1384	11.312812354749026
1385	12.204707689765023
1386	12.452444781011973
1387	10.743101924473162
1388	11.119440102222143
1389	11.604179665058231
1390	12.96855353123484
1391	11.453158368306633
1392	12.645917170027342
1393	10.963809717419956
1394	11.723213883551868
1395	11.06433331644749
1396	11.786110595363425
1397	14.588586977924153
1398	11.667610358168734
1399	11.584358174151642
1400	13.141482817427129
1401	11.673586793679178
1402	12.186187520596597
1403	12.875019798980146
1404	11.948071775327046
1405	14.455797935248397
1406	10.696317349355668
1407	14.138798784615624
1408	11.875201227976696
1409	10.758981454565323
1410	10.78490725311491
1411	11.380050551345027
1412	14.051990503299749
1413	12.203970708296678
1414	10.916463849848096
1415	10.990032155580561
1416	11.507148533021764
1417	10.435006624393282
1418	9.280113393268376
1419	13.337330450389224
1420	12.076138293121144
1421	12.703868220640539
1422	12.817107493354177
1423	11.609302962806801
1424	12.286640073498711
1425	12.171964986831881
1426	13.36400258939036
1427	13.946684924562843
1428	10.64083838894986
1429	11.12502960478887
1430	10.377792073872335
1431	13.304491727893678
1432	9.658993348170927
1433	12.232300776712547
1434	13.421344427175113
1435	13.60087511166057
1436	14.222944555731374
1437	15.51260523046949
1438	10.618072680000102
1439	11.824859589399574
1440	9.968610076825522
1441	12.713940261818108
1442	12.203633792841664
1443	12.208571953613463
1444	14.833557904610643
1445	8.606073003970474
1446	11.781356871958865
1447	13.754869949687013
1448	9.157470683134827
1449	11.669822282556977
1450	13.059606938477373
1451	10.905889117121193
1452	12.022341133531881
1453	12.906637399473452
1454	10.837739523307517
1455	12.408509470034915
1456	12.378234507441944
1457	13.046249464962303
1458	9.389409093964579
1459	10.585122697932933
1460	12.81188644296186
1461	11.429339024042221
1462	11.759188235970214
1463	12.986133755354855
1464	14.195784966681936
1465	12.867367224980091
1466	11.60283708576113
1467	11.768936105185386
1468	13.978830270455884
1469	11.388860964021015
1470	11.393284125175947
1471	13.433644311269745
1472	12.868639516551047
1473	12.157940543373115
1474	13.534182795709441
1475	12.125718182489639
1476	11.69861604465062
1477	12.27280714029671
1478	11.837214932660572
1479	11.502066896155315
1480	11.441640019522136
1481	13.12053171272769
1482	13.035865111367977
1483	8.386236011265563
1484	12.169955473681176
1485	12.0662768891579
1486	10.898622367225972
1487	11.366934840350636
1488	12.995980838197283
1489	14.889416921618876
1490	11.986971085804647
1491	11.036321228334794
1492	13.100626142173684
1493	15.260221081661681
1494	10.257264093105757
1495	11.796361237055743
1496	13.357380665600344
1497	10.58402082908159
1498	10.85818826937643
1499	11.726946367729647
1500	12.984706367350494
1501	12.108053634066463
1502	12.94222849321862
1503	11.670736587573108
1504	14.148786522877344
1505	13.097922581826737
1506	13.372448166719927
1507	11.378549038244772
1508	10.537587746046484
1509	15.283575083752087
1510	12.232795359899423
1511	10.951548496305287
1512	9.466832044858323
1513	14.346731592316498
1514	10.155545407718408
1515	14.406458839467218
1516	14.979252699909633
1517	13.878615566775597
1518	11.807488463219311
1519	11.170503322141789
1520	12.051242206265618
1521	11.991817285945544
1522	14.978888178477064
1523	11.21541978783595
1524	12.699873065908573
1525	10.464662667167431
1526	13.964128525054548
1527	11.198824090979675
1528	12.754174117060183
1529	10.767849498079158
1530	12.429955696132417
1531	11.999578574730549
1532	11.861124560595131
1533	11.91587148367678
1534	11.72766666730038
1535	12.524143346890924
1536	11.645868961771566
1537	13.334183999453671
1538	12.046504768705926
1539	11.374117265014934
1540	10.607584372938922
1541	12.440020717820152
1542	12.166833293962885
1543	14.095060351011515
1544	13.764309183502084
1545	12.607013571298802
1546	13.667782468448689
1547	11.147252040763851
1548	15.443530228893671
1549	13.37413188518025
1550	12.540902760339518
1551	12.293813016219065
1552	11.524156270697453
1553	12.61889296945883
1554	13.023981708849808
1555	10.73568387911655
1556	12.307168047337246
1557	11.470258841169363
1558	13.21876473860526
1559	11.950239671956234
1560	11.793460787442545
1561	10.739906613795588
1562	12.547816169241237
1563	12.954609183301015
1564	13.312750688700293
1565	14.565558540745682
1566	11.55370180567341
1567	12.748258657206586
1568	14.230109752728216
1569	11.151828986846589
1570	12.404429585377398
1571	12.672495958274231
1572	11.34297776610955
1573	12.265865239097426
1574	13.790123056733629
1575	11.436739640786897
1576	10.769563900791885
1577	15.315313072254261
1578	11.048541985428892
1579	11.941334283900344
1580	11.543824263937061
1581	12.396606669511373
1582	10.356125344109023
1583	12.317732867790925
1584	10.292045496595211
1585	11.247378210235825
1586	11.871863222472241
1587	12.196283321798546
1588	10.339634197367792
1589	12.341090550915396
1590	14.182834382538266
1591	11.97788756854263
1592	13.195097672711949
1593	14.708420219730275
1594	10.402364901602269
1595	11.602454755034866
1596	13.238609571233392
1597	14.63042973491829
1598	13.696364263346528
1599	11.755839828557024
1600	11.489789388595932
1601	13.326634777822242
1602	13.241208509636438
1603	12.114330316885727
1604	11.514000689665982
1605	9.515103406902334
1606	10.808063442752298
1607	13.642980078780582
1608	12.88524888860411
1609	13.300763122624318
1610	11.197658146752099
1611	10.580864316236694
1612	10.93906958423821
1613	12.953251483031949
1614	12.744085655860337
1615	13.03440650242449
1616	11.957795314125818
1617	11.968448228840888
1618	11.720069599122954
1619	11.510414633161291
1620	12.547538636125891
1621	14.987988072354346
1622	11.74328688845231
1623	12.702194386101993
1624	14.08276193932231
1625	12.9393029171845
1626	10.785147485329377
1627	11.60095375799574
1628	12.200512699244012
1629	11.908761623708916
1630	15.686256207106634
1631	11.765175066810722
1632	13.089125166928138
1633	11.3441843305914
1634	11.436464959117412
1635	13.597612529664058
1636	13.266692623365088
1637	12.560274006970715
1638	11.515161743368953
1639	10.544792299019173
1640	11.042808370209638
1641	11.587712929860965
1642	10.039952083777349
1643	12.782002467888079
1644	13.029859203745477
1645	12.596251699197595
1646	10.807770234117335
1647	12.94155424809402
1648	14.474524731293787
1649	12.485124781865373
1650	12.537006498001782
1651	11.379667139514499
1652	12.487606131989095
1653	12.566658942854371
1654	11.92575627624487
1655	10.033715284928414
1656	10.888657387430696
1657	11.564434140519653
1658	11.544469157066674
1659	12.494094014305368
1660	12.98681460211274
1661	11.821509948931634
1662	11.518738652595543
1663	13.121577383807072
1664	12.491300435857502
1665	11.384787023123675
1666	12.341499158006627
1667	11.357938906233022
1668	12.416344353063323
1669	12.614431547107719
1670	12.417389564943733
1671	12.717418869877825
1672	11.389102402759496
1673	11.938620055831658
1674	12.278208283208576
1675	9.987096699095625
1676	11.503854095124929
1677	11.856488951064389
1678	11.542166885110506
1679	11.03847951324785
1680	12.979984642788102
1681	12.099491052585654
1682	12.48887655309037
1683	12.101592244968439
1684	12.985527420915398
1685	12.096737378175021
1686	10.624412618760418
1687	9.767701565648895
1688	11.387317302828887
1689	13.939640456398662
1690	13.044906911967626
1691	12.357742368503331
1692	12.299776727397894
1693	12.11889430492052
1694	12.441792529976198
1695	10.185757496288385
1696	11.740068392272164
1697	10.530930966521348
1698	12.172577623516704
1699	13.810155281082503
1700	11.846267462618506
1701	12.854397835346452
1702	10.798070540001122
1703	14.670477453481269
1704	13.51600871818761
1705	11.358607904425298
1706	11.155701097429324
1707	11.077243035566061
1708	11.268332729156226
1709	13.802623394395
1710	11.994778607875622
1711	12.235919963924971
1712	12.25127714262344
1713	12.812335418170104
1714	11.370467300279856
1715	12.104826327016879
1716	10.17647882271558
1717	11.557406532011615
1718	11.961735138838211
1719	11.447177603105956
1720	11.225486400486577
1721	15.309329560957849
1722	10.773577506445642
1723	12.596312903252471
1724	12.737480347294634
1725	12.173970490600913
1726	15.14031430778892
1727	11.617662641017008
1728	13.295237706145272
1729	13.385831009130925
1730	11.853691203244539
1731	11.28662532087132
1732	12.736063404859474
1733	12.083896294460985
1734	11.187913149093779
1735	13.535939949765718
1736	12.907079023647714
1737	12.814822286622075
1738	11.23664146259398
1739	11.23126356780267
1740	11.053449318162166
1741	13.660898151375088
1742	11.172366133975713
1743	11.725675122534785
1744	12.920668226999364
1745	12.21119753948733
1746	11.444573961450564
1747	13.059449078142643
1748	14.146483385893093
1749	11.948395156013945
1750	13.78401311349922
1751	10.096094344276935
1752	13.048534328816459
1753	10.437422090807972
1754	11.558811788912863
1755	12.431092013912275
1756	12.24961388001925
1757	10.300015083041645
1758	12.714418512657284
1759	13.890793094515653
1760	12.352084424776526
1761	11.632409098694614
1762	11.949124896801854
1763	12.018843651727535
1764	11.7696757102933
1765	12.529799080570228
1766	12.299682906008622
1767	14.167914901257438
1768	12.047913221813117
1769	12.375983343438499
1770	14.801586518141752
1771	12.834431219077668
1772	13.041785061771337
1773	11.317357017302557
1774	11.992483220773897
1775	11.729503601556644
1776	13.495050931680261
1777	10.162969729263121
1778	13.532133922970388
1779	12.617775444407016
1780	12.007178327202563
1781	11.865463732034657
1782	10.6848724881599
1783	14.31462421604083
1784	12.200704474841396
1785	10.906867180042148
1786	13.191870803874917
1787	11.940509681681808
1788	12.806275108776225
1789	9.630374202640573
1790	12.697623456258475
1791	12.28527712289037
1792	12.134457766175425
1793	13.417570512922895
1794	12.3423423282026
1795	11.833717695992057
1796	12.142092863838611
1797	11.723119182246071
1798	11.658134420426434
1799	11.718828231380838
1800	13.073446590194097
1801	13.668093913855651
1802	11.67497440922695
1803	11.99457237279421
1804	11.315297159008749
1805	10.58224455940512
1806	12.34183292920934
1807	12.90937390483709
1808	11.43352795195942
1809	12.919699383528496
1810	11.228674665807436
1811	11.527096634556074
1812	11.193980697352915
1813	13.463973363203094
1814	13.629405987669566
1815	11.131837398186326
1816	11.902271633591646
1817	14.780909167180653
1818	12.055532565359803
1819	13.735709740107673
1820	9.708303880053931
1821	10.780879277005994
1822	12.534176114075645
1823	12.183634095966978
1824	12.916314932365163
1825	11.840382189369958
1826	12.53899574247771
1827	11.98194358664051
1828	12.622671837984983
1829	12.21797570505243
1830	11.808349924249342
1831	13.034655326238967
1832	12.2023596845031
1833	10.516669493446487
1834	13.037761569411183
1835	12.153764831997892
1836	12.895951808633981
1837	13.80999031356935
1838	10.775287238976864
1839	10.981946503183744
1840	13.152772101724986
1841	10.434848892789047
1842	13.302513175672203
1843	10.324692179378347
1844	12.296470849507454
1845	14.087775086627945
1846	12.785617111540223
1847	14.129719341973491
1848	13.558489884634932
1849	10.702705328938151
1850	12.53030214143655
1851	13.515202855519222
1852	11.862784375645349
1853	12.276119604618449
1854	10.469233438838273
1855	12.838547980605759
1856	12.642387331475652
1857	12.302366173826158
1858	13.618544608572847
1859	10.926604138769429
1860	10.26615363534687
1861	10.814039677417895
1862	11.019643499946936
1863	13.153812475597348
1864	12.778089344957033
1865	14.172875720800626
1866	10.140653405606281
1867	10.786525798626826
1868	14.363797795786725
1869	11.91824035758724
1870	13.552971363115798
1871	12.056579302152386
1872	12.163830801755047
1873	10.463400079982563
1874	11.45051547942502
1875	10.067849058389777
1876	12.659758223298317
1877	12.189205778578039
1878	10.774760695261648
1879	12.407501353609671
1880	12.857494246277314
1881	11.652063917211148
1882	11.799166431445407
1883	11.983652345027723
1884	12.24607560887173
1885	11.771211558079813
1886	10.934580672711421
1887	11.621373907588845
1888	11.573390312624994
1889	10.88624901298819
1890	14.527322984653125
1891	10.649417545712952
1892	12.604557395104267
1893	12.256074390983919
1894	11.955381194209872
1895	12.134789793733257
1896	12.327736874766599
1897	11.440565816510249
1898	13.310856231779326
1899	9.957196900638966
1900	11.64040820867996
1901	11.702142986454419
1902	13.26425056570654
1903	11.463920672604052
1904	12.327058607472905
1905	13.173389322402027
1906	9.864291614464795
1907	14.327652892856193
1908	11.02441788695675
1909	13.099033737624996
1910	13.604179536848253
1911	11.452422318027608
1912	14.017393520683981
1913	12.997455021586372
1914	11.119360678669597
1915	12.071663124634263
1916	11.286385962593236
1917	15.092265644165522
1918	10.40752057432463
1919	14.107028970783897
1920	12.701379431008649
1921	11.652841640847328
1922	13.925406268316632
1923	13.494195278684076
1924	14.62828139295845
1925	11.346213143844917
1926	12.385191568864684
1927	12.799094056693564
1928	14.795337995507806
1929	11.365996114188626
1930	12.764581077499315
1931	12.249235505209072
1932	12.004390661195242
1933	12.406650501487698
1934	11.417936967772052
1935	12.198295108536259
1936	12.36084263951614
1937	12.270318403099783
1938	10.92993424459489
1939	11.636314912028894
1940	13.339519069165302
1941	11.725757656527232
1942	12.503199383626356
1943	11.075857365387492
1944	13.469373280693414
1945	10.997504101158922
1946	11.678205386712968
1947	11.698746743838695
1948	11.546874033892527
1949	13.733780043052608
1950	10.81159532157129
1951	13.598314857865507
1952	12.706024836941918
1953	11.600926064911098
1954	13.509547764941216
1955	12.70935191610562
1956	13.752187823223021
1957	11.549976220057378
1958	11.49671664445563
1959	13.143564441163713
1960	12.575464231500018
1961	11.349241316159207
1962	11.351708312208453
1963	10.493590620803714
1964	9.848386517040698
1965	10.88301986775361
1966	10.928018407630068
1967	11.326604063051843
1968	10.998742280092012
1969	12.581327730867391
1970	11.765019210930005
1971	12.200240992816232
1972	12.393718393457432
1973	10.578071802469163
1974	11.624067151395138
1975	11.866643212349643
1976	12.736725109271132
1977	12.864493254339322
1978	12.424869509631485
1979	13.271273492015494
1980	13.407368120962444
1981	10.26741480651339
1982	11.905564557067416
1983	11.891163175059773
1984	13.26206151254221
1985	9.946795741688339
1986	12.43901072953096
1987	13.384332400830463
1988	13.757054697890798
1989	11.771000029162524
1990	11.797972334460516
1991	12.563998150620359
1992	14.633257304045275
1993	12.420624033493791
1994	12.062354146759828
1995	10.665395543708776
1996	10.915133056993565
1997	14.809826279233675
1998	10.51460583292847
1999	12.658432883968842
2000	13.454515596696487
2001	11.872324598667381
2002	12.787233967036526
2003	12.525012225843966
2004	12.155597361386754
