6	5.462054185614701
7	5.463745721602503
8	6.5441816528313215
9	6.088870514855929
10	6.671990339472315
11	6.437592052941553
12	6.1621483161595405
13	6.853658951767203
14	4.600106657660227
15	6.136932308462019
16	5.998235471726242
17	5.932091778158416
18	5.761808303193653
19	5.902503263619267
20	6.073296276064726
21	6.241715704682429
22	5.174224250828747
23	6.049769683227798
24	7.242300159185788
25	6.6861677858507775
26	6.459798057696086
27	6.118065515789182
28	5.624280622572934
29	6.578409819641942
30	5.456983317860268
31	5.6402299173647465
32	5.401162157411491
33	4.8564530216159865
34	5.795790649136187
35	5.94672916998836
36	6.522818550617861
37	5.835917707937113
38	6.731803765829402
39	5.31771166940576
40	7.123959340573394
41	6.431354924748607
42	6.7711451086605665
43	6.281670441695724
44	5.596923902238436
45	6.287294349562477
46	5.642525341039635
47	5.951854036651057
48	5.3588566952701235
49	4.730943805762296
50	4.964123374759965
51	5.7963615585666215
52	5.819759824311404
53	5.737455282694679
54	6.098902533382934
55	5.740280056228088
56	6.035753611547989
57	6.853212463656139
58	6.771542676308552
59	5.960147843150278
60	5.77071779157571
61	5.827840271782667
62	5.759819006620091
63	6.095268114076661
64	6.203552517951511
65	4.526392925312776
66	5.543325614621911
67	6.713604267478774
68	6.913230094781561
69	6.6603801492161345
70	6.449730919117428
71	6.114632303089115
72	5.93215869103777
73	5.877928293653381
74	5.220867404211493
75	6.060892764143346
76	5.483406003757328
77	5.913840990979224
78	5.591027092263903
79	6.370163823918639
80	5.791541085726608
81	5.927633150943703
82	5.481279553765341
83	6.160244751270511
84	6.182306564227911
85	5.485474257884658
86	5.987277082313489
87	7.582365650429687
88	6.11191492624251
89	4.874122576216575
90	5.825461912358778
91	6.274103157579197
92	6.134419648557923
93	5.240779150187419
94	5.039276603192642
95	6.334213156914652
96	5.475257207297338
97	6.524584585878235
98	6.142772690756505
99	6.2991208361693705
100	5.972683782934417
101	6.036861774423468
102	5.954166997963229
103	6.946241264309113
104	5.781840321468712
105	5.274239206662804
106	5.31473699643296
107	5.936171149121008
108	5.214855358861574
109	5.255378572149263
110	5.8858998041331585
111	7.261419554936047
112	6.708545160906007
113	6.269157403316914
114	5.4798365320266695
115	6.409583538162659
116	5.448795587408919
117	5.884268268100241
118	5.545163258204191
119	6.587290703490797
120	4.889941991949551
121	6.307516896757686
122	6.094601006589839
123	5.7191230817376795
124	5.871009799431906
125	6.891028295973559
126	6.378043210427028
127	6.754771371554347
128	5.563780072381281
129	7.4263505700172185
130	5.398828216469597
131	6.021727831682559
132	5.937229419567976
133	6.03098695932599
134	5.69777120022878
135	6.947428286539988
136	6.298375668339388
137	5.937923519746012
138	5.336335240215924
139	5.376751244526345
140	5.736303658538548
141	6.368838158508879
142	4.654810020544876
143	6.9371999641571716
144	5.61140226463451
145	6.1850786870045615
146	5.880330683150128
147	6.198726311784412
148	6.095438306230029
149	5.986343058518039
150	5.186201905448327
151	6.786399907345185
152	6.678743235823331
153	4.720443990761659
154	5.549837288049496
155	6.0129095293131885
156	5.906564534649638
157	5.783057279957913
158	6.41702736395564
159	7.14517825139884
160	6.714321454475996
161	6.164253672427432
162	6.016014641731336
163	5.667054129640746
164	5.538177148197951
165	6.300143120138994
166	6.132547492287069
167	5.962705256444138
168	6.0981608884790655
169	6.96286506490827
170	5.847422273185767
171	5.716588878636298
172	5.373082153949117
173	5.188737766523679
174	5.960309013804613
175	6.709422869466018
176	5.368902719291925
177	5.181881430946912
178	6.2169262264135545
179	4.721335160695934
180	6.3163934007126326
181	5.638783666342156
182	5.292439187564676
183	6.52361169513139
184	5.048752750003284
185	6.136427157859811
186	5.2806755662434925
187	4.985308383887362
188	6.506876520168213
189	5.516127352992618
190	6.228248955710278
191	5.508197957225453
192	5.725884581092812
193	5.650549954505643
194	6.677406538035332
195	6.317171572329244
196	6.00825720873924
197	4.998811903579873
198	7.1355306349115635
199	5.668141137201211
200	5.7579994152895075
201	5.662348650541389
202	4.772064355749486
203	5.249316000070236
204	6.28007625479278
205	6.227779831458714
206	5.437995931156264
207	6.021192729602696
208	6.303905229646868
209	5.718084555524304
210	4.779989991836236
211	6.864497288299026
212	6.764912651525972
213	6.630143090537684
214	4.952114191698382
215	5.159058629150797
216	5.46287829135261
217	6.134658561650819
218	5.502426477545999
219	6.335648747292371
220	6.364523292798007
221	6.804241395023732
222	6.452693960339785
223	5.017296271537611
224	6.571152759895899
225	6.154129418066124
226	5.581601472878588
227	6.020563276137602
228	6.901453640987581
229	6.259474526652568
230	5.550413756312835
231	5.680399160195897
232	5.709967673756182
233	5.403755864634429
234	5.958742258868167
235	6.41604544092507
236	6.208116138555245
237	6.288931944304204
238	5.573338943378621
239	6.546644908465647
240	6.2254880114113975
241	6.664546553590825
242	5.688303232344333
243	5.875997900203145
244	6.487681816705915
245	6.584434340054241
246	6.113701868693356
247	6.196892001008725
248	6.305260408504789
249	6.5633913656395935
250	6.086804326478159
251	6.192868977142587
252	5.46935900923159
253	6.300973230751697
254	7.184709216542875
255	6.220046811065025
256	5.9438995476739365
257	6.286464466651281
258	5.837604791825773
259	5.919965994503097
260	6.838092132324219
261	6.37339689140747
262	6.751044172402342
263	5.751592751593783
264	6.119297398757995
265	6.089801213801063
266	4.763117612350386
267	6.700416984984865
268	6.184081547259121
269	6.9315567315171585
270	5.781516191615352
271	6.25493767865867
272	6.036352176189527
273	5.028825684248456
274	5.955630361383436
275	5.943257621615582
276	5.953645175566115
277	5.786551295285557
278	5.9664035451362105
279	5.858330386078869
280	6.014990077688708
281	5.5996562982699185
282	6.608328884810758
283	6.1776706882639045
284	6.261444744391319
285	6.169220384122155
286	5.859009724546213
287	5.894246476149419
288	5.246289333960574
289	5.21142105724074
290	6.877158606571329
291	5.695724544496778
292	4.643390384707318
293	5.837583860023716
294	5.58501960616195
295	5.906399349156672
296	6.755350984452802
297	6.370873263458634
298	5.756461271975977
299	6.306713907694717
300	6.084955788040783
301	6.647592287948807
302	6.444480600386669
303	5.965413596697909
304	4.991830091706702
305	5.626731523449698
306	6.928687114420528
307	7.237529386937893
308	6.401925170599691
309	5.929215714905877
310	6.447060547599991
311	7.0517477605008025
312	6.992143713659922
313	6.473280953317881
314	6.449123031023901
315	5.488876206047954
316	5.86066853092052
317	5.390667165064609
318	5.949458977973629
319	5.671475657170187
320	5.78207762659172
321	5.750707547398633
322	6.570757750378998
323	5.978563582381377
324	5.031781552539906
325	5.378785816632444
326	6.686030623144082
327	5.5164429729778846
328	5.495804006851708
329	5.807800878648942
330	6.362062458455893
331	6.77161323000069
332	6.391756802897726
333	6.072871457838119
334	5.550098758008382
335	6.643359450421905
336	6.032613986314655
337	6.163969395628485
338	5.944875899677901
339	6.684099310995617
340	5.855937152801845
341	5.951548587143771
342	6.678759780246764
343	6.145153771136289
344	5.6210347904213425
345	5.07969086069067
346	5.891907497029751
347	5.580376168151686
348	7.289712746752999
349	5.7006740401686535
350	4.7821732151804355
351	5.772817316156131
352	5.377760438331417
353	5.678193476325231
354	5.7929334251246125
355	5.202685066810398
356	5.575272196321748
357	5.661964913121968
358	6.777473643252961
359	5.770208993852337
360	6.1245636245103325
361	6.6214413075926135
362	6.270841743711369
363	5.769764846633189
364	5.727091816774301
365	5.491689063944749
366	5.939782287422228
367	6.340595798902751
368	5.552741578760712
369	6.278019209359332
370	5.685056945722964
371	6.044339265928203
372	5.222798431303818
373	5.572747567155272
374	5.343675069634282
375	7.237760123150656
376	6.190748617544563
377	5.728810619736134
378	5.472972408795613
379	6.433272976277615
380	6.294142773942833
381	6.594738165262554
382	6.360919992393589
383	6.2578149309930655
384	6.665244584912823
385	5.9842358664228135
386	6.872920579826156
387	5.706754221479598
388	6.487664957214812
389	6.683376192185096
390	5.7095058460313926
391	5.989288368293584
392	7.286305334302597
393	4.992422622059369
394	5.358755658083627
395	5.8633952163729335
396	5.575350533326855
397	6.138120913682441
398	6.5408602086439105
399	5.916261732142507
400	6.297883676777322
401	6.1645969056852135
402	5.938084343203408
403	5.972030081809775
404	5.862576783456773
405	6.91699793771327
406	6.321138878864462
407	6.669957505986265
408	6.695556261356354
409	6.092647321947706
410	6.0253202668287225
411	6.1229892611781205
412	6.2027511144600185
413	5.8349872902679065
414	5.643051182242254
415	5.9939754944362935
416	5.901633432653034
417	5.365984900624469
418	7.0628200427926116
419	6.287629239873786
420	6.125980623420522
421	6.091561815164413
422	5.981252570625305
423	5.462875618565886
424	4.966333565323247
425	6.6383986660853385
426	5.555114704410597
427	6.40676632277572
428	5.726057394525678
429	6.765577499430947
430	6.592687158805222
431	6.341184221243588
432	6.268149507618675
433	6.201798424252279
434	5.886731319593416
435	4.910721528150852
436	6.22935035005106
437	6.558764022942072
438	6.565666984023992
439	5.955532523643342
440	5.916371045346023
441	6.334620962732949
442	6.234841315726953
443	7.205407234197992
444	5.87657687009352
445	5.718501153831658
446	5.737313072399984
447	5.596817916493386
448	5.755816673417223
449	5.327679484054291
450	5.410222911058967
451	6.515056966052725
452	5.405346405827196
453	6.504360506966661
454	5.978817870172046
455	5.895324913089355
456	5.687358969721985
457	6.472967176162921
458	6.292806433667041
459	7.099985406136728
460	5.126475459516891
461	5.164135217582807
462	5.9588017485376135
463	6.2942940752268335
464	5.458303523045451
465	6.026948768057212
466	6.185605111359821
467	5.936154608677546
468	6.810005001124051
469	6.395909111100571
470	6.311195158767077
471	5.417646768391326
472	6.319612337651051
473	5.318325480461144
474	6.539034039148402
475	6.53388391267422
476	6.758250304990049
477	6.053297631717711
478	5.154369591526353
479	6.675364431094204
480	6.302012761561748
481	5.833300678908762
482	4.675808417418739
483	6.711422842911109
484	6.610005839952565
485	5.466386718260382
486	5.811287161104182
487	7.364708039942343
488	6.159955558322299
489	5.569550345544345
490	5.507055906554645
491	6.159990515414393
492	5.2731997581608026
493	6.5919928827042895
494	6.139278253459259
495	5.779640605331224
496	5.7597443153124095
497	6.548624161671614
498	6.61569354512628
499	5.986025666053457
500	5.946110512127883
501	6.1295051552693955
502	5.572134796768131
503	5.376289564204247
504	6.43522678983658
505	5.465216455731455
506	5.175035374641821
507	5.204160824450903
508	5.683592960220267
509	6.0476106030573895
510	5.5878390618511755
511	6.288161719623858
512	5.988462242573549
513	5.692078412925669
514	5.963024652409971
515	4.897942274326591
516	5.592466688773129
517	6.853017200577169
518	6.845761391799897
519	4.514532277053352
520	5.811648234809664
521	6.272805408296907
522	5.406160703399282
523	6.137834122201611
524	6.467480251043862
525	7.517346752673444
526	6.5717464159337196
527	5.317508305120282
528	6.450565539075926
529	6.190664628883965
530	5.448558479500934
531	6.194431152320467
532	5.084124807325016
533	6.519162059043135
534	5.659965110210968
535	5.454441787467139
536	5.101207398957922
537	5.8352042075579185
538	5.7585702287476686
539	6.425697480947045
540	5.339098639527543
541	5.210699617030758
542	7.098115230708992
543	5.488491897033982
544	5.722100763508934
545	6.128558265613165
546	5.702350860629748
547	6.007369149344
548	6.563671901105883
549	6.332082843186072
550	6.462931913219225
551	5.544640370692389
552	6.338324690034746
553	5.741815127878051
554	5.7302353524719365
555	5.779013696854236
556	5.159384055725033
557	5.787440624722311
558	7.034336186424803
559	5.490891382825794
560	6.594425466182419
561	4.676153554631721
562	5.6784943578329505
563	6.567704842477623
564	5.639600102998164
565	6.9635674504190685
566	6.266585820914574
567	6.272600379512082
568	6.900058320460708
569	5.721023152113048
570	6.274358051257793
571	5.910998445211748
572	6.471766438732362
573	6.25507048860214
574	6.475406945498167
575	6.111129661510473
576	5.418448317996485
577	6.401868824712989
578	6.045068150577255
579	5.1649469917756505
580	6.377167642450475
581	5.566789574898495
582	5.7597338892253385
583	5.182717746191581
584	4.80405397280452
585	5.833240930311149
586	6.642392540276474
587	6.4956889113463046
588	5.782200576221246
589	6.727040847043099
590	5.844868079713156
591	5.7542484601726755
592	6.449205334663616
593	5.083323297589325
594	6.537723027346091
595	5.974214029336553
596	5.809356214234694
597	5.872433381748851
598	6.124661309352248
599	6.181213455398877
600	6.159973943493618
601	5.4935265339358015
602	6.1275451482806895
603	6.122487244564259
604	6.266577178365409
605	6.208358509847786
606	5.046201349921628
607	5.8369455274021735
608	6.286751619754465
609	5.5868360479204995
610	5.958577913192234
611	5.7090200562802655
612	6.284350764102835
613	6.0184106601623055
614	6.834127386630927
615	6.450626681272008
616	4.477587757774839
617	6.533281783985042
618	6.076576385134831
619	4.932680548145436
620	5.517824153701076
621	5.702650811182268
622	5.998288305637788
623	5.435441725385317
624	6.019183527207298
625	5.697937173384955
626	6.095375306890346
627	5.727758584978679
628	6.066392209813265
629	6.35040627861974
630	5.3395039107567905
631	5.512235898352055
632	5.542900772597504
633	5.661133735599194
634	5.445159211738168
635	6.1798760898139635
636	5.06849226618197
637	5.724713739441035
638	5.760157443283154
639	6.012413528465133
640	6.42409512730794
641	5.492217651299702
642	6.286975402834027
643	6.225396625584108
644	5.572388138561831
645	6.305460517340729
646	4.835689789588498
647	6.831721860948164
648	6.074657530127529
649	5.408280284632928
650	6.750542303200443
651	4.490036549873184
652	5.607909515770452
653	6.699260478655267
654	6.178912149567623
655	6.17707333645667
656	5.784132252288784
657	6.149066732447993
658	5.986673891774109
659	6.72545509666088
660	6.376417743556279
661	6.212200383631473
662	5.224031691726427
663	5.993681968496689
664	6.138900838935604
665	5.727895756929813
666	5.731662269209563
667	6.793535060753736
668	6.424692034412621
669	5.740823190135416
670	5.683618066437747
671	4.980724969767439
672	6.910627501466396
673	6.060785338158142
674	7.045623246491785
675	5.887965040051818
676	5.967236228332492
677	5.110284357085003
678	6.263417557242416
679	6.690970509351852
680	7.328661849600307
681	6.027796796670494
682	6.110528893532429
683	5.028059649496572
684	5.498856054131735
685	5.762002655823016
686	6.178937446109355
687	6.383352625892232
688	5.699114736256057
689	6.192277374141144
690	6.0192991755865215
691	6.138627143815542
692	5.0235036275666465
693	7.143679877119009
694	5.322069258176877
695	5.1978892213276895
696	6.70352478120476
697	5.537832505193364
698	5.4069543207473485
699	5.099568057817885
700	5.79482885535496
701	5.937947608471215
702	5.941575897903407
703	6.328904376434366
704	5.577819507500283
705	5.443577860637258
706	4.904435143067861
707	5.556745248871656
708	5.614313731199432
709	5.870008567989899
710	6.879668363237418
711	6.449833481550036
712	6.092487877107043
713	7.005668814643286
714	5.386054844005905
715	6.311713641779007
716	6.592215439705315
717	6.0040752290127175
718	5.9801688812828315
719	5.887467577015438
720	7.595411880924884
721	5.701244128940743
722	6.334777973250311
723	6.822581225276195
724	6.118999441535885
725	6.638134578702589
726	6.02438483444608
727	6.0108191466662735
728	4.712375197214507
729	5.592413028179763
730	6.316280710638966
731	4.773170547922536
732	6.326450978990835
733	6.261240042877407
734	5.579034871251609
735	6.417203697954796
736	6.785250203218311
737	5.151787155773491
738	5.357703857003124
739	6.269237480242737
740	6.14434165818273
741	6.847415815557664
742	6.158242873741653
743	6.488032815205357
744	6.706462206877171
745	6.151340072284099
746	6.374341840994829
747	5.6259693666570225
748	6.017172361717426
749	5.451385119602838
750	5.819462198636405
751	5.722945518331188
752	7.018753734485739
753	5.868646221518118
754	5.788150951513231
755	6.026410779758247
756	5.33873650768895
757	5.725754811418139
758	6.71961255736071
759	5.631351687831995
760	4.998017762138536
761	6.816648608345228
762	5.923075490888688
763	5.578303553220721
764	6.311554257728112
765	6.459891705421818
766	6.065806067348603
767	6.620782350285233
768	5.288037909361689
769	5.905969090846389
770	5.541432397410972
771	5.955917109732247
772	7.164816188662903
773	5.987355313647689
774	6.342764136598221
775	5.794656467274763
776	5.88861178015302
777	5.89995008695405
778	5.70203032393885
779	5.962008239576456
780	6.582056709050741
781	6.227017360917671
782	6.306589259323158
783	5.388709873892367
784	6.093330287700519
785	6.541292278622277
786	5.876106488058577
787	5.185422238544561
788	5.833627852977121
789	6.1693895678513515
790	5.315581863647542
791	6.196719105620022
792	5.6107975462509785
793	6.053617661190219
794	5.848920194351544
795	5.427577351777335
796	6.144626731418872
797	6.206927074928386
798	6.273924798692098
799	6.3683070169628735
800	5.784743631029934
801	5.809765069729424
802	6.551453569906955
803	5.849052051288011
804	6.4854662454499
805	6.1219880179342
806	6.206602516451515
807	6.988852010354666
808	5.9610504799255555
809	6.800099523801526
810	5.674686566600576
811	5.680313685152214
812	6.231501540124771
813	6.38810381361355
814	6.418322865350285
815	6.0761061289178375
816	5.298578941898554
817	6.343527182930847
818	6.301268938398952
819	5.865187869565228
820	5.899852502845331
821	6.538093743560074
822	6.754310861843723
823	5.971043084542123
824	6.5858230236368
825	5.908557122948372
826	5.5971157580783
827	5.592518715192758
828	4.875605060581093
829	5.539167932548379
830	5.991439193239785
831	4.448584560505961
832	4.372896036359873
833	6.667452922986177
834	6.365112870008064
835	6.4199753049068855
836	5.7132924461446235
837	6.667799237766303
838	6.048683468795692
839	6.394115462275342
840	5.782317734879231
841	7.569875621028724
842	6.321695389645787
843	5.833835127963539
844	6.810643899883144
845	5.307319631971255
846	6.363097598892637
847	6.066374770824849
848	6.502958211212836
849	6.637136263028493
850	5.86788152842482
851	6.667101186244206
852	5.921689810427396
853	5.998237125659216
854	6.335449055778821
855	6.486546643603769
856	6.535042142040939
857	6.137748179117669
858	6.371381047414616
859	6.440215476120271
860	5.355268479425124
861	6.717208432280685
862	4.877521473877343
863	5.92928976112784
864	6.463958097003134
865	6.640276693211894
866	6.091657539826627
867	5.187869995681103
868	5.648752772874475
869	6.0308276582428055
870	5.97594246981145
871	5.838217098768459
872	5.081515641078692
873	5.213779309874627
874	6.00921572847957
875	6.0244754818679
876	6.2207502607545795
877	5.796833410975523
878	5.984111704984181
879	5.668655897945512
880	5.296634087055468
881	6.230994990155468
882	6.533439863205421
883	6.6900021192372945
884	6.5992217084176135
885	5.687315934510806
886	5.5416434672285595
887	6.54101451302554
888	5.330545330873413
889	5.635569104823567
890	6.165798177766438
891	5.83185904367587
892	5.72448176271141
893	5.613304308230807
894	5.532874561741482
895	6.392652643565088
896	6.262768224401113
897	7.184811579223267
898	5.097211946302128
899	6.198819162946893
900	6.162893332085599
901	5.865232159940117
902	6.539782718056813
903	6.70542350093435
904	6.469307741720695
905	6.6786912221948365
906	5.426229499720244
907	6.356589547839846
908	5.8012855800005365
909	5.252607787899192
910	5.318321036675164
911	5.662076454433517
912	4.418182458080805
913	5.828393770873757
914	5.944428807733646
915	5.685653400045402
916	5.330863961809276
917	6.285873892303142
918	6.004829880339691
919	6.338124075340128
920	6.264206910626464
921	6.388606602038635
922	5.749609158495846
923	6.088574601262207
924	5.119670854511616
925	6.115737446078003
926	6.4495455213489805
927	5.8108814103552735
928	5.124687156999823
929	6.168393156854003
930	4.9716596043256756
931	5.938612172749582
932	4.834491673026009
933	5.690175505263893
934	6.546029220771743
935	5.596732545017731
936	5.684948532776907
937	6.29647892208526
938	5.320711785980331
939	5.48101970561264
940	5.937836358827258
941	5.947996616829187
942	6.411903756243798
943	7.1611448285589
944	5.991557057024384
945	5.928334297974491
946	6.526398865799247
947	6.224529519384886
948	6.676219899786006
949	4.879454188107047
950	6.489668688929999
951	5.405778100102161
952	6.0582865207569485
953	5.970737951728603
954	6.213695827479425
955	5.40873128093451
956	6.197200022879629
957	6.265344067108493
958	6.005159847314864
959	5.672997970467097
960	6.68385004272568
961	5.417052261789738
962	6.33475711402949
963	5.570636926787639
964	6.608266921839554
965	5.4569126612817245
966	5.29050158111786
967	5.133614452020265
968	6.035112882684189
969	5.998601016747258
970	5.777245469431956
971	5.699397039038806
972	5.585318490329787
973	6.390145087465405
974	6.010455752736352
975	6.942401539426037
976	5.525986684585566
977	6.046490632919206
978	6.221026791982019
979	5.78858802268385
980	6.082599941505275
981	6.547426880528737
982	6.647576241001176
983	6.680284796347324
984	5.419216814893866
985	5.749930387904771
986	5.6427733382739715
987	6.340355153232472
988	6.153900895752163
989	5.731469436778496
990	6.128870926834943
991	5.620959934923244
992	5.960229908147206
993	6.293697929132032
994	5.649943021779809
995	6.203194659626187
996	6.234461939391239
997	5.784269410856845
998	5.578603845001576
999	5.036015914264135
1000	5.6972820619086955
1001	6.123920107459104
1002	6.890126550058516
1003	5.919382310094079
1004	6.448415552473307
1005	6.587155841258463
1006	5.968424725526711
1007	5.950553599909623
1008	6.1734201160013775
1009	6.516830289397728
1010	6.5425887444936155
1011	6.677561352876688
1012	5.962461431889096
1013	6.122849169420078
1014	5.245383875577191
1015	7.724598124587478
1016	6.468521386214818
1017	5.4603793625242245
1018	6.29091042735381
1019	4.320753993664402
1020	6.309125271931745
1021	5.982267563450687
1022	5.812855616970253
1023	5.720578239839644
1024	5.347688923875935
1025	6.443867939074423
1026	6.123789555444899
1027	5.9107652219812366
1028	6.41056467477077
1029	6.5134937140153335
1030	5.672893792111426
1031	6.1432321393307685
1032	5.079390184318002
1033	6.913286815451172
1034	5.975787377379472
1035	6.013094614448217
1036	5.592340154965591
1037	5.429873219083969
1038	6.064691991677197
1039	5.784248406046109
1040	6.859971753416837
1041	5.0101463213977695
1042	6.659666467543082
1043	6.257563971060638
1044	5.842299339439099
1045	6.072638970453732
1046	6.002658830118543
1047	6.293339874305719
1048	5.227112763404283
1049	5.166355377305299
1050	6.11252048699739
1051	5.7649235772129535
1052	6.684997696464769
1053	6.266039801206823
1054	5.021497830826168
1055	6.24406110891141
1056	5.445889113186341
1057	6.589338644242121
1058	6.578234956946431
1059	6.275259832117277
1060	6.0224381334200086
1061	7.021135876623866
1062	5.189480539587693
1063	5.781780111226093
1064	6.710323054110631
1065	5.074243141710758
1066	6.014280306951453
1067	6.838691082517725
1068	6.718254553542162
1069	5.62957414854706
1070	5.842436481737937
1071	6.358719192568541
1072	6.521669613657137
1073	5.793197377687594
1074	4.3550899881159975
1075	5.954518694227609
1076	7.574386537948158
1077	5.596050483021444
1078	6.738947763435797
1079	6.801300101059799
1080	5.040322650596499
1081	5.679925126911257
1082	6.346431382325326
1083	4.447167816605153
1084	6.0377823855378665
1085	5.996249119667575
1086	6.108263837148273
1087	6.171248440027099
1088	5.585624203764989
1089	5.133397699896402
1090	6.347567149418562
1091	5.73396426681202
1092	6.284582171721073
1093	7.124804113918799
1094	6.358310581349845
1095	5.9690934663821915
1096	6.849162714561539
1097	6.40934791384239
1098	6.233171126701766
1099	5.7321653227409115
1100	5.957663443744304
1101	5.11634027126648
1102	6.72861323118783
1103	5.3890524806235645
1104	6.07988628858045
1105	6.4633795807953
1106	5.502687110088002
1107	6.209363995216942
1108	6.098010342298949
1109	6.96362477962652
1110	6.801738601148081
1111	6.097087773938118
1112	6.511124943693479
1113	5.07743330127109
1114	6.004514827311775
1115	5.172817395301536
1116	5.377671175541102
1117	7.571156393694268
1118	5.163129865842433
1119	6.0140535881226835
1120	6.004001240915386
1121	6.852883127250927
1122	5.875817059655674
1123	6.5651067073146505
1124	5.622306684533021
1125	5.603980928307208
1126	6.268980368812169
1127	5.320043801040565
1128	5.1244114504821985
1129	6.005845581001092
1130	5.7507755471936735
1131	5.458141227182226
1132	5.359998383143013
1133	5.245218030485215
1134	6.163968640589906
1135	5.648753934908503
1136	6.730967584658753
1137	6.486824765051715
1138	6.289036694531595
1139	5.972749912591937
1140	5.244991675306422
1141	6.246407608528687
1142	6.748631679993456
1143	6.466615395034861
1144	5.389144421878478
1145	6.657845015456486
1146	6.49960048708211
1147	6.670728996127957
1148	7.234751032133188
1149	5.707761464856293
1150	5.615026411699364
1151	6.794184885781513
1152	7.3613098046917
1153	6.3009534060334165
1154	5.670474258651666
1155	6.350812899561047
1156	6.196447450848064
1157	5.954268242168473
1158	5.127060914515621
1159	5.763854294025805
1160	5.805349226329209
1161	6.053383532267831
1162	4.688012963957398
1163	5.627215259083797
1164	6.747440012712853
1165	5.834371533687977
1166	6.224954406202703
1167	5.86276870805352
1168	7.1206596281925405
1169	6.65462737817418
1170	5.691078950107719
1171	6.284644942868639
1172	5.761232666445721
1173	5.550161252249822
1174	6.341134345631652
1175	6.384870521840639
1176	6.252524050674999
1177	5.055722013539211
1178	5.371521228424659
1179	6.100609640849547
1180	5.254533050257075
1181	6.16907556244405
1182	5.439516856607565
1183	6.991380637849591
1184	6.230221683566924
1185	5.871315989003051
1186	5.893544517442623
1187	6.404304504966906
1188	5.88716719361643
1189	6.533931013743858
1190	5.710005831654632
1191	4.994735663928288
1192	5.95204704505335
1193	5.41165615810991
1194	5.6443151699961165
1195	5.203871373343879
1196	5.704802788658223
1197	6.717659190507783
1198	5.40376588413719
1199	5.579164238900623
1200	6.433108577142573
1201	6.140784296932695
1202	6.1796449007421375
1203	5.970479302969055
1204	5.806284929773855
1205	5.8533414403998085
1206	4.985279070846737
1207	5.85240360808511
1208	5.602714946422951
1209	5.571240005005772
1210	6.592246445758707
1211	6.588164154493895
1212	6.940052703178178
1213	6.4663448042027944
1214	5.668340851791029
1215	6.432480588820504
1216	5.599953614939482
1217	6.250704744075601
1218	5.67707905526781
1219	5.237374744707874
1220	5.135962876491249
1221	5.89920006514503
1222	5.603094659837742
1223	6.561924298004614
1224	6.16530216596643
1225	5.89459493318095
1226	6.1108993165471475
1227	5.240879218760205
1228	5.358717828728259
1229	5.947663498656766
1230	7.016444196782597
1231	5.953528107525522
1232	5.562344688700423
1233	5.185715671129791
1234	5.810793466960604
1235	6.060463441619411
1236	6.228402042062953
1237	7.552249945544948
1238	5.250869611061977
1239	5.134033570919807
1240	5.996951981551117
1241	6.8204183202935385
1242	5.739977751379175
1243	6.104065221690296
1244	6.769542562980753
1245	4.8526213963050395
1246	5.735807846688355
1247	5.881331171452378
1248	6.863856280418113
1249	6.012335660821963
1250	5.9250358469417375
1251	6.221815937016483
1252	5.516999243544415
1253	6.62792999388907
1254	5.123969585498107
1255	5.347860407483365
1256	6.120780296487416
1257	4.872341204313368
1258	6.6923614666683955
1259	6.690832085092552
1260	5.770904920270135
1261	6.171613542332412
1262	6.318074087821879
1263	6.010673984424616
1264	5.566395431683448
1265	6.449084999813368
1266	5.786608705514921
1267	5.870053670660127
1268	5.228407337694453
1269	6.153403306214993
1270	5.500022909211111
1271	7.252054165251967
1272	6.512337965114663
1273	6.086928856621186
1274	5.803980145455253
1275	5.636595809645038
1276	5.66621673394693
1277	5.960860992223024
1278	6.156083514231299
1279	5.833755872695922
1280	6.233883718461838
1281	6.476467531252031
1282	5.147963370131846
1283	6.834565552619384
1284	6.075731577690957
1285	5.620648633410585
1286	7.096904128410474
1287	6.075741049827625
1288	7.192001716998805
1289	5.768846117023548
1290	5.979234764286771
1291	6.495883675006729
1292	6.069034635850757
1293	6.131193234973277
1294	6.03760375879819
1295	5.018904985832599
1296	5.764827453098001
1297	6.102604592085949
1298	6.7659009969868364
1299	5.189035356976092
1300	6.2460267819244315
1301	6.022870812521771
1302	5.27511174103358
1303	6.7171257426554805
1304	5.043105411275681
1305	5.852419660920847
1306	5.602484376130936
1307	5.480307287104162
1308	5.098113817803096
1309	6.338231409812579
1310	6.365121855932687
1311	6.501992303313631
1312	5.722301310714888
1313	6.085030432973456
1314	5.979762072144593
1315	5.759481159707484
1316	5.928452494880185
1317	6.732937513516905
1318	6.799134040510814
1319	5.396155722707397
1320	6.507748271553562
1321	5.4382877525030855
1322	6.155451662389834
1323	5.002003413272489
1324	6.536790547002918
1325	5.835266041216638
1326	5.803047953024268
1327	6.091943059708117
1328	5.007474772197505
1329	5.912238024854257
1330	6.106172475397629
1331	7.1411201458199525
1332	4.915361965082191
1333	6.042311434520941
1334	6.543422874924021
1335	5.940821627070869
1336	5.552955619223854
1337	6.059164127509575
1338	6.156518392753787
1339	6.129047119512076
1340	7.071098906395491
1341	6.622647052036663
1342	5.8974115258548405
1343	7.210207330393454
1344	6.192069724518567
1345	6.27194918791065
1346	4.92951683851092
1347	5.91795653064186
1348	5.587658420198649
1349	5.291731999561307
1350	5.471195906284265
1351	5.6808198699650045
1352	5.712750049636645
1353	5.022332964283931
1354	5.690022099097001
1355	6.469783458024419
1356	6.45623855786107
1357	6.485464091904254
1358	5.926100537023177
1359	6.176791190396903
1360	5.951538387142743
1361	5.719748009112664
1362	6.067385557631496
1363	7.141511801814917
1364	6.069272046863464
1365	6.580217104139073
1366	5.504759169431054
1367	5.737010600477723
1368	5.418628038647067
1369	5.309630668838508
1370	5.659120718005579
1371	6.134989383990966
1372	5.714024296715589
1373	7.231750159453238
1374	5.315101696336041
1375	5.749834508769429
1376	4.102889184964754
1377	6.585983020274646
1378	6.156108271876542
1379	6.43359947269265
1380	5.673883057063601
1381	6.380940134287812
1382	7.741106725237783
1383	5.409592518432285
1384	6.069744284482052
1385	6.687450107383101
1386	5.632548782840604
1387	5.62033874438625
1388	4.9445919198844805
1389	7.144877873194803
1390	5.205232194456039
1391	6.426396584655675
1392	6.162428826816251
1393	5.812841687901204
1394	6.174570748512633
1395	5.880166820732744
1396	5.93370443846747
1397	5.997935552680648
1398	5.4806628713909635
1399	5.325074650417082
1400	5.694177511553453
1401	5.794148403942251
1402	6.847350983033803
1403	6.028116090565971
1404	5.891803527726455
1405	7.043164550352635
1406	5.9567273147105695
1407	5.912842381519802
1408	6.790706119297906
1409	6.9338432538037695
1410	7.008236331208489
1411	6.787764094088094
1412	6.2702399180736395
1413	5.896826935511651
1414	5.01756610911142
1415	6.512087249070067
1416	5.297662401208427
1417	5.595355173158977
1418	5.5516557051896065
1419	6.7741528963597375
1420	5.423101791634392
1421	5.890922451192247
1422	5.945820522468744
1423	6.428428428919454
1424	6.607659798603327
1425	5.7142046609583
1426	5.88624720150579
1427	6.17439662366153
1428	6.406255025688249
1429	6.6691997770907445
1430	6.294563505281985
1431	5.11891465759478
1432	5.939595638700511
1433	6.338942813994363
1434	6.123738589004222
1435	5.9988253503599065
1436	5.611245207006244
1437	6.127908427727958
1438	6.823031229322725
1439	5.51809870521538
1440	5.963887335885582
1441	5.373184976616176
1442	5.5816957248166075
1443	5.472429192674003
1444	6.829663090459588
1445	6.5029071472549385
1446	5.826327707217214
1447	5.6670403410766825
1448	7.0072336784150036
1449	6.024588038948423
1450	6.5250581460549375
1451	5.02322848541483
1452	6.204050126598616
1453	5.515342053264919
1454	5.767022137838086
1455	5.316820955201466
1456	6.6822326391015965
1457	6.1427548460908135
1458	5.904961163074606
1459	6.519024321551634
1460	6.755394338985207
1461	5.809597065844371
1462	6.316444772495997
1463	5.5363012706182655
1464	6.559456636882661
1465	6.615748063632054
1466	6.773469178579175
1467	5.355563007397851
1468	5.020372417530623
1469	6.098679717275358
1470	5.395464682259545
1471	6.104016839300819
1472	6.0500962400199985
1473	5.707512556971913
1474	5.3885194290362834
1475	6.2608874179422855
1476	4.661240583130469
1477	5.719389810191037
1478	6.382054680520447
1479	5.663481791461394
1480	5.483972781899802
1481	6.398143217936158
1482	6.659155315015991
1483	5.84110009369518
1484	5.392266287076238
1485	5.810678412262915
1486	5.9047057397870555
1487	6.718995151310486
1488	7.0069397625273036
1489	4.997129802199197
1490	5.015247352971023
1491	5.679784019503535
1492	5.883099067182047
1493	6.401366973761469
1494	6.247389646108322
1495	6.428233057790404
1496	5.8293288844835125
1497	5.926756251942027
1498	6.155822814606257
1499	6.466228823148413
1500	6.073310124976117
1501	6.658334684532343
1502	5.677153670407356
1503	6.596544524654746
1504	6.450933646199039
1505	6.108828245611043
1506	6.378723964381165
1507	6.079372406276593
1508	5.463239846357073
1509	6.267935508223346
1510	6.00250110157067
1511	5.2067866646063825
1512	7.089763240029033
1513	6.911354975914582
1514	6.465144410300127
1515	6.081603448255919
1516	5.840752738669315
1517	4.883417791085473
1518	5.595759031339549
1519	5.426359709957614
1520	6.007964988277915
1521	6.835616534774577
1522	5.493210790526623
1523	6.347751924917341
1524	5.871194480187518
1525	6.614094192552147
1526	6.4515953854913075
1527	6.667004015031529
1528	4.994158341200091
1529	5.239827316241442
1530	6.422972673812929
1531	6.113683122202176
1532	5.839407019253651
1533	6.107522065028882
1534	6.383372089796467
1535	5.928834316852901
1536	7.374576574383194
1537	5.407141779104925
1538	6.3948155756097105
1539	6.246754037675997
1540	6.633459733443726
1541	5.776182790114094
1542	5.786217171093449
1543	6.941771295705908
1544	4.693698720235261
1545	6.26049103668629
1546	6.47608639991306
1547	6.932817482370107
1548	5.4720027021248825
1549	5.464778563879165
1550	6.403387815121708
1551	5.846969904008267
1552	4.572889366020847
1553	6.131616770277584
1554	7.007166758697066
1555	5.289109581710363
1556	6.6029408948961645
1557	5.7894219328919725
1558	5.775113868689554
1559	5.75087625040219
1560	6.9852425920738215
1561	6.369058019532215
1562	5.961067644976235
1563	4.810887077029269
1564	6.139656733043546
1565	5.7617264263184245
1566	7.558026044581578
1567	6.353382772340535
1568	6.8016755859716795
1569	6.118083713792784
1570	5.257427274464415
1571	5.238089284326538
1572	6.353447325348056
1573	5.506095590309188
1574	6.814987108213245
1575	5.752936340891005
1576	6.049018264491445
1577	6.139667735072887
1578	6.157464938828462
1579	6.970059065691506
1580	6.267832613084465
1581	5.676007321104407
1582	5.128455828015621
1583	5.732765048549956
1584	5.839256806687142
1585	7.289370368715026
1586	6.054531029842206
1587	5.84563423753328
1588	5.959381186182145
1589	5.7314412899625795
1590	4.632903908927212
1591	5.2513001592955195
1592	5.9727274781002455
1593	5.274377580676963
1594	6.229006246825318
1595	5.577236752610845
1596	5.968416910972851
1597	6.276625353977299
1598	6.136387390286351
1599	6.2937750669520796
1600	6.263696447959067
1601	6.211642703605873
1602	6.466006604542669
1603	7.574840222837449
1604	5.220923866132377
1605	5.933022404274229
1606	6.256713881487808
1607	5.842268491381659
1608	6.531630186756956
1609	6.810828551720909
1610	6.6306071330952205
1611	4.977724337717518
1612	5.696356931468472
1613	5.5792422524121195
1614	5.4795745779856055
1615	6.322209781123739
1616	4.361367624312905
1617	4.85654389364044
1618	6.160024819310222
1619	6.30045344570892
1620	6.117996111295597
1621	5.262342697722958
1622	5.802340153953992
1623	6.494187454400318
1624	6.505092381462155
1625	6.532662480733254
1626	6.5888336903648455
1627	5.713037911705517
1628	6.1875600267750475
1629	7.085973305677596
1630	5.262848129283691
1631	5.9117069153397
1632	7.319311718772432
1633	5.808756990838447
1634	6.247795585963148
1635	6.081658169323216
1636	6.734044649545103
1637	6.040896849599792
1638	5.931307178456336
1639	6.327177556715661
1640	4.502363821670699
1641	5.584722701641214
1642	5.108115061884746
1643	6.884937244061337
1644	6.879586974499814
1645	5.805896152527758
1646	6.111327177139394
1647	6.323639886854734
1648	5.765557230271113
1649	5.774937623699841
1650	6.80371332663067
1651	5.6083651030520825
1652	6.718682638143138
1653	7.47993474060786
1654	5.349876359431073
1655	5.921467067637982
1656	5.508200531611471
1657	6.215485694674392
1658	5.373289524501635
1659	6.30605504676027
1660	5.708091094209205
1661	5.9177347803546585
1662	5.793163577572275
1663	5.71998922763846
1664	5.626192141789943
1665	5.894034585345472
1666	6.3885719305059565
1667	5.871116004494095
1668	6.612098192089591
1669	4.807020287948828
1670	6.453321815410163
1671	5.33317162338883
1672	6.2767763315685885
1673	5.825166168666722
1674	6.254612419073685
1675	6.928949622416192
1676	6.259519367920364
1677	6.090657231647001
1678	5.516618630757964
1679	6.209654359019954
1680	5.673234467575094
1681	6.136972187063657
1682	5.08869636919596
1683	5.467781467977065
1684	6.586585121975543
1685	6.265689494963414
1686	6.282804757060886
1687	6.436345166101566
1688	6.920879122212581
1689	5.663595053380252
1690	5.94345392302708
1691	5.6184373609256
1692	5.591537516507496
1693	6.083514944384141
1694	5.887051056985828
1695	5.695753776727037
1696	6.443717940550091
1697	6.522458601484282
1698	7.628807877063412
1699	6.733460224287298
1700	6.6764476088045
1701	6.41131769716906
1702	6.865274209699904
1703	5.163932730534321
1704	6.718470864948661
1705	7.058734134928433
1706	6.791683132374851
1707	5.854288159744573
1708	6.3744339541411925
1709	6.632061085947498
1710	6.2820482247376015
1711	6.102190088163215
1712	5.4510434534555925
1713	5.406027609660911
1714	5.797693143617614
1715	6.220205393824272
1716	6.167012729429241
1717	6.236181706236676
1718	5.962327722361526
1719	5.810015415948992
1720	6.293921573662522
1721	5.697503135828866
1722	5.831045234889293
1723	6.093961777475973
1724	5.9412150574608935
1725	5.5613897788873015
1726	5.921996970983943
1727	5.261022275020166
1728	6.499284406885122
1729	5.606482358678477
1730	6.155752523512946
1731	5.640876446879702
1732	5.376698557418422
1733	5.765407262580289
1734	6.330120279703562
1735	6.654304602986266
1736	5.344955360977023
1737	5.249163465180363
1738	5.223341807755003
1739	6.489159859837063
1740	7.0186419961974025
1741	6.3066816864046835
1742	5.784363114536091
1743	6.698336532882725
1744	5.879028645424114
1745	5.619780095965536
1746	6.694418988435676
1747	6.9446769266539965
1748	6.420305081506205
1749	6.072040879240792
1750	6.248766303880186
1751	5.905851866294997
1752	5.77188091953285
1753	6.074232467153141
1754	6.612689583995638
1755	6.323497024021991
1756	5.838050453018929
1757	5.608019303718013
1758	5.616238252964935
1759	5.99505666258912
1760	5.628262869096503
1761	6.725659408874697
1762	6.88432432585537
1763	6.041732738919866
1764	5.78939083692754
1765	6.578455599723384
1766	6.755360317210523
1767	5.212877023969777
1768	6.865601756668184
1769	6.42892001039275
1770	6.394229283734389
1771	5.136097050379389
1772	5.780910870854337
1773	6.118069245600431
1774	6.42760709175017
1775	6.707556012686285
1776	5.611581266900017
1777	5.212645077958171
1778	5.983634746107938
1779	5.280829840242707
1780	5.844458025304929
1781	6.157120371419296
1782	5.915771934956026
1783	5.742809721865715
1784	4.879729826564846
1785	5.215415346443963
1786	6.36665453380734
1787	5.715870734010621
1788	6.191386247687259
1789	6.064196460266513
1790	4.5507401724268375
1791	5.30972871668787
1792	5.667924230271536
1793	6.230122392311589
1794	6.171341352369858
1795	6.636086299700001
1796	6.125988786562812
1797	6.271772619977128
1798	5.150173947753917
1799	5.8621092546044995
1800	5.6331324290367775
1801	6.029161231419552
1802	5.813312423415482
1803	6.053201283320474
1804	5.874039067712147
1805	6.344496919080571
1806	5.498950012273983
1807	6.757237342870653
1808	5.895076076776266
1809	6.401519468673015
1810	5.517221820465399
1811	6.759437550535062
1812	5.794925850408617
1813	6.374860596871458
1814	6.277891081175767
1815	5.606860487608285
1816	6.373576497165708
1817	5.331206636758702
1818	4.888744501378632
1819	6.047949664496087
1820	6.305357584307246
1821	5.911617735847055
1822	6.309708879833731
1823	7.051556933859718
1824	5.6366312262932
1825	5.671730751226035
1826	6.296613566620325
1827	6.656562838483499
1828	5.9143277954509745
1829	5.495963497087359
1830	4.8644191952083595
1831	6.087134772589287
1832	4.882016434665826
1833	5.534971385969427
1834	6.148120607775185
1835	5.744341224791821
1836	5.845143328222664
1837	5.288139066717122
1838	6.180585752099028
1839	5.656625516229968
1840	6.0755426121847425
1841	6.547545796825683
1842	5.6304132334863475
1843	5.388550063061919
1844	6.4664031907052895
1845	6.630897292321989
1846	6.584541868209382
1847	6.167367221686888
1848	5.87644696055213
1849	5.943635549059966
1850	5.96840493401202
1851	5.91300824466042
1852	6.068046174801162
1853	5.863486868150246
1854	5.510775715004032
1855	5.329986418619932
1856	6.165157663295618
1857	7.277798014139989
1858	5.729028493505777
1859	5.92316723958557
1860	5.922905564228131
1861	6.595286161142499
1862	5.397802992861193
1863	5.722608010587988
1864	6.449497788782335
1865	5.002292659689879
1866	6.0746104180580005
1867	6.150083162136642
1868	6.138825840590289
1869	6.406874329734006
1870	5.675848709336752
1871	6.6053778998183965
1872	5.2346820198596475
1873	5.3112997126441
1874	5.446455979461057
1875	5.469406524044461
1876	6.81280841798324
1877	5.713803698481897
1878	6.140446043443368
1879	6.0535946925778665
1880	6.3730680391941545
1881	5.410222428196387
1882	6.371310398892262
1883	5.179148259821037
1884	5.02958933585801
1885	5.764408289765318
1886	5.418015298375394
1887	5.042238443679012
1888	5.680155504538561
1889	5.759736033246065
1890	6.749367527247063
1891	6.3327070410569135
1892	6.143337438138024
1893	6.469441021887178
1894	5.559419907845284
1895	4.35686075145548
1896	6.741479015681155
1897	6.182244523786581
1898	6.172478745219996
1899	6.082184381157692
1900	6.08326657798786
1901	6.402029215021206
1902	5.79431561620215
1903	5.465831906546089
1904	5.82963207915392
1905	5.672188297907055
1906	5.813096433220198
1907	5.295892407130129
1908	6.178367634578488
1909	5.880104733939358
1910	6.994179759519175
1911	5.411295638412632
1912	5.588424771801026
1913	6.332670174515004
1914	6.014665771094668
1915	5.464111421866199
1916	6.629263973935801
1917	6.465062330088888
1918	6.674198324047029
1919	7.213575328925565
1920	5.479054285911843
1921	5.964317982073109
1922	6.032537585639423
1923	5.81756384518993
1924	6.643516162266245
1925	7.256054914935872
1926	5.54954537493842
1927	6.365869091823697
1928	4.553167373449965
1929	5.531987604776597
1930	7.041264460382185
1931	6.223636098492093
1932	5.853076239538221
1933	5.924343642833478
1934	5.783798431835344
1935	6.1482208237284794
1936	6.114247019942426
1937	6.620137699802096
1938	7.179725178938288
1939	5.708913185310028
1940	6.563745568396472
1941	5.8467431491097575
1942	7.312327827188514
1943	5.94142078323976
1944	5.679493524233112
1945	6.913161466507624
1946	6.320551199821888
1947	6.3446458213200625
1948	6.640535668558281
1949	5.909658459265057
1950	5.417863760476133
1951	5.767119324481529
1952	6.104865868789823
1953	5.744427588028235
1954	5.821683096088236
1955	6.2796084596288155
1956	6.401586912205228
1957	5.429118776632669
1958	6.8909109967168085
1959	5.191289020675634
1960	5.107086758882118
1961	5.321890832526454
1962	5.773740191591712
1963	5.581196580942946
1964	5.591206316983638
1965	5.489812461139921
1966	6.3956755113386965
1967	6.656000186240783
1968	5.88124123118568
1969	5.342783489742795
1970	5.675106901375036
1971	6.170654043869896
1972	6.132566413037818
1973	6.742866648192932
1974	5.8455085523412835
1975	6.380855860715003
1976	5.878718533309523
1977	5.5133976728847145
1978	6.371493855734459
1979	5.875395605150103
1980	5.51442521999247
1981	6.393925448444308
1982	5.514724348206073
1983	6.491623270510433
1984	6.497477476336321
1985	4.8847395364311526
1986	5.528183273292545
1987	6.197115233497376
1988	6.9750110535765995
1989	5.848507957533002
1990	5.354933081854445
1991	5.4659692530403845
1992	4.915012739042962
1993	6.092903885806282
1994	5.133289161200325
1995	7.107009374278974
1996	6.006198108169185
1997	5.510679819282483
1998	6.137117586229579
1999	5.893408124225163
2000	6.285573795448642
2001	5.568704900054915
2002	5.913682020232572
2003	5.516646332678977
2004	6.241235565838166
