6	9.826060665379757
7	11.78237855058665
8	12.875839566580314
9	12.685008645658908
10	11.40277321892667
11	10.894129858880726
12	11.665123544719512
13	12.928271820169416
14	12.053000788384182
15	10.793735029625317
16	13.165535413961194
17	13.362505783770164
18	11.920482157284368
19	11.83950207332085
20	11.472530816489398
21	12.596512046896546
22	12.334288366706518
23	12.004420994391042
24	10.509539473619078
25	11.529773000426598
26	12.079478717695297
27	12.891395017421528
28	13.254430658379837
29	11.588761762129822
30	11.13772305990838
31	11.984070604413672
32	12.452631032054764
33	13.885962771141473
34	11.83004004311038
35	11.585122642329411
36	13.214969329199015
37	12.523720961578167
38	12.095667540472238
39	10.9628842002148
40	12.539205728357047
41	10.32333607670686
42	12.38767234823427
43	12.786176857354674
44	11.02635131672544
45	11.583580772361222
46	12.457125565769033
47	12.088864185554225
48	12.873475877916208
49	12.486818555591295
50	11.2599220132024
51	12.187905711057587
52	13.515176232675639
53	12.296346212064567
54	11.626347763943047
55	11.803121130825543
56	11.531094064604705
57	14.026884341857112
58	12.521054363723715
59	11.51151381912308
60	12.974662388996876
61	10.872520156756595
62	12.159600180044047
63	11.383375514290021
64	12.438624174937775
65	11.886132002740592
66	11.56353235206326
67	11.845614863351237
68	13.148383686056704
69	13.428493893659343
70	12.985010832267728
71	11.365176235717417
72	11.904487724401147
73	12.382236540452014
74	10.950965269495532
75	12.188575959576834
76	10.90799363383429
77	11.677882312986185
78	11.513672704837933
79	12.685295048896439
80	11.548733830974133
81	10.365194758405778
82	12.249235219585623
83	12.115905251893885
84	10.480669738701787
85	10.410046184633684
86	12.549251432316462
87	11.727857221217386
88	12.232339812752798
89	12.763254769565837
90	11.621742325280614
91	10.551978214547798
92	13.146473871924778
93	12.378253651747848
94	11.93435012980031
95	11.857942240639964
96	11.212229141971472
97	12.783902463253375
98	11.451313359496936
99	12.93084562666571
100	11.446494407698733
101	12.486662347128458
102	12.243199819368321
103	12.03946256954861
104	13.281514993168066
105	12.030474325791534
106	12.453251652757363
107	12.75825393608168
108	12.477025017370275
109	12.336702473265289
110	11.624382517021473
111	11.950820507983522
112	12.607288432513608
113	11.105083334187512
114	13.57997931044451
115	11.889951325125107
116	11.005277970744439
117	11.021511558026466
118	10.032442923127487
119	13.105885654590649
120	12.15632745871335
121	13.151267863804565
122	11.691978912438831
123	13.1708641548397
124	12.143972849539526
125	14.958255474229988
126	11.835045237648893
127	11.021238891502566
128	12.89356662476292
129	10.594483310367545
130	12.644641018614864
131	12.45526386927278
132	13.204673637677677
133	12.06061598749957
134	12.58038238803565
135	11.449165827167429
136	11.880107890906013
137	10.891623080073131
138	12.576549236524558
139	10.564565584856089
140	10.723078492278947
141	11.938897028310857
142	12.422333898440074
143	11.919229332444957
144	12.07862981377011
145	12.838059275713254
146	10.471322955744327
147	11.523490725707553
148	12.04214109651522
149	11.70224501045573
150	10.85901186419667
151	12.955728745799986
152	12.410951229961707
153	12.263040198832845
154	11.713818082312576
155	11.615763796362964
156	12.696091198364567
157	12.457642334242367
158	11.178061044455292
159	13.418803267843378
160	12.885893871217073
161	12.420846466345246
162	11.509446267464053
163	13.05487919035191
164	12.907042619984297
165	10.753493654074822
166	11.89466332309716
167	11.457261897778475
168	12.130330226084933
169	11.723677275323414
170	12.187076380520242
171	12.651091679990044
172	13.058152556471113
173	11.546641728328094
174	12.584091431693485
175	11.858764600474908
176	13.49508022972926
177	11.516030085780788
178	13.646721761761
179	10.395629167904024
180	11.892521911268275
181	11.02917387237939
182	13.729014949291534
183	12.030661457138969
184	11.82830079143896
185	13.159600737896199
186	13.030397268546619
187	11.71418057360111
188	11.460582917672582
189	13.120726908688813
190	12.265895347044923
191	12.01047617431251
192	11.979716131274248
193	11.946067118578608
194	12.03536957009263
195	11.334661319325036
196	10.935678537160747
197	12.239383971931495
198	12.312565479695332
199	12.403665409602345
200	12.332660430544315
201	11.374852788325862
202	12.12446535077054
203	12.459136619588653
204	12.079799359380756
205	10.930976481204457
206	11.634926389221398
207	11.738630267205062
208	11.823420017837634
209	11.493689282148678
210	12.00407504631273
211	12.430812795219632
212	11.940732897864239
213	12.117861571403164
214	11.96780279502335
215	12.6271495639454
216	10.53139541388879
217	12.354162724770879
218	13.95956202449173
219	12.82312012083936
220	12.317643664730356
221	12.26013015257329
222	12.052569992127246
223	11.902096809776245
224	10.771856908358266
225	11.783706312912857
226	12.283385192521619
227	11.911541985995315
228	12.130752504321467
229	12.6172961909906
230	11.074255260719552
231	12.088122457896635
232	12.40042581427732
233	12.154718268035019
234	11.54787742089084
235	13.109054609228266
236	12.458570111646017
237	11.437085527074357
238	11.895242744462719
239	12.306452668807072
240	11.812600730025162
241	10.895067741544521
242	11.512499678066108
243	12.014944306942752
244	10.68977027271636
245	11.70908959521448
246	11.581015661669603
247	11.207785701965138
248	12.664976364218871
249	12.067573511685548
250	13.132142999501012
251	12.096097794632861
252	12.855766330926249
253	10.282240877328286
254	12.401824427629537
255	12.83239790752372
256	10.896436636598592
257	12.938954691082067
258	11.25035929019412
259	12.575600612080466
260	12.775900380541263
261	11.722364071660666
262	11.809368755388814
263	12.009183578774076
264	12.163992873990782
265	12.03452759072125
266	11.288728856360576
267	11.664844267992947
268	11.88547100615817
269	10.517545543832718
270	12.31681680196632
271	13.089537600753829
272	11.408135305949733
273	11.47135423473914
274	14.021361791806788
275	13.04857641699464
276	12.261005977252147
277	10.909488239680373
278	12.41323380129408
279	11.67015777907448
280	12.798970205278238
281	11.378885667279569
282	12.513627744746485
283	11.739697145221852
284	12.024750508493055
285	11.94223032044643
286	13.247473663766868
287	11.453666978115379
288	11.784485235286411
289	11.511763822477388
290	12.138380156551754
291	12.375367338290044
292	12.31221941469489
293	12.684883390752244
294	11.656964747032795
295	12.733057695897879
296	11.622782354068477
297	13.225187340379003
298	11.48044942375522
299	12.508701971685515
300	11.13991177639714
301	12.7350636271058
302	12.162668722616946
303	12.759916927227945
304	12.536835637326208
305	12.87349373285257
306	12.5486106826896
307	11.166126875613243
308	12.726661300042178
309	13.342812550907679
310	11.952794144573787
311	11.592476829076007
312	10.475372547441053
313	10.83504964432232
314	11.620578806401422
315	12.315347214540637
316	12.950672550551179
317	12.779524034947924
318	11.015606660131198
319	12.54345550765154
320	13.276310335328876
321	11.97626757972986
322	13.61570218350058
323	12.225835192439979
324	12.49874038283327
325	13.392379201817675
326	11.338813647068767
327	12.82075242845063
328	10.520746774640275
329	12.331870280024596
330	12.725713784216975
331	12.167346810347098
332	13.514582989579013
333	12.305723723861774
334	11.036355995571196
335	10.807104131795972
336	13.045268137150353
337	12.720376005501228
338	13.202019042252298
339	13.618095914081723
340	12.206408545044104
341	10.328804152795561
342	10.73199204492207
343	11.786137326535338
344	12.270911658608863
345	13.264466898758352
346	11.660826020781426
347	10.876593976649154
348	12.021846094973357
349	12.269807277276414
350	9.230581849379398
351	11.137597146392663
352	11.94503113518144
353	12.066814803087619
354	12.409229889233497
355	12.054917902916108
356	12.772918146026432
357	11.848017609785805
358	12.425682101172344
359	12.533521970894427
360	12.731977891541503
361	10.810987863334871
362	11.538555053648047
363	10.880426959650961
364	10.994778516450516
365	12.550360665732388
366	11.54358768966631
367	12.503559505288264
368	11.861056720638382
369	12.137457376971724
370	12.645525494986032
371	11.594682871796584
372	11.908056314793173
373	13.021985955822926
374	11.55039931307288
375	11.236674826417584
376	12.894157900868796
377	12.707774266376564
378	12.402604279447008
379	12.725470691287358
380	11.956317602548395
381	13.062534616061594
382	12.180146519497926
383	11.691729199604108
384	12.328739362871548
385	12.443419459647094
386	12.932547884274692
387	11.500483852077359
388	12.634755818995181
389	11.967895232475403
390	11.655619023575285
391	10.587997795795172
392	12.962758742484896
393	11.579674697098588
394	11.33194722261956
395	12.540369080787059
396	13.691976902696283
397	12.247572776290191
398	12.693883645380588
399	11.458990921881401
400	13.055995609861862
401	11.713564147407721
402	12.26224243289773
403	12.625243577026678
404	13.293877644597723
405	11.735646446423132
406	11.624933144755607
407	11.232325383089007
408	11.307615654115262
409	11.451177415243
410	13.645739147443091
411	12.353325118793041
412	10.81397537883895
413	12.735047255532534
414	12.584031190078585
415	13.654283572729037
416	13.323480037349508
417	13.148466663064802
418	9.994579460206296
419	13.344222902367386
420	12.901151839713375
421	12.87556751277277
422	11.485173960166305
423	11.32388827215207
424	10.462198169321933
425	11.635854026477318
426	12.407668373834651
427	10.641693082573815
428	12.94766461583952
429	11.393934178313469
430	14.322614151145949
431	12.122781327112563
432	12.664891615918336
433	12.735469674969258
434	11.414049630394272
435	11.33583051529993
436	12.467781866683236
437	12.476701636708459
438	13.328113035136735
439	11.504103372072143
440	13.011506176719974
441	11.198307157704146
442	10.961092483237735
443	12.015612849779655
444	12.481949117078981
445	13.147244526056706
446	9.694967380397989
447	11.504578210985832
448	11.609536959422778
449	12.468835478921763
450	12.528062583005521
451	11.146302737824044
452	12.082136389710097
453	13.013376146942292
454	11.962219651520261
455	13.02076912384205
456	9.967984630560386
457	11.039586233609588
458	12.27863790251736
459	11.417929913859222
460	11.952244680168748
461	11.89878096179419
462	11.483329910123082
463	12.983339732116361
464	10.376980084905465
465	12.383914335582535
466	11.316868995650756
467	11.870484932601242
468	14.026057073014492
469	11.137062136509114
470	11.351802799099294
471	11.07948187061219
472	13.003631365991804
473	11.372622530481195
474	12.453681950087669
475	11.427749022579954
476	14.63852483529496
477	11.994733464949864
478	11.858958018807005
479	12.283729837126188
480	11.700655005892745
481	12.435910830722547
482	13.58907523327328
483	12.439709373818692
484	12.864133752109906
485	11.321010113681426
486	11.321957232583756
487	11.423215241541916
488	13.128026466457381
489	10.851692111165274
490	12.969555126705608
491	11.352969190266123
492	12.992370895671058
493	11.920327921919846
494	10.977676154925055
495	12.595861534337834
496	11.020265768779892
497	12.945092053678772
498	12.130395080148851
499	12.012087472732302
500	12.956799045461544
501	14.367811392434565
502	12.257622328546507
503	12.860014756996955
504	12.410229645746245
505	11.254024707113526
506	11.520051849022162
507	12.009319947474328
508	11.89689125777328
509	12.80358860383223
510	11.504565095516348
511	11.208134602417257
512	12.978332788325913
513	11.237352953927516
514	12.004165072281388
515	13.241028648874947
516	12.218539705475381
517	11.956430100911442
518	11.82343699117349
519	12.57078852226908
520	13.03369519167452
521	10.926711429955738
522	10.661888050270223
523	12.363310330971476
524	12.94356600891607
525	12.382989856611756
526	14.967517663824099
527	12.271801136978544
528	11.586107776625015
529	11.943965182079607
530	12.22858103196292
531	12.583467219503918
532	12.562168194268665
533	12.74398373553413
534	12.28446728803101
535	12.310524594683168
536	11.84585247521331
537	12.514695479929243
538	11.226564984853631
539	12.257861982191965
540	11.933221442317073
541	13.199023545251865
542	12.605731352986767
543	11.232395942447885
544	12.26429614193621
545	13.14321513153669
546	13.263508989367567
547	12.796236417081673
548	12.270964481831866
549	12.512688354443526
550	12.34220366709546
551	11.151837837887514
552	11.582239531930787
553	12.8903222722334
554	11.540715774493659
555	12.920270306308863
556	11.6639488480647
557	11.380130113818234
558	12.61161245781054
559	12.744246865693034
560	12.563831211775183
561	12.630483036869139
562	12.718966900654877
563	11.027780825913906
564	12.957757441559806
565	12.398413288723011
566	11.8025183839553
567	10.605329072919819
568	13.092027414424228
569	12.053827927034165
570	14.080136914019981
571	11.447532180324197
572	11.474269317199028
573	12.845374725627753
574	13.214540975342127
575	13.235045758822318
576	12.2485635682636
577	12.216066885384862
578	11.710612965470299
579	11.67279522339986
580	11.372149848986442
581	12.968975453680727
582	11.132531795291971
583	13.28160448741068
584	11.810504431603476
585	13.359915964931133
586	11.558391183619209
587	12.107528239380603
588	12.570445924171334
589	13.03798280657603
590	11.03130211684126
591	12.50367753349969
592	11.571718929779754
593	11.756717151179327
594	10.224176579038613
595	12.092362802698128
596	12.419495059060864
597	13.037812833303386
598	12.60286971864601
599	11.867217495045875
600	14.348353718106889
601	11.288789651300307
602	11.482749575166963
603	11.225440838564696
604	12.21032091275981
605	12.82620153253499
606	12.651378855593018
607	12.723275205981917
608	12.446381969794736
609	11.953171372687859
610	12.510304880276921
611	11.736493141506799
612	11.750846918681711
613	12.8324028108639
614	12.307381419385052
615	12.209686965666345
616	12.6736761011639
617	10.806216213064285
618	11.904847635697497
619	12.54062132371951
620	11.912247056124865
621	12.315653105952537
622	11.561467661631314
623	12.252654660514963
624	12.343828628233515
625	12.667991955789402
626	11.189930575860316
627	11.828598381822498
628	12.456379861580134
629	13.122052655793512
630	10.853344173569411
631	13.405056924143407
632	16.03780676368466
633	11.514973201605459
634	14.410891434379543
635	11.890490442749158
636	12.94654342142998
637	11.687298523089598
638	13.037165682153919
639	11.648665346822455
640	11.615151524027485
641	12.03322689197033
642	11.514033864311715
643	11.937193876671461
644	12.157865479055971
645	12.81237583098534
646	10.163022411650413
647	14.35877006786177
648	11.02501030167794
649	11.902054685870215
650	12.78787572070417
651	11.92791617165619
652	13.059022646048106
653	12.01330673309527
654	12.624992751102232
655	12.594308573040921
656	11.879532331793124
657	12.027092294486623
658	12.600737588164735
659	12.454816233293752
660	11.145371950789922
661	11.288911000199292
662	12.364806903601371
663	11.803026936939833
664	11.879008975208233
665	10.561586938941709
666	12.304997158667032
667	12.649065651778074
668	11.469875663885327
669	13.135117565708546
670	11.131650215792959
671	11.136167892314335
672	12.580201562764024
673	11.431074905373174
674	11.891608031944964
675	10.989351514639566
676	12.605422563820433
677	12.154708980666056
678	13.17875597399238
679	11.64081514152052
680	11.223969029203753
681	11.192180899790996
682	11.924628446331143
683	12.190610746983005
684	12.40891380029742
685	12.199112268655185
686	11.98571455734574
687	12.845396918267943
688	11.390133656682446
689	13.652551083490835
690	12.058691913912687
691	11.983643803198541
692	12.338030345068546
693	12.550829966876336
694	11.285772948749722
695	11.162787459709568
696	12.012152024208673
697	12.59694239398555
698	12.468493303726843
699	10.643227694594922
700	11.546715636667182
701	11.797881663864693
702	12.483869799622335
703	12.350724560830159
704	11.91141969068946
705	11.830544397615206
706	12.111011101909833
707	11.135241545365611
708	12.118393088546421
709	11.290973342957589
710	11.934993961003629
711	11.08443115160525
712	12.198764569237634
713	12.518146020405194
714	11.799334572471336
715	12.966227165142458
716	10.94197021113983
717	13.250996442816149
718	12.364489416002236
719	13.087637921620626
720	13.486493498783343
721	12.205600380951571
722	12.130101856807697
723	11.939278839765624
724	12.036223727609467
725	12.282048526452854
726	12.694484367287037
727	10.960549391608438
728	10.828935148518456
729	10.9023156788471
730	12.646286122194635
731	10.763732115915248
732	13.29157350396013
733	11.957644631422943
734	11.637276575832244
735	12.118695198335834
736	12.03117885108647
737	10.901556872770373
738	13.411442598455498
739	10.849092287776813
740	11.714307585557668
741	11.799993203372306
742	11.420099870620922
743	11.002354358224885
744	9.838379555115742
745	12.997160167311362
746	14.380099002604506
747	11.72176416467927
748	12.65470123171299
749	11.245779447151687
750	11.931863119526623
751	14.025584392765138
752	11.412463020621082
753	10.268235347944678
754	13.673983290801937
755	10.584807062141445
756	12.425799008747653
757	12.16467523925345
758	13.449641960405808
759	11.759372424820492
760	12.357608871203741
761	13.081565637120923
762	12.215608340484817
763	12.081881875007335
764	12.182865877519362
765	10.739127620087507
766	11.738339391680292
767	11.476317904651209
768	11.641833401670391
769	13.034014909998708
770	11.886893776958459
771	13.34864030942628
772	11.69539198829139
773	13.189742439596793
774	12.556742929530804
775	11.746200342716497
776	12.54462144998125
777	12.33061278428899
778	12.22227526510334
779	12.550632232885906
780	11.763785864319221
781	12.684976722259801
782	13.027739591342398
783	11.584948562132642
784	11.72623662135961
785	12.529486794308234
786	11.949118416301475
787	11.255991854326567
788	11.75005237636019
789	11.817548870571976
790	12.949663092561034
791	12.765842068254562
792	12.12410802649226
793	12.538087125057176
794	10.557465693939594
795	13.269837469740805
796	12.81016055594388
797	12.76709592956867
798	12.533056445230198
799	13.865396931541285
800	11.869701295686312
801	11.53342209422866
802	12.507622155559586
803	12.776421528837611
804	12.344479168382739
805	11.66122771153025
806	12.086452367487272
807	12.612601824002699
808	11.67249453697426
809	11.368202134143212
810	11.834280296187249
811	13.719855115102636
812	11.346585431684401
813	13.265032708528452
814	10.441338244870051
815	12.73657745201308
816	12.145945799944457
817	11.802405979461604
818	11.569759105405627
819	11.817090141435203
820	11.668877375086446
821	13.28980874560604
822	11.122448386097412
823	12.906514289970293
824	11.048238441258874
825	13.117968356083246
826	11.371684704790823
827	11.848190249369035
828	11.970430723537996
829	13.28119227151446
830	11.902385951893834
831	11.50714100181358
832	12.780254931503256
833	10.751701594996184
834	12.956470442786147
835	12.027459056975204
836	12.20717593102389
837	11.416738975962716
838	12.138492185926047
839	12.622327629977788
840	11.388867689061398
841	11.830755428527482
842	11.939624987346711
843	12.290375053837584
844	11.044186602631445
845	12.261207259254439
846	12.188116246979469
847	11.8906897754165
848	12.304445835056049
849	11.826973659182308
850	12.541046222832867
851	12.112518199157956
852	10.519350223840835
853	12.830294722442677
854	11.619162754995548
855	11.1865568831563
856	13.129408086120264
857	12.355593368065977
858	12.498825904187363
859	10.977875331903176
860	12.218032533301113
861	11.357215691727793
862	9.712605747921696
863	10.829852189910266
864	10.622332076184518
865	11.491119812964461
866	13.034055740712686
867	11.524387429713638
868	12.786805422787939
869	12.218353765604073
870	12.342961687623163
871	12.802932598403165
872	12.492525988008657
873	11.188726958846534
874	13.34598260776803
875	11.255625495523862
876	13.319464547643049
877	11.626185256282191
878	11.525050331883014
879	12.624693072841426
880	11.064230169372655
881	14.31664216805142
882	11.396784916479158
883	12.794218511390818
884	10.420419982908546
885	12.27151902753842
886	11.573471288000292
887	11.552176359646754
888	13.42817257763527
889	11.275992774817029
890	11.660374768236894
891	12.04516868723591
892	12.041414408318422
893	13.045658771181479
894	11.593397919827941
895	13.408680394813668
896	12.246310457811118
897	13.3070770644241
898	13.045401846175082
899	12.846841736748676
900	12.473536893799825
901	11.821831707813544
902	13.127564358112753
903	12.780234769598453
904	12.688090064217192
905	11.239344861252201
906	12.146269534886457
907	12.195327006870814
908	11.962681515611216
909	12.170437472251555
910	13.062578527333681
911	12.472215503259628
912	11.604480974992955
913	11.369034703982338
914	10.865727283017865
915	11.893237389966648
916	12.564109613040152
917	11.976611972817121
918	12.884108377744157
919	12.922604905460807
920	13.452292846930213
921	11.357158191616431
922	13.294790151573917
923	10.61887958612767
924	13.154166417217347
925	11.250979816845389
926	12.553885181439407
927	11.13440893657483
928	11.086804369269176
929	11.917740269808967
930	13.13538210467307
931	12.229483549317552
932	12.796824899213666
933	12.10690658842556
934	12.798797992456597
935	12.780270293652263
936	11.08007863198145
937	12.058685915557103
938	12.001016419425678
939	11.442078285688897
940	13.310939858520094
941	11.88233994134172
942	10.600523941442553
943	13.20089275285136
944	12.181113038896742
945	11.823123710255102
946	12.074057424339347
947	12.408589725823179
948	10.76141464865359
949	10.399959942102074
950	12.72705910493808
951	11.796263183911584
952	12.842703306390904
953	12.354713656195122
954	12.306461536878487
955	10.172698516167916
956	12.280936883801976
957	12.287371576984047
958	11.850548881511454
959	12.741799618996819
960	11.999853590723628
961	12.667281422731078
962	12.246237946939258
963	12.881354600661732
964	11.509136141049177
965	11.890458690360122
966	11.982749215721924
967	12.275619700243146
968	12.754643697535027
969	12.162023893742148
970	12.088879876580366
971	11.381385777513955
972	13.346877120345848
973	12.211382011741145
974	13.578226141208143
975	11.653121759594068
976	11.745069436397493
977	12.476602102701671
978	12.491720690512532
979	12.366961958071288
980	11.426967570385806
981	11.392682622627555
982	13.187792635803428
983	12.131587402158766
984	12.511422190430855
985	11.90126681709895
986	11.77608006686496
987	13.151889496313137
988	11.26742401121142
989	12.223719087378285
990	12.751172076143343
991	12.895600759185202
992	12.829987070945974
993	12.597713940413087
994	11.348483693175295
995	13.274749142850157
996	11.055558454521144
997	12.358239359616578
998	13.014444081509282
999	9.827134582922527
1000	11.624700026776003
1001	13.369645702223352
1002	11.921932812733576
1003	11.821572870978603
1004	12.088193826836585
1005	10.84699694011408
1006	12.553762479362094
1007	11.677184486058243
1008	12.361458814285536
1009	11.164378614328246
1010	12.058572340318712
1011	13.673718519765316
1012	13.015251447863152
1013	13.794953843653918
1014	12.823315605720003
1015	11.031281935709186
1016	12.236057694222094
1017	12.49630071401616
1018	12.152959618426394
1019	13.08639985128852
1020	11.663418662675024
1021	11.969659243572542
1022	12.702600802129812
1023	11.66443630263446
1024	12.230847195699447
1025	12.503300698780794
1026	13.115395083856232
1027	13.110009625242853
1028	11.189887446111534
1029	12.557911649546945
1030	12.498173713390619
1031	11.666338015069748
1032	11.617998391622677
1033	11.066042049469846
1034	11.89169280232662
1035	11.298249730389216
1036	12.850893556064694
1037	11.519041399323633
1038	11.404694260831208
1039	11.797426252690558
1040	12.602518138187587
1041	12.11066660410602
1042	13.393941057330396
1043	11.299368684560212
1044	12.88237380985603
1045	12.760861341290077
1046	12.601130950964837
1047	12.392829567335346
1048	13.50306774482683
1049	10.94694714932914
1050	12.399845016313096
1051	11.83045008501143
1052	13.230655027725376
1053	11.695117909219116
1054	11.782694319779033
1055	11.616127350337562
1056	12.515460958138151
1057	12.658957095600531
1058	11.756692891864448
1059	12.313860565531142
1060	12.33118739553694
1061	12.41767582847249
1062	12.970374038205184
1063	12.971961953918237
1064	12.490413022267216
1065	11.512492353948552
1066	11.65310621799263
1067	13.680766889044586
1068	12.071133062978083
1069	11.88939898200881
1070	12.964373719927002
1071	11.439687938083807
1072	11.347212078411562
1073	10.772439619538522
1074	11.733521170256768
1075	12.486171546225835
1076	11.557177516062179
1077	12.267524404754763
1078	10.724244558737459
1079	12.840163934461382
1080	11.211946981455965
1081	13.745113808390064
1082	11.64372557236606
1083	10.925487404904114
1084	11.2501577584225
1085	11.669037521563263
1086	12.903605330025687
1087	11.944101096945815
1088	10.541103886658366
1089	11.039436612914349
1090	12.016424151460846
1091	13.140609189565293
1092	12.662164990055876
1093	12.628990951781937
1094	12.366294266481418
1095	12.392753451968217
1096	11.957150379247995
1097	11.836766125258933
1098	11.256319057935958
1099	13.263327478483351
1100	12.611697466973776
1101	13.027561417433946
1102	11.99900827771801
1103	11.271898658663787
1104	11.83903564452041
1105	12.080801112785897
1106	12.01962570837734
1107	12.679120993944107
1108	13.02233990471411
1109	11.418836146476679
1110	9.83881123311461
1111	13.081227146607654
1112	12.100780731377503
1113	13.381088753989726
1114	12.022476828596197
1115	13.027772127147598
1116	11.948567127721617
1117	12.215223744814825
1118	11.88191069866906
1119	12.94385703899294
1120	12.491492765432653
1121	12.063043391598123
1122	12.77177119460248
1123	11.745237624361604
1124	11.406565824509313
1125	13.114508637368479
1126	12.181030819500197
1127	12.136342415692317
1128	12.623637979228134
1129	12.842857311757642
1130	11.987330888128398
1131	12.401762308552861
1132	12.331382523975808
1133	11.666723806050868
1134	11.241958016655408
1135	12.736506473931387
1136	12.915093586406377
1137	12.109493681388106
1138	10.172257980632008
1139	11.443008739066112
1140	11.608669877409314
1141	12.784720961792157
1142	12.508372740272003
1143	13.226706722510114
1144	11.5826722193975
1145	13.188594154913265
1146	10.586450012835773
1147	12.419330311613157
1148	11.621237028978596
1149	10.526679345832715
1150	13.31536160343967
1151	12.156711405672302
1152	11.980267399704204
1153	13.346288459776106
1154	11.368950595438946
1155	13.21845632068258
1156	12.89025962015292
1157	12.920387405732816
1158	13.205115557278452
1159	11.691530430136481
1160	11.239698843997237
1161	12.447203150272669
1162	12.33964738411187
1163	11.383669490940829
1164	11.811552598037103
1165	12.753352473475612
1166	11.883625259736363
1167	10.901769551215693
1168	11.974016132046069
1169	12.001608337204043
1170	11.780826346710498
1171	10.90880642637135
1172	12.410578343955178
1173	12.733286814940772
1174	13.085606312874535
1175	11.388009954747224
1176	11.918776982438025
1177	12.922198229133473
1178	12.522568587773444
1179	11.441681694297586
1180	12.078405254827613
1181	11.909701027159047
1182	11.646796953753705
1183	12.119463145788316
1184	11.768313011557366
1185	11.705248810069893
1186	12.446766376308183
1187	12.604407476604377
1188	12.992475765900924
1189	12.598305384483742
1190	13.011510526746552
1191	10.895076184810524
1192	11.807707321316917
1193	11.04958207664126
1194	12.421019474504812
1195	13.943607512912521
1196	14.607133108162088
1197	12.783047124007416
1198	12.535367365943134
1199	11.834564274015765
1200	12.007667629397474
1201	13.036239680763826
1202	11.207779247019136
1203	12.119123787229107
1204	13.084274111145143
1205	12.330673994616895
1206	11.626686372836197
1207	13.051628296284305
1208	11.78747442447477
1209	12.0672470684857
1210	12.225571404199384
1211	12.14950206778234
1212	12.118712314910226
1213	12.36358385205838
1214	12.459245397411287
1215	9.905799973765983
1216	11.37110496480905
1217	11.780942262843295
1218	12.608609956942434
1219	10.891666804946635
1220	12.01053282385692
1221	12.45322236736109
1222	12.356923519981166
1223	9.981380375669055
1224	11.16717707646996
1225	12.599280774264896
1226	11.517428626381037
1227	11.716379294498884
1228	11.648455867628032
1229	11.318544635736284
1230	12.361385555529635
1231	11.633958020631875
1232	12.724277023900756
1233	11.084235256617722
1234	12.776159536169143
1235	12.789014490103309
1236	10.53309088733416
1237	11.701941653572936
1238	11.475770936343386
1239	12.070466073608829
1240	11.7473655824509
1241	12.26189947313844
1242	12.125933122051386
1243	11.62152575150073
1244	12.433029705184579
1245	12.684941508852976
1246	12.36119333330675
1247	12.222918137641889
1248	11.141599490506358
1249	13.013521419768221
1250	11.311199765106325
1251	11.03470375434742
1252	12.128013551663104
1253	12.058799037467688
1254	10.215582321013283
1255	12.408646473315144
1256	12.989564636348875
1257	12.195424148225088
1258	11.650495615508408
1259	12.587548431659703
1260	12.48597082986186
1261	11.750516094500199
1262	11.979749119871098
1263	12.52114615011105
1264	12.460545480409836
1265	11.745974813364834
1266	12.498020209110557
1267	11.719981542986783
1268	12.477863484489111
1269	11.456818802880921
1270	11.581179289308814
1271	12.561003312446504
1272	12.769270234017833
1273	12.165643518170915
1274	11.199537562255404
1275	12.189145149330475
1276	13.059653968967275
1277	10.921012944315693
1278	12.551112835188038
1279	11.783678678976258
1280	12.169737087161353
1281	12.381991190959376
1282	10.940793195152656
1283	11.653158660871364
1284	12.351073960836475
1285	12.21793578179398
1286	11.721557003743946
1287	13.053445370864267
1288	13.13059878483784
1289	13.19614363931007
1290	13.08819512489468
1291	11.563745319799636
1292	11.654839352718017
1293	11.224638037320728
1294	13.220847733131627
1295	13.306972141726874
1296	11.227583419249934
1297	13.015038350939422
1298	12.503002637573186
1299	13.557449455178327
1300	12.376566042064452
1301	10.853849554140517
1302	14.1224215337674
1303	12.086455765459686
1304	12.552353560566969
1305	11.837499918218883
1306	11.941164867395697
1307	11.677710907645869
1308	12.141924770159202
1309	12.144621744078838
1310	12.580204775339787
1311	11.839082922185446
1312	11.314666701154783
1313	11.165609144113317
1314	12.724272323586046
1315	11.648706496799026
1316	11.747155689834877
1317	13.080567652461824
1318	12.185561299112697
1319	12.013662384361782
1320	11.214924577059438
1321	12.573899080412875
1322	10.778081048855727
1323	12.786387211123449
1324	11.147269789681898
1325	12.478196565403543
1326	11.299599226919542
1327	12.15153575615841
1328	12.338746115984396
1329	11.185599519358949
1330	9.63793270214777
1331	12.296693449205486
1332	11.915420730654715
1333	12.489285693078168
1334	12.42257370151596
1335	12.201305517218817
1336	13.361187977712571
1337	11.895798588794067
1338	11.446389433828049
1339	12.031861084338743
1340	11.682593855803754
1341	10.955012154120984
1342	11.763099234910138
1343	14.08007791336526
1344	13.774548104002239
1345	12.113963579695502
1346	10.851433477498931
1347	13.221027099909927
1348	11.810382621171552
1349	11.999427369024488
1350	11.662004948612683
1351	12.160718355462887
1352	11.315781951627622
1353	11.97208825462007
1354	13.407684351377284
1355	11.365020275877287
1356	14.229248075848218
1357	11.645743890786948
1358	11.21574814790446
1359	12.340431187732392
1360	11.562107615185118
1361	10.808058289368255
1362	12.01243559712613
1363	11.970954584684794
1364	13.231127081929506
1365	11.856267906026915
1366	12.80842885081233
1367	11.864978768185784
1368	10.994865710599994
1369	11.262999740239282
1370	12.395192203180004
1371	12.63388800872669
1372	10.90434487616836
1373	13.614866672569354
1374	12.058807201903416
1375	12.989550351250765
1376	13.852969352051893
1377	11.186511661993185
1378	11.604465072284857
1379	11.475089763180684
1380	12.08810680796249
1381	12.9748970384999
1382	11.557133959955536
1383	11.26888622570297
1384	12.32889672873889
1385	12.858344967918176
1386	11.277071651808606
1387	13.313102830117087
1388	11.486886658644499
1389	13.098406263312105
1390	10.816961176201907
1391	11.822048351917017
1392	13.404766808247023
1393	13.097384427961515
1394	12.822392137729805
1395	12.414820871727066
1396	10.769543008542055
1397	10.649516499244628
1398	12.181443861776238
1399	12.199415862962018
1400	12.913120601467588
1401	11.661865874932593
1402	11.912748589238618
1403	12.111854987477678
1404	11.328916207715295
1405	13.005744571034658
1406	12.204567085896533
1407	11.373476177907612
1408	11.590099204058152
1409	11.716225290448905
1410	11.159910512190047
1411	13.798065859994884
1412	12.17056126996445
1413	12.460901294247462
1414	12.998650300567604
1415	12.00121004711676
1416	13.266198227324317
1417	12.116759478372321
1418	12.928411319465376
1419	13.696784805207114
1420	11.218462978742343
1421	11.021240027559022
1422	11.998466347626943
1423	11.501331713853038
1424	11.150753332173174
1425	12.658910747954256
1426	12.181151155400874
1427	10.814469931106682
1428	12.021217486112715
1429	10.834681728581042
1430	12.245814630736797
1431	10.249991026846692
1432	11.469533728627379
1433	11.978214440052398
1434	10.6865331031796
1435	11.449954074394071
1436	12.31623229455103
1437	11.950956383080815
1438	13.668449038877247
1439	11.501351755707422
1440	13.138508396904808
1441	12.099234391941637
1442	12.19252013492378
1443	12.698364305056332
1444	12.152741899222812
1445	11.500171514844018
1446	12.017465719204585
1447	12.076780688060293
1448	12.756482012856784
1449	11.579610278938917
1450	10.751771193784883
1451	12.797891143834152
1452	11.074099379594877
1453	10.821929201431987
1454	12.488506008186103
1455	12.134635359022125
1456	12.194979177957231
1457	11.221862212807173
1458	10.990499649314966
1459	11.137937115970999
1460	10.694243522108454
1461	13.052818384117689
1462	12.271028927626663
1463	13.153957032470498
1464	11.829643704936219
1465	11.99531135462383
1466	11.854749809151205
1467	12.833771562490325
1468	12.159491998039123
1469	13.709315459821871
1470	11.774471183891588
1471	11.771056867923345
1472	11.07769204279981
1473	11.312487707216421
1474	13.320125567151562
1475	10.526365307354384
1476	12.655958675601354
1477	11.96960031393812
1478	10.355065601462355
1479	11.164068907748389
1480	11.899719465930426
1481	12.058446358036823
1482	11.802885288212781
1483	11.916869938005938
1484	12.146804768627263
1485	11.423497591159064
1486	13.677745307800658
1487	11.858758753272705
1488	12.513847278320368
1489	13.03519035750235
1490	10.814281191048213
1491	11.654868223170256
1492	11.892802698829888
1493	12.664344631992872
1494	12.312375061758436
1495	12.896067061821842
1496	13.1378667068861
1497	11.334786443363912
1498	11.732880932767875
1499	12.574192086476144
1500	11.893269369829564
1501	11.38246667121088
1502	10.70418525351827
1503	11.909749096413044
1504	12.683024597443257
1505	12.544285186175973
1506	12.151834260927549
1507	11.645014170349677
1508	11.051030822456125
1509	12.562999552751052
1510	12.997015178669244
1511	11.35804237720939
1512	11.962327835175136
1513	13.537313461443409
1514	11.364102224032678
1515	10.613222306567089
1516	9.990487523934073
1517	11.716855471720919
1518	12.412044971526484
1519	12.989091268374718
1520	12.856964264008482
1521	12.953094018085505
1522	12.459278912375874
1523	12.812307095666515
1524	12.114337895888768
1525	12.68972230142875
1526	10.851266756420955
1527	12.730132757766857
1528	11.675438665438126
1529	12.170607079169713
1530	11.787592176663955
1531	11.470730871945205
1532	12.398213426486171
1533	13.134625096481093
1534	12.218409582714926
1535	12.576221383226637
1536	13.184437603464929
1537	11.925649237426653
1538	12.949362799255667
1539	11.628363711477798
1540	10.785628239193034
1541	11.535922550948868
1542	11.95167510916612
1543	13.012207551808018
1544	12.750881333606348
1545	11.428721216166965
1546	12.483740783542055
1547	12.060561264349547
1548	14.011455629794527
1549	12.070355118520093
1550	13.469442109978043
1551	11.660495845154308
1552	12.72766012491273
1553	11.444234883448539
1554	13.93152011503532
1555	13.19333485880218
1556	14.036829811208216
1557	12.054911406091056
1558	11.201287374511594
1559	12.475594028136051
1560	11.182768072534325
1561	11.274780750359325
1562	12.750500880942589
1563	12.24253730914279
1564	11.713484712536834
1565	11.950996440944202
1566	12.685478708638888
1567	12.147710007650819
1568	12.502007730084006
1569	11.85219845535337
1570	12.402881713205716
1571	11.733715568495441
1572	12.26972707963848
1573	10.529030588721591
1574	11.989402712848214
1575	11.906615188977282
1576	11.517910168618462
1577	12.499742777896328
1578	11.467643045565973
1579	12.099005697188927
1580	12.490378347741041
1581	12.199194966008703
1582	12.37921503338977
1583	11.626253137140468
1584	11.90660382653836
1585	11.15721865966916
1586	11.63469475157035
1587	12.156822067519117
1588	12.859201184663645
1589	13.7814923428315
1590	11.18856225755043
1591	13.058359422736153
1592	12.22166251734904
1593	10.666125218531427
1594	11.404465855481103
1595	11.858376613513212
1596	12.527890041495363
1597	11.59855620792824
1598	12.165838481010203
1599	12.29516419011042
1600	13.567713332807283
1601	12.415658701115966
1602	11.468744732224597
1603	11.165327730962806
1604	12.479234166265954
1605	13.887385232611654
1606	11.60618239702357
1607	11.139998427669829
1608	11.954798775425713
1609	13.468056439691424
1610	12.606258021149753
1611	12.521535274924199
1612	12.031855599713579
1613	12.851487455489114
1614	11.202073688187854
1615	12.074677093869209
1616	12.812681486192362
1617	13.842284209701829
1618	11.706274435962625
1619	12.515976709754407
1620	12.384720984746568
1621	12.40902653861029
1622	11.409389170348136
1623	13.276991335912262
1624	11.542516565981455
1625	11.585066989624465
1626	12.87220883832368
1627	12.048205529906872
1628	11.829527069520779
1629	13.126170367380837
1630	11.609155605368791
1631	12.707489152092169
1632	11.322702347895408
1633	12.429823438885057
1634	12.10375097974309
1635	12.7932071482362
1636	11.299687970047817
1637	10.978009462680868
1638	12.059043832377277
1639	11.97080018942806
1640	13.04521130355075
1641	10.583732405247906
1642	12.385070020188417
1643	12.00243217053447
1644	10.699634222497576
1645	13.479133149366826
1646	11.267986794314181
1647	11.932035823145204
1648	12.761176534996439
1649	12.325727777008433
1650	13.069123122508504
1651	12.44610251320843
1652	9.802015433661397
1653	12.798773108294508
1654	10.193953244808307
1655	11.375426625798239
1656	11.9402541859433
1657	11.954695809042148
1658	12.031911624711938
1659	11.443220439513858
1660	12.76974530330959
1661	10.714053112120352
1662	11.944007804638453
1663	12.492837916231393
1664	11.930095017473022
1665	12.586427442979765
1666	13.081523792822136
1667	10.933725795916658
1668	11.122971418444394
1669	13.084658649982885
1670	10.966502686200494
1671	13.847481694840098
1672	11.458399549610547
1673	11.5970559240775
1674	11.953178328502599
1675	11.582173022272576
1676	11.17799957535213
1677	12.163271365458117
1678	11.287938091696402
1679	12.634307845688841
1680	12.442102617575038
1681	10.650300653029136
1682	11.745893001531451
1683	13.047682632538589
1684	12.342917977654402
1685	11.724893001217053
1686	12.759989078332227
1687	11.055159746848576
1688	12.099017294896568
1689	11.858268240264927
1690	11.037424685762682
1691	12.579449384717183
1692	12.075007446481052
1693	12.267572094177012
1694	11.424030646931246
1695	11.885400947528458
1696	12.578718606935581
1697	13.17312568006679
1698	13.617614844770287
1699	13.105368904184637
1700	12.68357245928741
1701	12.930327099235729
1702	11.716494130610954
1703	12.458493068409153
1704	11.73194283139892
1705	10.965939302285552
1706	12.07665917410643
1707	10.506327873137447
1708	10.483344519814377
1709	12.434568246296468
1710	12.49089289518306
1711	12.102437407367843
1712	11.927293175713174
1713	13.588553579455679
1714	11.873101650875023
1715	12.900518979010798
1716	10.677884786827036
1717	12.082510446754075
1718	12.09300815497732
1719	11.022733824535019
1720	12.635714263779091
1721	10.801678238518562
1722	11.946619822604893
1723	12.71926828153788
1724	12.515681081260222
1725	12.78267341397614
1726	10.881935220888744
1727	12.489894416018647
1728	12.892559146297302
1729	11.386973022547519
1730	12.104593492715457
1731	12.441280180825851
1732	11.462489580439234
1733	12.842849421909357
1734	12.386111938860267
1735	11.581387789912808
1736	10.991411669565172
1737	12.251023100212304
1738	11.859959393847598
1739	12.414673712455848
1740	11.18854276154212
1741	13.13643622304805
1742	11.176874578750182
1743	11.636940317028284
1744	11.65400806384934
1745	13.500884854359485
1746	12.437486836574626
1747	11.904546452954841
1748	10.709760062990988
1749	12.526924391522439
1750	11.729446913916476
1751	12.199061229266226
1752	11.247910990216361
1753	12.11039089560932
1754	12.448754110845686
1755	11.437345880581638
1756	12.894578921364154
1757	12.215763676198318
1758	10.717094967253312
1759	13.320807154937938
1760	12.123764016100072
1761	12.268023626726313
1762	12.347633911089765
1763	11.812858494284914
1764	11.789914483998848
1765	12.5904636140268
1766	12.315662626154541
1767	11.689709581116116
1768	13.31657970765267
1769	13.166359483118297
1770	11.423954139635898
1771	11.526756125202935
1772	11.042298075699364
1773	10.597894441296763
1774	12.0424279923609
1775	10.632972345329248
1776	12.281204716682
1777	12.45717532878276
1778	12.230588234977967
1779	12.928435333236983
1780	11.419820773730484
1781	12.111231796506148
1782	13.027395565420695
1783	11.344003841921221
1784	13.658827755923001
1785	12.431739811054234
1786	13.034653517475817
1787	11.854260799301315
1788	12.331326654874811
1789	11.19636731824164
1790	12.573799293646115
1791	11.64207077859753
1792	10.640290465671569
1793	10.94245547609065
1794	12.978146088908293
1795	12.45614146586645
1796	12.500811915399442
1797	12.728919672799142
1798	12.133850199394455
1799	13.548548791389912
1800	11.722589730068908
1801	12.887229013248968
1802	12.800857157474244
1803	11.900215755492372
1804	11.264864435124244
1805	12.968317800073418
1806	11.895784054970136
1807	12.581128342172763
1808	14.067092600473968
1809	11.842659119134623
1810	10.900714485005786
1811	11.17788653747162
1812	10.801065348248274
1813	12.991926934538117
1814	11.204772352572316
1815	11.76037248365012
1816	11.987067349259837
1817	11.919751405197564
1818	11.991837086116547
1819	12.641390385066575
1820	11.285839619835661
1821	12.46896222980718
1822	11.747070807265118
1823	12.243144483254483
1824	11.861797838135058
1825	13.300730610956505
1826	12.517140273014084
1827	12.048934692620865
1828	12.883965672657359
1829	13.113142566643157
1830	11.48253887283186
1831	12.127382993555571
1832	11.558236376522109
1833	12.321816237909454
1834	10.60325456065281
1835	11.698476767433542
1836	13.43586724689683
1837	11.597833188124703
1838	12.703568591162496
1839	11.88357827788665
1840	13.266517151450639
1841	11.914462052312281
1842	11.497461009636307
1843	12.296799674948069
1844	12.220281500621956
1845	13.286097119592052
1846	11.65301262346163
1847	11.407456034472922
1848	12.278238855370814
1849	11.222137766110597
1850	12.219859922946327
1851	12.142774672125842
1852	13.20014267625842
1853	13.232692900019812
1854	11.486376369094247
1855	10.981900261460666
1856	12.514540239648127
1857	11.226786833441471
1858	10.965114365433427
1859	12.392757890966573
1860	11.399966089084046
1861	11.683776617564483
1862	10.993850304554293
1863	11.479160774282686
1864	12.131333186195286
1865	12.421092705929485
1866	13.19451668960082
1867	11.58087208136624
1868	11.942091407903291
1869	12.20860913862125
1870	11.67591474738975
1871	13.446773159192302
1872	13.071365070339569
1873	11.827212102050128
1874	10.676052821427584
1875	12.184651453652359
1876	12.191082719664061
1877	11.80894768519959
1878	10.999650682079942
1879	12.042578890001298
1880	11.484736190619879
1881	13.36775613030962
1882	12.258102765266084
1883	12.726001890045072
1884	12.717117285452938
1885	13.056740475977431
1886	12.808178065390344
1887	11.337894820624367
1888	11.610647625293943
1889	13.657819697603204
1890	12.091475373139561
1891	12.478384279335538
1892	10.167363710326349
1893	11.235600751174918
1894	11.945105606411664
1895	12.569924379871892
1896	11.569917183223879
1897	11.756169852000056
1898	12.291899608186661
1899	12.097536298503721
1900	13.24999990836144
1901	10.251474718990906
1902	12.798297954144918
1903	11.432053646210989
1904	10.696062536659884
1905	10.665762198386128
1906	12.144222986820186
1907	12.773297986359198
1908	12.60748661078469
1909	11.17220607916754
1910	12.622859548850867
1911	13.45546242331953
1912	11.391593112821619
1913	12.81182068670291
1914	12.034538678467626
1915	12.462376085355313
1916	11.541516825369659
1917	12.62815488565297
1918	12.348428094322578
1919	12.681538525188992
1920	11.735448798885045
1921	11.658498650926049
1922	10.438238002726289
1923	12.83365723263103
1924	11.63180339260633
1925	12.947228322929096
1926	11.682230285821586
1927	13.601934231031038
1928	11.985045326581384
1929	11.90130460893773
1930	13.234583226523162
1931	13.236431912623068
1932	13.325602783200642
1933	11.566166455525849
1934	10.66778560393525
1935	12.301306497124987
1936	11.926846027542698
1937	11.414208297389214
1938	11.879526717400408
1939	12.571087926859036
1940	11.855579387962482
1941	12.491949616554415
1942	12.83732836526109
1943	12.121942759967512
1944	12.67031994095305
1945	12.258977332932409
1946	13.5784217609209
1947	11.443284218155684
1948	12.773821484358585
1949	11.991216643542355
1950	12.4847095034525
1951	12.116570317376128
1952	12.289038018636598
1953	12.239012846211804
1954	12.839895421202527
1955	12.58876022448281
1956	11.75342835134361
1957	12.266216127492953
1958	13.128463462873531
1959	12.082682030111114
1960	11.640565400491754
1961	11.829096346527624
1962	12.873956188484694
1963	11.578111301412777
1964	12.5318444531052
1965	10.83843818092386
1966	12.728017070993042
1967	12.700788446473391
1968	11.993071865085513
1969	12.191401068769071
1970	12.692586675286293
1971	13.60069568405001
1972	11.486686354782432
1973	12.995131033668784
1974	11.720924768054724
1975	13.36668312739067
1976	11.391294320463203
1977	12.478136093016012
1978	11.647578687136827
1979	13.554387828474864
1980	12.762481496020753
1981	12.074456198512612
1982	10.517994297791343
1983	13.055826713496847
1984	11.05393492813876
1985	13.328182286506259
1986	11.851721999094783
1987	11.009384994305528
1988	11.470823914495607
1989	12.906632051005904
1990	13.212714673872272
1991	12.320511395980636
1992	12.280167468894174
1993	11.768826198463406
1994	12.193679193075514
1995	11.957819627760909
1996	11.948004392038067
1997	12.211677390010289
1998	13.058496451550376
1999	11.605148289439473
2000	12.23169243443465
2001	13.023668533304914
2002	12.467706768185876
2003	13.563028114165977
2004	11.189918140084238
