6	24.200529131161726
7	26.49373575095654
8	35.89259536454463
9	29.555606719314557
10	27.039361753955372
11	29.194494854388825
12	23.440831513506563
13	21.88163369484846
14	27.100791413233484
15	23.017059812417237
16	21.056962973589147
17	22.656908611327328
18	23.924140245319936
19	23.051033399679284
20	23.484706835458958
21	22.096954244014878
22	30.843976302477827
23	21.760706299104577
24	25.36371224748291
25	21.595633390038774
26	31.18674126184756
27	22.21721905214948
28	25.059506083649424
29	22.079217518244583
30	21.459953916182215
31	23.493932032112767
32	24.31171581002036
33	22.599905340565847
34	24.35210208211838
35	29.026898171599548
36	26.13391397881554
37	20.717291548229035
38	33.70270730903557
39	21.858442173694428
40	22.428452791873582
41	24.61025083213608
42	29.83077819761561
43	29.527198440344602
44	22.19204258995985
45	24.775704614527815
46	23.292617139543704
47	23.568568209391156
48	22.88421854623749
49	25.144967937453597
50	18.296840236641717
51	41.15079836668949
52	22.35766912726311
53	24.82906187951506
54	23.89132876352436
55	22.82873765187512
56	25.670895925240455
57	24.44158660147046
58	28.95029706853337
59	23.945531462294458
60	22.384128583387135
61	24.351764971736227
62	25.94360623797778
63	22.31983257781862
64	22.900268286921943
65	26.393402922393257
66	22.690186844927666
67	22.37206082882767
68	28.78812558732685
69	18.73835676520822
70	23.64217733122814
71	24.226185540370235
72	26.906717941023683
73	25.191582737777733
74	22.988264543761034
75	24.03637307579559
76	26.009728618467175
77	29.653750210054152
78	23.52313483569584
79	22.6112456809945
80	22.939844778267467
81	19.85202614906167
82	27.519935431254186
83	24.123867827154395
84	30.799501740609948
85	21.697686788735155
86	20.972549540784364
87	22.626334166946073
88	26.842839685830405
89	20.150759516222816
90	23.43417592493481
91	20.750845924232053
92	24.510789468785145
93	24.511606121889265
94	25.296521468915216
95	24.361475066466255
96	25.871590870702914
97	25.931126644603182
98	23.643988318884134
99	26.063652984752032
100	28.202373391668186
101	25.39033138621656
102	23.95079819699697
103	22.99131131883769
104	25.523401689267263
105	25.850707282116975
106	22.483768878623778
107	23.123945591238087
108	25.959325942287705
109	24.31789656833689
110	23.23097544443945
111	28.118639737359345
112	33.988226907741904
113	28.048592228045038
114	21.866734764390866
115	23.67591026538088
116	35.36591855775665
117	22.14988878738791
118	24.942470250620964
119	17.3511325454757
120	20.639616075937628
121	24.425811578468572
122	23.33007151760178
123	22.055518733904137
124	28.636473909801612
125	23.97606547862233
126	29.04689607769095
127	23.318570257781115
128	27.15209124677473
129	23.16784291283439
130	21.061090460830613
131	24.867023435443425
132	30.41366629318177
133	22.125772052314222
134	24.485019517208002
135	32.94347279089516
136	30.04796146139006
137	24.99560371999978
138	25.37006932462654
139	24.736345929535606
140	20.164611682095305
141	32.075020533271
142	39.38023745369741
143	22.94137214912033
144	23.44962305719785
145	29.42256494166122
146	29.692364283343238
147	24.35938311956032
148	21.966633046048607
149	24.427743941151544
150	25.303788795664378
151	25.550030087699078
152	43.746126135070035
153	20.852905102738685
154	27.436284067088803
155	27.588736695892106
156	21.489964935153427
157	24.632185295536352
158	24.87234374727691
159	24.90915016459198
160	22.962523648453036
161	22.78760015213075
162	21.582421114763186
163	24.001340340708435
164	23.39018123684172
165	27.216115415129682
166	30.729504759588355
167	29.977948916172213
168	28.873400358532162
169	16.6853371340991
170	24.161434813843627
171	24.356770404132444
172	25.31750718916535
173	23.30874726613729
174	22.487511305575936
175	35.05514515802063
176	27.06621464469388
177	24.35174990858195
178	21.799397599297595
179	25.26116272085263
180	23.161910949678898
181	28.645274213212456
182	23.127825417764733
183	25.898743415004706
184	26.612248237442362
185	24.78779440225384
186	21.134182119979716
187	27.092712411096507
188	24.54311138821632
189	40.28132464598569
190	22.43982805481406
191	23.7600309769673
192	25.223820031491265
193	25.333501412121098
194	22.66291158611559
195	26.54899057470164
196	26.741562465318324
197	21.875577183417203
198	24.553576158590428
199	19.52772440634792
200	27.42680457519292
201	24.06144427881849
202	25.32336868430957
203	24.529096523370956
204	26.488566401784436
205	25.642922786680476
206	24.2756556213526
207	25.64445179085283
208	15.913097262513475
209	22.74003911666805
210	24.310191997940247
211	22.056432522819836
212	26.904874454323167
213	24.3637529889647
214	24.253426585831523
215	20.2398283139417
216	24.0347550391032
217	22.39039347175874
218	23.40455345620694
219	25.50242283372745
220	23.29025123217363
221	20.7737246820133
222	20.978574934673816
223	20.2813674000264
224	24.236361918356423
225	28.529687099410513
226	21.322648706602525
227	25.525305291903525
228	24.99353650441054
229	22.188800101290273
230	24.44642599272411
231	25.154824798360156
232	26.95773914129965
233	21.022379093700216
234	22.252758578328983
235	24.973486415916877
236	21.150376245134492
237	25.273925935605522
238	23.373784280125534
239	25.40302327048942
240	20.63359679969582
241	21.348720360334568
242	31.8511806918796
243	22.059019100956544
244	24.22032144658151
245	19.38518878835991
246	27.923642681506628
247	24.343093478206836
248	31.98486828249369
249	33.13148873292735
250	32.878080716123456
251	15.107729410397281
252	26.80160675237053
253	32.50847259481715
254	26.71223678940853
255	17.194512901682174
256	22.61598115987616
257	24.471903855497068
258	24.55964606423278
259	21.01058318010384
260	25.86220226414364
261	25.136240318349206
262	27.680795734580087
263	25.42252777254246
264	25.57557896052304
265	25.739721970994122
266	21.45038390945081
267	29.03970890259623
268	39.005014366715436
269	22.486426776571534
270	24.144061297117332
271	22.380772781171732
272	25.635265838894057
273	17.82271327551118
274	22.833323705463766
275	24.054052250819783
276	25.411098528071307
277	24.15046921581675
278	24.370031701415428
279	22.172855757600388
280	31.389002295486772
281	20.152132421046392
282	22.52702060883505
283	24.849237508971783
284	25.873414943888374
285	25.406646369403923
286	35.23820198671929
287	21.176704645538027
288	23.92830022217193
289	22.074255769215643
290	31.172568681647217
291	34.297747963036905
292	20.769890887661813
293	22.607339174933273
294	24.152784315460835
295	26.223123615579453
296	20.864896789035566
297	27.461156628023375
298	23.750428078317782
299	24.349445719917473
300	24.613755457149818
301	27.1700404152798
302	24.56849444994441
303	23.13970881381621
304	16.601997036352987
305	31.34414960679097
306	36.29638511046817
307	23.85840445311169
308	23.289463776527317
309	21.139941170389648
310	27.19712969357721
311	21.402532839227682
312	23.39809553677896
313	25.84983281718821
314	24.63438682650449
315	25.18351496851556
316	23.068161912200477
317	24.61933201320159
318	24.97246028524272
319	24.966970784875894
320	19.57501061000521
321	22.701379995902244
322	25.811802694775732
323	23.85170860498372
324	23.05644781865651
325	24.536982031665893
326	26.177873247252833
327	20.518682436311007
328	29.15158202638532
329	23.36875146742718
330	22.188805687090408
331	27.7081431779312
332	23.36909204650562
333	26.16173556146632
334	32.222745316607565
335	28.13847006226225
336	23.734893481338126
337	22.696204922052214
338	26.76356360366568
339	24.17854201354163
340	25.99034607466879
341	22.5731296779732
342	24.743662801015084
343	24.51589506366318
344	32.29477788967779
345	24.69798857297538
346	24.71826749506103
347	18.881495671948933
348	37.818178999396864
349	22.468804410838832
350	26.762632316294752
351	30.801371250781003
352	22.670886018643312
353	20.917783967565306
354	25.096201322649815
355	22.923950130195976
356	22.3400730431822
357	31.781952590611393
358	25.294317563069768
359	31.87181560976827
360	28.00684585584475
361	24.99447567935004
362	27.110238623854137
363	24.366991721693445
364	22.456192456795996
365	23.629676104720875
366	32.83096752476826
367	26.42477445365571
368	22.343266885245463
369	22.41318344924948
370	23.729242069277515
371	27.80600706926936
372	25.096324688598678
373	24.358579132053737
374	29.41061613703657
375	28.531588786034263
376	27.274760762389857
377	26.051260973814472
378	22.99618945614608
379	22.072761964624988
380	33.113467555421266
381	25.04604073389237
382	24.03109932347523
383	26.22525522350389
384	20.14658412920947
385	21.78091172497476
386	28.283804295374022
387	21.775334439991102
388	24.66362276080763
389	24.06578854497146
390	23.924368557754395
391	26.194050098174962
392	21.226760319461178
393	34.38742230004333
394	21.522661585216632
395	31.15777669357328
396	25.419367052386015
397	33.174241023571994
398	26.466643855131373
399	20.38814609973034
400	24.82143729259833
401	23.554444998924737
402	22.068407461280913
403	24.10757096091715
404	22.7907366173118
405	22.305557188743183
406	24.278409099890492
407	24.179402548206046
408	20.833879040803367
409	20.87515855672693
410	26.349713658515647
411	21.275927686196965
412	23.561442709286393
413	29.910082396980336
414	22.84028225185375
415	31.945240888612428
416	32.57503634280238
417	22.645769960462214
418	23.77130490626889
419	21.833934536073013
420	21.691463429460505
421	23.30552197874862
422	28.744156295516028
423	32.203298311708274
424	27.50549689215959
425	20.52127238603928
426	24.8764654114956
427	28.018494726023555
428	27.41085574837716
429	23.303447350762927
430	18.9761766398733
431	23.7854881977231
432	20.07480460254368
433	24.169191574574143
434	25.218228862425672
435	25.88988353771105
436	24.01180945560029
437	29.25293371113724
438	21.885815850759467
439	38.38771164298804
440	24.379129484921577
441	31.287558529553714
442	22.1144602621207
443	19.41284657623182
444	31.41178355515414
445	38.2495490005535
446	23.602509891168058
447	29.93701997792873
448	28.136424954156162
449	23.353532376640032
450	24.75319976132232
451	23.72503644352925
452	23.783914683414878
453	21.497673163710072
454	23.680026499241222
455	23.842506703293182
456	21.918635001125246
457	23.04692738473234
458	20.504363364120763
459	19.050864582945604
460	23.457489213969634
461	25.443987845174362
462	23.439481038844125
463	22.973239133952077
464	24.294653669017226
465	24.898563555936562
466	26.516287436347707
467	28.30173924293944
468	22.547201785478347
469	17.921602957167195
470	25.218960403321503
471	22.28191198647123
472	22.754344790762843
473	23.173862933757484
474	21.853339705826166
475	22.18723621258872
476	25.776797392931257
477	20.208076031152814
478	25.644605291736614
479	21.955554646827903
480	25.31365931256146
481	25.35649906678162
482	22.997906376396287
483	24.702270126604823
484	24.38934899068291
485	24.761238247578344
486	24.230434631462405
487	22.88469786642435
488	26.732977837858407
489	23.791443048941968
490	22.26440377560525
491	26.688403312283647
492	26.53291655278574
493	29.418258636328606
494	22.954788696926766
495	27.31235687962817
496	23.61322780324355
497	23.8620483603936
498	19.79161738775275
499	23.24613097166848
500	23.763353886182394
501	25.036626389958208
502	22.970848234816003
503	29.465461085040555
504	24.245965041550914
505	17.46056536608133
506	24.963982439290568
507	23.828109885424965
508	25.353981489228936
509	23.415910362069823
510	23.56837058470866
511	24.31434161672554
512	24.223595188329636
513	18.785159269842552
514	24.31491215577227
515	26.440443797519947
516	24.94177510597151
517	24.24372175316573
518	22.666019671344056
519	22.471910180538544
520	27.587792728996227
521	29.68295315528681
522	22.171962771995187
523	25.148010189925447
524	26.710441562424435
525	29.688073618282942
526	21.967230965963548
527	27.765641943967115
528	22.408577799636017
529	24.751422267081463
530	25.718884294399686
531	21.7445989040516
532	21.687136648972576
533	25.0267840936715
534	27.535364362406995
535	24.113713960865066
536	29.977187052045178
537	21.857848586599257
538	22.945585251461704
539	22.36359880346378
540	32.98496533484275
541	26.666467589280213
542	21.726211554974725
543	27.662541056916343
544	27.36848620709869
545	24.409663663707818
546	34.054967469037905
547	14.345673341413631
548	24.409001446756548
549	21.925853844522813
550	23.763777519845462
551	26.206354883932867
552	25.246210052925605
553	26.57535843708649
554	25.297141909345623
555	23.578487274962445
556	34.214715687551
557	23.147087953979195
558	24.78161229834813
559	23.06896581160023
560	23.48509997511148
561	22.781731340790024
562	24.42505316880124
563	21.886314985445043
564	22.3168585335721
565	23.45777447101682
566	24.50659069802231
567	26.579429998576025
568	27.280865564176644
569	24.05615167496695
570	21.398309919663006
571	25.064402311849076
572	23.86663647292731
573	24.58784569608574
574	22.238233252669822
575	37.637731419377765
576	31.42239710154887
577	22.27023712187036
578	23.246832940587772
579	27.258274059930045
580	32.57257717801258
581	23.062508207245696
582	26.338965586868653
583	24.081119800088977
584	23.47355162054373
585	26.34657813530119
586	25.728604832430214
587	22.551492159211193
588	22.590540528593312
589	23.131297805133535
590	40.504933600846734
591	18.96348039712757
592	28.178514381589526
593	23.164655676593483
594	22.25187921256635
595	24.42295564821057
596	24.994280272377573
597	25.69970854222237
598	32.34243273905152
599	22.856621320309934
600	26.546019626204902
601	26.52556978792281
602	25.077453735674602
603	22.944953994173073
604	24.393167654236095
605	23.01967447472812
606	25.11778044768571
607	23.71079208003175
608	22.452816180797168
609	22.005766224372564
610	28.812177880371767
611	25.890215567742274
612	21.918400989114414
613	28.084521542465502
614	28.381654949589972
615	22.970872932338548
616	26.550236913678237
617	21.78188171342293
618	23.230635261774705
619	21.969023402071823
620	21.90009356273146
621	23.992322863887665
622	23.105462518033608
623	27.91583719289252
624	24.239219484476052
625	23.021376204862463
626	25.339196549541157
627	36.361784906980965
628	22.222007054409914
629	23.982530140698636
630	25.523202857524158
631	25.10275884918935
632	24.779031012626366
633	22.111601183391876
634	30.04587041520669
635	32.07442169656368
636	23.824649352798325
637	22.24713597355488
638	20.891094034720357
639	29.2868672426987
640	22.78714569974428
641	23.373955910685115
642	22.945025879855116
643	28.533600377589686
644	25.397058321750883
645	25.480626888941423
646	24.11848261189334
647	27.920483713399676
648	20.499821662923377
649	23.25808110998182
650	25.116557834433006
651	19.674387503832275
652	24.250736557800945
653	23.234805082935104
654	26.536897877635056
655	19.740051726966737
656	29.802764984406252
657	22.840095636940013
658	27.306418157902442
659	22.288572355812754
660	15.425760833939922
661	23.58342765428986
662	26.47812677816409
663	24.572404772630517
664	25.172812016498185
665	23.507985690941748
666	26.261347542427544
667	21.289953279429785
668	22.82752067145638
669	24.67111631084299
670	34.455596578094024
671	24.98901741111973
672	27.794228186203
673	23.85731419663912
674	22.9070298890028
675	24.328755592355684
676	23.608930506161414
677	23.604119231159398
678	20.231358013676456
679	27.187967254058456
680	23.930693136338622
681	28.2491950211097
682	25.172228512751797
683	20.717774863415755
684	24.440195739699995
685	23.03062007359977
686	24.136718662507235
687	25.423294882811927
688	24.442645514023024
689	20.188699171979692
690	30.526024628704608
691	22.968421655000807
692	32.27073409868717
693	24.265065640914163
694	29.054805497264525
695	25.147046707257687
696	32.693009841442816
697	23.682681947228883
698	22.610586175066096
699	25.359386680094282
700	24.29159171112457
701	20.5826990680787
702	23.738475969790382
703	29.902421252728058
704	22.984260641984292
705	23.02195019042288
706	31.485639176316194
707	24.989344415668658
708	14.671210228387887
709	26.683425712009118
710	23.971379299270268
711	23.405324770333458
712	23.229187509219628
713	27.325620758174352
714	25.024235280182136
715	19.800707184954565
716	35.42980689320765
717	20.54384356493723
718	27.264803571316627
719	19.535014636610317
720	24.21857719999833
721	24.460767254974837
722	23.12031278553574
723	29.89482580988806
724	23.857693315497983
725	25.485272744795243
726	23.610071894573377
727	24.966530827441996
728	23.122081513336845
729	22.18359664178044
730	23.724876080361852
731	25.174357216178166
732	25.887793378365625
733	21.351074269497605
734	27.516108038071252
735	27.213456738955397
736	25.024314880759146
737	26.56917283130595
738	28.10665340489868
739	28.27032517558143
740	23.248103461737628
741	20.241638745070304
742	25.445036761169042
743	18.133223043724062
744	36.54786838739786
745	23.66291868359686
746	24.903643625721866
747	24.791712858520736
748	23.873179237893783
749	21.19641775355558
750	22.18567788577962
751	29.969679951493163
752	24.335705908240808
753	23.380827345567013
754	25.255169774935762
755	28.131514630914253
756	22.92057893990109
757	22.10781974584097
758	22.87537436804516
759	21.886874010183643
760	32.88460022872942
761	23.49369810716552
762	22.593725399152124
763	23.53417072087541
764	23.685339370721447
765	21.274170017446842
766	25.078378534532312
767	24.48708308840105
768	21.68082813340331
769	25.33972064898322
770	23.09662702346801
771	23.30350001271547
772	22.250586519865212
773	24.77504101809931
774	25.321281977781837
775	21.752101189968222
776	24.231251551213692
777	24.20700516635368
778	24.569600070628802
779	23.083444342516678
780	24.220866147533002
781	27.13914776068102
782	22.52908665508748
783	23.351927185526808
784	23.646281721913034
785	20.566335134382825
786	27.97406301137004
787	24.974719080157396
788	25.58035895007936
789	24.080362118136268
790	23.575805716462753
791	27.013830345573425
792	24.098773633864976
793	24.180120822384545
794	22.599992557399673
795	26.42544384548724
796	26.205884298717137
797	22.109303029459394
798	23.309659259514042
799	26.31265943023027
800	23.877680105020772
801	23.405659170213927
802	25.25013878714344
803	23.03471153609377
804	25.39554664620051
805	26.795534815637495
806	21.24633240790572
807	24.9122834161616
808	22.154140181536132
809	25.104172545291174
810	21.93804775711149
811	24.32885985338078
812	22.926425330722942
813	27.990736979561238
814	19.2993954556375
815	25.135020425886957
816	22.018726598716967
817	20.443782032217964
818	21.81095875323607
819	23.0949580197248
820	22.560247960553454
821	24.189473207870147
822	30.48302393729774
823	23.308998259011425
824	22.54198199780658
825	24.05069202657972
826	34.53829332043616
827	20.63805878256412
828	22.710711425660772
829	25.21075305751454
830	31.16717762811095
831	22.199916851233205
832	26.78614215541778
833	22.40466231471151
834	18.713880943029654
835	25.143818484088044
836	30.182360359709353
837	24.24397805158099
838	21.51348697627429
839	20.918083454399312
840	21.517821989122663
841	23.46782066906419
842	23.685690286195797
843	24.552524274288533
844	22.31531869370069
845	20.370860085980635
846	26.125771034267796
847	19.423749140725704
848	29.753811770611648
849	26.036396272894592
850	27.274266947629965
851	22.617622243704346
852	20.267835879736566
853	24.544879865499166
854	24.352570938062854
855	25.938044864750314
856	22.20236416907637
857	23.36890582847991
858	24.089273836866113
859	23.52249947775315
860	25.657060445233583
861	24.917348297819263
862	31.38756433972195
863	20.152796665092076
864	25.967308398104635
865	19.64673811573785
866	24.57143369963317
867	26.340261202483934
868	46.33834653450917
869	29.798026927936007
870	19.927711689032527
871	23.774372910494694
872	23.393410619779598
873	24.24516766115047
874	25.09396110980551
875	23.754780563058187
876	26.749491286609107
877	22.692523351153692
878	23.30556579508389
879	21.667333427229632
880	25.698900711382816
881	12.532107311417349
882	21.94493279408827
883	23.99242358261108
884	22.461145338835195
885	23.07085532307792
886	21.379861166193074
887	23.48429512806488
888	26.95313875982732
889	18.82076562129805
890	23.289238424072714
891	19.97692733440393
892	22.923167400627726
893	25.330844196784753
894	20.979015088649543
895	22.083827676235412
896	21.97650655784038
897	25.455258046117564
898	22.077859871178074
899	22.931080058678504
900	18.51626743157773
901	25.81340635032102
902	19.73179792278097
903	20.265025517976028
904	22.970616336967062
905	27.73376829177689
906	22.90998793654199
907	22.920209161993625
908	25.47436340022943
909	34.22568093411246
910	22.285173411348794
911	21.81214564744565
912	23.39068811350955
913	25.846314273531398
914	22.52790101552938
915	22.957965066530353
916	20.981047349717237
917	23.306540460971604
918	31.114114602615217
919	24.358860705973957
920	26.275196579917115
921	23.61810827824229
922	21.54966460969299
923	22.758973312199
924	34.60525951206691
925	26.9276467404743
926	29.76183198700528
927	23.51857253799764
928	19.44773935085127
929	20.582452938675747
930	20.98179307285484
931	22.925268265786904
932	20.514941024918308
933	24.1487960379142
934	21.075516376828187
935	24.065519294364254
936	22.53903187506616
937	23.601622112454304
938	20.155736730099107
939	23.946558681135784
940	24.74750057406657
941	22.927060239488128
942	23.871136702016578
943	32.330979148801326
944	23.118875173379628
945	24.96390423375813
946	21.246646472713152
947	24.110223393673852
948	24.95492013130741
949	20.417089389361394
950	24.248860002718637
951	21.735824604074878
952	23.168054559741353
953	26.97774505028415
954	21.320036886294307
955	35.777881490784544
956	27.371387173734437
957	22.514318534974862
958	23.1074924826228
959	27.0095488556378
960	22.993191019537335
961	24.065311189756162
962	22.16806781254059
963	23.85976216044735
964	24.69079664761921
965	24.52456403337601
966	23.89557987680564
967	25.780274203600808
968	27.00081386121585
969	22.412287680683413
970	26.396437747774243
971	24.91345370390918
972	24.3689635547089
973	24.624217622468304
974	23.729157311712495
975	24.70535656996447
976	18.554983162526735
977	24.9147679232112
978	23.146426328982518
979	23.83235386801789
980	24.953723492509184
981	23.894929081804175
982	32.35696808463679
983	24.45776130802842
984	26.653540314904316
985	23.416973412310295
986	25.254352587737884
987	20.978576941764913
988	23.283300792270893
989	24.220338652912034
990	29.89976287148117
991	24.994177741911155
992	21.13563885833897
993	28.308115114452296
994	26.170324437302472
995	25.112021852144608
996	23.77495240352403
997	26.691032599327666
998	21.19741901992529
999	23.886238064982333
1000	25.594653859834814
1001	25.623868557473564
1002	30.95261158581945
1003	24.678598314758265
1004	20.467018119017666
1005	23.77046911152512
1006	16.95448312210501
1007	27.249877838098747
1008	23.774973473284348
1009	19.636678481782187
1010	22.61655670255312
1011	28.131843894950936
1012	23.647474938597153
1013	30.679559440445484
1014	23.017367191716883
1015	25.64693836468321
1016	23.00170223799796
1017	24.31664508314302
1018	24.192500122481892
1019	25.819586036637137
1020	23.637442568657615
1021	22.323737924369247
1022	22.429698538655366
1023	20.999121810598748
1024	23.760310007816674
1025	23.79233951729973
1026	17.828703332848942
1027	25.05476787734639
1028	23.55177730664362
1029	24.50498269672479
1030	25.641702661910745
1031	23.493902856753355
1032	25.64911875215989
1033	25.56212555769889
1034	24.490532177884024
1035	25.13585557005248
1036	29.107100200537936
1037	21.407637156294765
1038	24.918019493308815
1039	22.094707491652418
1040	30.0204031708113
1041	25.582311761245826
1042	25.411191873655227
1043	25.674691007465725
1044	21.473443798525125
1045	24.616711298136217
1046	23.009079692448722
1047	24.33270973009269
1048	20.07706731514529
1049	30.457371313111516
1050	29.574166432340952
1051	36.17337274413876
1052	23.645933330941762
1053	23.950033008877654
1054	23.122135828591553
1055	21.159880624734797
1056	22.008590067447773
1057	23.96632503325721
1058	22.874106305444894
1059	27.821189020065013
1060	25.188908905726514
1061	25.679889919647565
1062	23.140577758026463
1063	19.974797145849813
1064	25.140311782799422
1065	25.485749647236553
1066	30.657329407980964
1067	22.489760806556376
1068	25.262959685699382
1069	25.20008377212492
1070	21.39811951748832
1071	25.270497574881162
1072	24.60275628297733
1073	24.53211563328902
1074	23.648314531688364
1075	21.086652695620433
1076	30.37111933854792
1077	22.983288928746443
1078	22.224152599967784
1079	26.257521986627044
1080	25.296954105639916
1081	32.86781060144616
1082	23.31969400072449
1083	25.210497690647994
1084	25.295796262336317
1085	20.330814221209256
1086	24.503346556875233
1087	23.67626182128901
1088	21.049838706681673
1089	35.89823924974272
1090	30.554462610974095
1091	40.83362171736995
1092	49.58687790461772
1093	23.125446882223528
1094	20.829749886147592
1095	19.444853208829752
1096	27.68029693851422
1097	18.88576483868349
1098	24.572736364094006
1099	22.514396303714
1100	31.503955215537054
1101	24.30308063564463
1102	36.71447196810972
1103	24.05251559788594
1104	24.42439529114235
1105	26.348855040268973
1106	26.1008976585872
1107	24.21467253778662
1108	25.230164048091662
1109	24.118898145476123
1110	41.86830456840376
1111	32.08139959628909
1112	23.56050839019396
1113	23.83991819069219
1114	22.988775583624374
1115	23.581326321303234
1116	36.93908649793593
1117	26.617759733620915
1118	22.294107889605
1119	25.869238845679128
1120	24.073977371128123
1121	20.319311153616255
1122	26.064223902733765
1123	22.511532654211265
1124	26.099375580175085
1125	22.35460991443445
1126	23.986033895856963
1127	22.603343417816717
1128	27.09363116870102
1129	25.815994930613524
1130	19.749147317204105
1131	24.23210062298484
1132	20.48988739703782
1133	21.1106174256232
1134	23.400349772497037
1135	27.569154368360095
1136	24.721258562184836
1137	27.63979435328568
1138	31.16268764364279
1139	22.758328669494382
1140	23.98934666798679
1141	21.779999863942443
1142	21.720903681626236
1143	22.368689294500896
1144	23.810625402435107
1145	25.319599254751665
1146	23.613984730992733
1147	21.744969567119217
1148	24.364432376191214
1149	31.76804593042089
1150	24.32130430014513
1151	20.050278075512324
1152	25.299040716407553
1153	23.153213816954356
1154	30.47245465288119
1155	23.35422006126959
1156	24.725594006202545
1157	23.45164865663705
1158	25.935322094720725
1159	23.29693096312059
1160	19.314082654400476
1161	24.889174941092588
1162	24.39881253211827
1163	21.586063822715644
1164	25.82495194308405
1165	28.890495345716435
1166	23.638969564527944
1167	24.45400356189348
1168	22.865690336513154
1169	21.349768603304554
1170	22.67774406821794
1171	29.59573646994809
1172	22.649407859744603
1173	19.154101417606903
1174	24.124717708550325
1175	22.16631751768291
1176	26.116431154752743
1177	25.190086506521695
1178	22.21548447827019
1179	29.16852031287999
1180	24.903029191516875
1181	38.63332779210759
1182	19.167294145727187
1183	26.505351887455618
1184	23.799585386582805
1185	28.274374329607543
1186	23.13547769301541
1187	26.73898826479505
1188	27.80167043730698
1189	25.47629727727282
1190	30.224959980796225
1191	23.49173111071372
1192	22.537326739564335
1193	25.891884649198296
1194	28.79448180941127
1195	36.244142346912795
1196	22.887077792372065
1197	23.196446620852555
1198	27.929318928521955
1199	35.91162952050448
1200	28.11275376471211
1201	25.206362607838987
1202	20.464912112466557
1203	20.39718524870945
1204	44.430117911718
1205	26.352370762856612
1206	25.383830796281387
1207	21.882531873075866
1208	15.65238747134849
1209	26.594945436633832
1210	25.401552974920424
1211	30.550311184058646
1212	24.810473758825818
1213	22.28079170464323
1214	19.85814858934221
1215	26.426223960014042
1216	17.42732214111264
1217	22.84987945649315
1218	22.087073700470764
1219	27.39016876164703
1220	25.682971991744125
1221	26.809140044730157
1222	27.648329348430707
1223	23.099471124342497
1224	22.735170905785505
1225	22.92283904548579
1226	24.81044880038638
1227	21.112760252831503
1228	22.83784044702493
1229	27.125837651311762
1230	23.266005046047102
1231	30.971539362592416
1232	24.175459696203827
1233	23.57568369371533
1234	23.788717505418962
1235	23.913281286193524
1236	24.856101517772824
1237	21.377981972990728
1238	27.625165743121347
1239	28.325440168827313
1240	27.918688041268894
1241	28.442885404243395
1242	24.025686032625277
1243	23.545674693116265
1244	21.103076968230127
1245	20.44590679293668
1246	20.639331038933598
1247	28.086683046301797
1248	18.93181503312152
1249	20.370634449838054
1250	25.57013955405758
1251	21.539279293832806
1252	29.57887715549317
1253	23.346811201455644
1254	21.528837503350225
1255	20.9496359677564
1256	24.647430402220927
1257	23.077732522792015
1258	22.500405416847602
1259	23.86047099854635
1260	21.850268456168838
1261	22.153501462941193
1262	24.50979125867381
1263	25.596364740631543
1264	20.102496585764538
1265	26.12307545042951
1266	30.20915971884758
1267	28.634924157253717
1268	30.870971775613725
1269	23.083704165383242
1270	25.36141710997416
1271	22.843933569335636
1272	22.672395798984578
1273	28.60535489788924
1274	21.139333192377084
1275	27.609228851360967
1276	19.03236620152103
1277	24.388321326459327
1278	32.14959759378878
1279	32.58357486302876
1280	23.865129087478227
1281	21.586901364118482
1282	28.767922365215625
1283	22.52065590663915
1284	25.43616726676138
1285	24.900209909940916
1286	21.93940629804125
1287	26.895055659196807
1288	21.37682754296111
1289	24.446726654847755
1290	25.011376628180262
1291	25.15968247353513
1292	21.799898555922095
1293	21.811673864575535
1294	22.847651201583044
1295	23.23444818272706
1296	21.774473647285184
1297	19.70760125642491
1298	30.24756683199977
1299	31.393887742693256
1300	21.902683941219653
1301	35.64923252216377
1302	28.785341689230076
1303	23.004513337352204
1304	21.971847662110758
1305	20.43674042433988
1306	24.85862346162321
1307	23.99614181309281
1308	33.63885750699747
1309	22.942803570298565
1310	23.159689663638197
1311	24.065323161990232
1312	27.819918086098152
1313	24.677854314521777
1314	26.215826642807833
1315	23.030326662246104
1316	20.941175069625707
1317	23.51802979402935
1318	23.966180559480563
1319	23.27352176322328
1320	37.526841123763006
1321	21.384742679025216
1322	25.528029911243955
1323	25.09258309100479
1324	23.49913209827355
1325	23.98045861372458
1326	24.753803540483204
1327	21.256086107664963
1328	22.26396422184189
1329	23.114554616800888
1330	24.14157126461858
1331	18.328468439374667
1332	28.69430141722816
1333	31.85467536102694
1334	27.004632998306047
1335	25.0453781443685
1336	26.312125014534896
1337	18.98217935025113
1338	28.19757438034046
1339	25.754521228619062
1340	20.999811256282893
1341	22.633816312536105
1342	18.741404906933216
1343	24.003946838066426
1344	22.795194076571725
1345	27.023900463867903
1346	24.970617143524578
1347	32.15633875990215
1348	21.48934354682398
1349	27.723561901839762
1350	32.73011860786396
1351	22.92982686708443
1352	20.948374656247548
1353	25.717881627721972
1354	25.85711458021281
1355	24.582046117879948
1356	23.445683761834516
1357	23.55918933682313
1358	18.912375007179268
1359	24.262728881133565
1360	24.429750428918318
1361	24.241615929891374
1362	30.856083782717302
1363	24.724800810969786
1364	20.18632763601755
1365	24.571110287497696
1366	23.446479496953543
1367	25.753460931667494
1368	26.934925541168923
1369	27.24077404711724
1370	22.73902866516146
1371	27.197895562763733
1372	25.357862179615854
1373	23.59734831861056
1374	24.058322017201135
1375	17.212761741881778
1376	21.48577291894522
1377	22.82472899202479
1378	28.030513011322668
1379	23.833125689665653
1380	24.575961824566996
1381	24.156632528663614
1382	24.58604030947146
1383	21.642787615391647
1384	24.21001988807335
1385	36.701788349744255
1386	22.28071957967244
1387	31.852852968871595
1388	35.059074251944494
1389	20.36311160701208
1390	23.77386651386614
1391	28.58945890009889
1392	25.38137091628019
1393	27.431351092847763
1394	20.321587386458894
1395	23.12134883105755
1396	23.202667653606373
1397	23.095125282608933
1398	25.955796018973285
1399	28.812045699720713
1400	27.551385978268257
1401	34.661095303778964
1402	23.24894149385562
1403	23.631538333413616
1404	22.811469650223568
1405	21.439905432084185
1406	22.39795650938358
1407	24.237871578872998
1408	24.935645619280297
1409	23.946035541494243
1410	28.211415917788422
1411	25.786860542691517
1412	24.51759122765725
1413	32.11137278190422
1414	22.180390728681232
1415	26.031093306592084
1416	21.525332298129797
1417	27.0321157704289
1418	26.746979035988883
1419	25.665198978716656
1420	24.655852708854496
1421	22.19958143706511
1422	21.79841338890055
1423	30.514274902657093
1424	25.592807814215675
1425	23.108866061298027
1426	23.908402694813493
1427	27.35101462712225
1428	22.520781244207583
1429	25.11133472773318
1430	24.116104235024977
1431	25.839449201323937
1432	24.068109353849042
1433	27.16391183140195
1434	23.463980892182168
1435	37.037468265495335
1436	21.92878880967756
1437	39.33882340208489
1438	22.60825019292644
1439	29.692540276690476
1440	32.82763878449195
1441	27.68817993662032
1442	22.245807816964785
1443	25.51181490835137
1444	23.831408151272747
1445	26.847871462854528
1446	22.28929557645556
1447	21.463413298520962
1448	23.283986691872613
1449	21.268051285046813
1450	28.81866883841091
1451	21.55597777191836
1452	26.165000887517817
1453	23.943274781716845
1454	24.822291328193387
1455	23.51962249643596
1456	24.307541742737936
1457	22.091154241355575
1458	21.92823273367685
1459	27.925242458326032
1460	22.704257945012714
1461	25.670438661010635
1462	25.906892846858163
1463	26.294709531271543
1464	26.56140054247963
1465	20.104745718464983
1466	23.200995385996066
1467	31.038279134684124
1468	28.260591478395643
1469	35.708452145724245
1470	24.364910328725312
1471	21.277926485595973
1472	25.092250497954186
1473	24.397864015760465
1474	20.560500858944827
1475	22.13075568064865
1476	41.571939330655226
1477	22.194377948859564
1478	25.050834008754926
1479	24.2626913676977
1480	20.102577043197833
1481	28.583176225978725
1482	22.29688219347622
1483	22.424935957834865
1484	24.255435298566947
1485	23.400750479866893
1486	23.012689475074044
1487	20.119314084509387
1488	25.383653514330778
1489	23.4056503958089
1490	25.386374554796838
1491	19.80927285846701
1492	24.393394656117458
1493	20.625397263088317
1494	27.463375385405794
1495	35.22354073895299
1496	21.95520298933843
1497	25.544103018259953
1498	22.73647599139007
1499	22.880334178651538
1500	24.131901348933972
1501	23.8079112492919
1502	23.590122164803226
1503	28.2029689716214
1504	24.306570371370636
1505	24.358839022812543
1506	25.905953864811032
1507	32.810234199011155
1508	22.386803975973148
1509	34.527468667914945
1510	23.813104553712037
1511	24.24856011547362
1512	26.89942902718789
1513	23.27882997786403
1514	22.692104939483105
1515	24.285610069240903
1516	40.22428672416284
1517	23.22955081221704
1518	24.191918005011285
1519	29.911483909458976
1520	20.76480243265694
1521	21.229959199878362
1522	28.215895566814154
1523	24.896276911081017
1524	27.482860399701988
1525	25.256073239648966
1526	20.873743027211347
1527	23.79587485697181
1528	16.868465296635847
1529	24.668521686784516
1530	28.738244598013733
1531	24.773268356135794
1532	22.291025019427195
1533	24.602554628820116
1534	26.18754807552988
1535	32.84268864511602
1536	25.36902449221065
1537	22.91258355568403
1538	26.054776727276938
1539	21.172119767114772
1540	26.85065976397375
1541	22.114932625333925
1542	21.9161176963566
1543	24.288320804509976
1544	21.379656041284676
1545	23.72252831303437
1546	26.374378881277515
1547	23.25148948565059
1548	23.578407330148476
1549	24.833610215429765
1550	19.647166522204255
1551	21.893252634832805
1552	24.335346057217315
1553	21.191543370241387
1554	23.962696307824558
1555	23.82972372026739
1556	25.013594223094323
1557	20.73321753473794
1558	36.66504519426172
1559	25.786207452731773
1560	25.286373254976102
1561	22.821525537995917
1562	24.124414081321447
1563	25.195151885545783
1564	18.680400252797302
1565	25.076596932894294
1566	25.832466092465136
1567	22.049327320190237
1568	30.35584854249828
1569	23.97948521669758
1570	23.46051706500622
1571	31.64776532290165
1572	24.79784051767274
1573	25.828045687172562
1574	17.026158132488135
1575	21.770291943357734
1576	21.768474831863113
1577	31.170953984195933
1578	23.544921378874278
1579	22.997720354683445
1580	31.207030705140777
1581	23.803730775949766
1582	26.14167164376704
1583	23.155538478262315
1584	26.046098333037662
1585	27.95685108431487
1586	25.811680008628684
1587	39.90377471579493
1588	26.902764883912997
1589	21.328761437891572
1590	19.417294651599757
1591	21.302430520203107
1592	24.594824179260446
1593	19.282035744668576
1594	24.533575790763205
1595	20.946801260489828
1596	26.882946608042054
1597	20.022551306430252
1598	21.18269065475272
1599	21.247127019509207
1600	23.78302878034597
1601	24.95068182507079
1602	22.427073628126113
1603	22.7881634032339
1604	21.490027718273055
1605	21.861624380442663
1606	23.77843703502523
1607	21.91088250365283
1608	33.3853270110102
1609	24.72676708969962
1610	25.857480794618674
1611	22.679197685806475
1612	25.025865418547966
1613	25.083744549874737
1614	24.95477777115283
1615	23.248104499122345
1616	21.159744138428223
1617	25.316526166428957
1618	31.90028153728383
1619	24.241675361406145
1620	22.736581484296995
1621	28.39341742133393
1622	24.03228994885026
1623	23.43133547937032
1624	32.832713201512995
1625	26.123142370526047
1626	24.360637537355252
1627	22.546073006742517
1628	23.158084322335863
1629	25.2962599467577
1630	22.731595826208252
1631	23.7453130992416
1632	21.240443990027416
1633	21.847679061551037
1634	28.877815790045133
1635	26.075283538839823
1636	24.409120519244738
1637	22.76570275162275
1638	26.740172972494182
1639	22.938345089904033
1640	22.118348037916483
1641	24.32153892526295
1642	26.18048940044006
1643	20.76429981381857
1644	29.066932057293865
1645	22.875325960118236
1646	22.227445144751773
1647	24.587961385131724
1648	25.093479434171847
1649	24.155201859782007
1650	19.25174783742775
1651	28.469564039412866
1652	31.71817609713431
1653	23.646053068968875
1654	25.833708322354195
1655	24.846182876148685
1656	18.172095695425323
1657	23.77299130888829
1658	26.443346415287586
1659	23.86748812852117
1660	21.845716856274134
1661	25.086651631061535
1662	27.523705432458815
1663	23.67387550734692
1664	20.7488397926024
1665	24.87004347604721
1666	32.88173489137491
1667	23.34850944081363
1668	20.830693241989746
1669	23.416929451168695
1670	25.5341182220766
1671	28.638448324152705
1672	25.906188012380152
1673	26.421087085895874
1674	23.773441089041256
1675	23.45619761190028
1676	35.92017886857502
1677	34.68866870203419
1678	31.26073022774143
1679	22.360805936853005
1680	18.530835542526535
1681	22.91395971094312
1682	23.30731176653889
1683	22.469599802731178
1684	22.359347161815432
1685	16.233609985020436
1686	24.027076134768624
1687	27.141160804275422
1688	24.99829173984024
1689	24.163005419617548
1690	25.65581662909545
1691	23.994963450357318
1692	25.706747689026088
1693	23.0380031537402
1694	36.0243895250968
1695	29.1170632296853
1696	26.488927701621183
1697	36.955515464685426
1698	23.315703947148503
1699	24.072262213049857
1700	23.948462712593997
1701	36.82003725623694
1702	23.453777078506896
1703	20.294149246108717
1704	25.548817618021502
1705	26.48657604707017
1706	22.09432296979317
1707	21.82174665994171
1708	23.138651489547236
1709	22.398783982218447
1710	23.70089953669678
1711	24.65938476669235
1712	25.850312260105202
1713	23.954506548662454
1714	28.20843197526052
1715	23.750429025149003
1716	23.34753728201934
1717	26.669384233037228
1718	31.995323351901607
1719	20.39409891771609
1720	24.259486622645532
1721	19.78283630922805
1722	38.91155319100653
1723	25.685664584367935
1724	29.54708565092213
1725	26.775983672031934
1726	23.442888314127533
1727	24.04872688630977
1728	26.063746134650188
1729	24.90777605247817
1730	22.603144331756283
1731	23.325109730320747
1732	38.537666701384495
1733	13.943549752200488
1734	28.297736958947784
1735	24.617505010053435
1736	19.282308941643517
1737	28.46891459525595
1738	23.974241792530705
1739	24.458309894318297
1740	23.910826497986704
1741	23.372067257796306
1742	38.22634618338677
1743	22.754341398701683
1744	21.381134668085725
1745	23.699742369688465
1746	24.35326958200676
1747	26.462884065589606
1748	21.368374369493196
1749	14.620923128942112
1750	22.919830231809012
1751	24.545570970671676
1752	26.26631176355295
1753	20.822647905154284
1754	23.932518730479675
1755	23.054965047945227
1756	28.917931247214298
1757	24.18640948340319
1758	23.032530285357772
1759	24.472644521293287
1760	24.57356989991851
1761	23.665257660964986
1762	20.107830745102973
1763	23.08527808087484
1764	25.681858269515942
1765	22.541526962533233
1766	26.03333461068392
1767	30.525577197546227
1768	21.491936979582533
1769	23.166055095382035
1770	24.41509092854836
1771	25.172430437019404
1772	23.191445487576697
1773	30.746204814770156
1774	28.944282648364776
1775	25.50133310905221
1776	19.470320790180597
1777	25.167928091331667
1778	29.805135306562573
1779	27.726298986712383
1780	24.61711505418079
1781	28.64333073696695
1782	22.900982116269216
1783	22.350629847967582
1784	25.161321066631576
1785	23.388263316876774
1786	22.15167087147323
1787	25.932829346469617
1788	23.471702668694146
1789	23.545431945872878
1790	33.095422921602484
1791	20.01536195682913
1792	24.673139621624987
1793	22.091777174056578
1794	19.739997884591244
1795	36.22624524485131
1796	25.90334688852468
1797	21.19720334161087
1798	20.59848829252984
1799	22.593341274380993
1800	23.2299350262004
1801	26.993703006215892
1802	23.620591717421465
1803	30.47803038239134
1804	19.741373580490606
1805	22.117138913832605
1806	23.077772044759644
1807	22.254075518641912
1808	24.746956315403803
1809	23.75556847227829
1810	23.588151210633416
1811	23.635200783122855
1812	22.238764556067785
1813	33.609783298925805
1814	28.355913667925908
1815	25.85741935443366
1816	20.203246311181722
1817	23.883914157449908
1818	29.570620259431685
1819	25.910813975704674
1820	23.55779095464095
1821	23.068053105086662
1822	29.345027682604268
1823	46.01214235782486
1824	24.960709492637154
1825	24.708273922648424
1826	22.60307702478167
1827	22.34651965874299
1828	21.35329066843593
1829	23.0492424693075
1830	21.924099909596407
1831	27.15528278215465
1832	24.96284423185612
1833	21.544773508141667
1834	22.557766205677762
1835	29.48830370121658
1836	20.66357820809805
1837	22.32086942960789
1838	27.27055382059916
1839	22.71305581981257
1840	28.010573097274754
1841	24.11190918908888
1842	23.32869333862715
1843	23.034672131201578
1844	23.237784399923964
1845	24.101489339066944
1846	22.67617827553546
1847	24.022846945770333
1848	21.635778014943934
1849	23.19749429510035
1850	24.22279216233079
1851	27.74770641889122
1852	25.303059901426277
1853	32.45429818381555
1854	19.33497319426221
1855	24.96771071154041
1856	23.42402199270873
1857	24.562403911794537
1858	25.724904625640445
1859	27.682147296740172
1860	26.691789118058903
1861	27.3335030339509
1862	19.277205146339146
1863	24.485087843386516
1864	21.838756525580987
1865	30.997338195739534
1866	20.20863567548804
1867	27.90328567245888
1868	21.290935771419967
1869	22.44548735527364
1870	23.91942855881505
1871	20.623071359825275
1872	25.51570990189378
1873	29.10873882619605
1874	25.329795043199898
1875	26.353141637459373
1876	22.623150762765988
1877	25.607934655677397
1878	25.764215520374773
1879	22.831069448425243
1880	24.28668534154432
1881	18.985983794452466
1882	20.622809998190498
1883	23.706057641743747
1884	26.549013058344524
1885	26.910725291519025
1886	28.27750568835303
1887	21.15338826619375
1888	24.125085326916007
1889	26.989190098239554
1890	24.145589479312843
1891	26.30709985536305
1892	24.97058127655215
1893	26.81254583351787
1894	23.366995110679586
1895	19.80154113131575
1896	26.0630720179782
1897	23.471889917791838
1898	26.539053657790646
1899	24.81296065960151
1900	23.889902774339134
1901	20.16866761974857
1902	25.272725947048247
1903	23.42004108660677
1904	24.892586952998467
1905	21.762971186482062
1906	31.154908452637923
1907	23.914271460951216
1908	31.604878879155766
1909	25.77578665441944
1910	27.55062903902832
1911	31.13200103982152
1912	20.020992743651732
1913	24.209384293737426
1914	30.171833125899916
1915	24.336176503475144
1916	25.321222827522433
1917	23.600684668786393
1918	25.9798355626408
1919	25.13239638628164
1920	26.37415595059857
1921	23.747405884701205
1922	24.32338043055423
1923	23.994652864352247
1924	20.69533296791269
1925	30.457449317276172
1926	26.880324497289564
1927	20.63904181610061
1928	22.759458563756198
1929	25.259254986074666
1930	30.433743693444224
1931	28.287141002448106
1932	22.70530347043827
1933	23.15651738453273
1934	22.13841716249366
1935	30.307659774547552
1936	27.0288761122938
1937	18.03527994307002
1938	21.357123843131756
1939	23.717025564503274
1940	22.155094357566103
1941	27.33017061133511
1942	20.869595640842718
1943	31.76113583861646
1944	23.450378172759276
1945	22.654563586328372
1946	21.846268428151234
1947	21.82723520380946
1948	31.615547063037457
1949	23.877039311790618
1950	24.18726411371285
1951	27.41932937043719
1952	24.56883962243148
1953	24.940434134477982
1954	27.713610686646362
1955	21.622710124425893
1956	33.74259982041647
1957	21.856469232903056
1958	28.8050063098863
1959	23.855366525467783
1960	24.786953570963643
1961	23.43333391007394
1962	25.457317331090703
1963	20.840234498332183
1964	23.747717746586673
1965	20.940238739014603
1966	31.8481058770935
1967	24.437183385446627
1968	23.924345484701917
1969	28.10718683539998
1970	22.70159228451536
1971	22.09686151074493
1972	24.211267027419947
1973	25.836046239501947
1974	24.04728063842808
1975	26.823032374972744
1976	22.399081838637358
1977	24.817545280953432
1978	24.494262952823192
1979	30.907869037282207
1980	23.90834825613434
1981	16.00046431261179
1982	30.974527152697082
1983	19.163807259922446
1984	30.559544139032095
1985	16.77645458484514
1986	24.451798579125118
1987	23.636272875775052
1988	21.83084701154954
1989	28.815894813876664
1990	23.033801848914557
1991	23.573262574071123
1992	32.31973291223814
1993	22.537404018722903
1994	23.747278341770414
1995	22.97436683532977
1996	23.51689952556402
1997	24.046019368981188
1998	22.668196822538796
1999	29.42963231050508
2000	24.269333347535483
2001	22.074554367371633
2002	30.950735675434085
2003	21.39047233887266
2004	25.30611508176662
