6	20.36883358801087
7	21.18436129535372
8	18.502047322530267
9	19.51673493828828
10	20.181644343012096
11	19.592981944277636
12	18.035175950353803
13	17.344164532865303
14	20.04679211664786
15	19.15709653045913
16	16.399058125775294
17	19.637121136827556
18	18.46303685413857
19	19.473969952997898
20	18.773056550116923
21	19.19879577373066
22	20.23649508478384
23	19.04428274556668
24	19.857204016646573
25	18.58645493546467
26	18.102400668850958
27	18.712430524864565
28	17.441315268321393
29	15.132006997169743
30	19.780314964842667
31	20.53383636357983
32	16.726154332481553
33	19.12549462784712
34	18.52878290729387
35	19.096017295916397
36	18.399154007366388
37	19.73218769163674
38	18.626526340633735
39	18.533204032487195
40	16.27691128993287
41	20.64239496601683
42	20.38495216379199
43	17.935567931203792
44	20.074751892876375
45	19.704270215941403
46	19.39292649620125
47	19.781326675162745
48	19.997619493864477
49	19.88927551161734
50	20.30399501694825
51	20.82738606595164
52	17.527423967729153
53	18.89990082582861
54	16.266732803501117
55	19.6840948494934
56	19.939949575766768
57	18.62047583591737
58	22.68337684117545
59	19.99832997609281
60	20.026055252340083
61	17.566036474893878
62	19.277114066773926
63	19.532824417780798
64	17.808080070749128
65	19.639731516659744
66	17.33818994905446
67	19.451164034358225
68	20.67663576521045
69	19.065300218134997
70	18.89692409202241
71	21.479057259656862
72	20.148349802019663
73	20.164858254087594
74	19.119459906934907
75	20.237323083997754
76	18.196504673893322
77	19.517495519751773
78	18.406758307277034
79	20.474588678681137
80	18.54536542998156
81	19.61416210359246
82	21.931029889840318
83	16.873435304017207
84	16.384359946452026
85	18.99507028323757
86	20.083184247003686
87	18.843225631008004
88	20.00458209861513
89	17.97879268557895
90	20.056962637049267
91	19.235132621439426
92	19.144374389103707
93	16.603066774060192
94	18.7417666875983
95	19.657815380554716
96	18.647753617051166
97	19.13381037686708
98	19.14476921647135
99	15.907835038899496
100	16.964600536305838
101	19.806188200077294
102	19.46463637140681
103	17.407162443400857
104	21.479176461292727
105	19.26884714027897
106	17.68388012444946
107	20.559387478828178
108	17.05619844096237
109	19.097419000188054
110	20.170592804398225
111	19.95982667383046
112	18.788188646649658
113	18.02701575737632
114	17.844964142768042
115	18.769241826474065
116	19.553431644772
117	16.95364993099283
118	17.727383208219056
119	19.24556442329269
120	18.45086150283651
121	21.232532252978444
122	19.30147784955926
123	19.459556602428933
124	19.800917404049223
125	22.294330938172763
126	19.993282177875653
127	19.775765431918106
128	19.970328037299236
129	16.882269917209097
130	20.00852701227209
131	19.260148380661597
132	18.061392439353767
133	19.38256389226065
134	20.017919937161974
135	18.85087870664726
136	19.05344053869059
137	19.455143497631134
138	20.307569531884088
139	19.502957403053905
140	17.991122017137652
141	17.00012431218056
142	19.530571514530962
143	18.114006535070686
144	17.94905539328326
145	20.457021954732422
146	18.203260035089677
147	18.485446804837295
148	19.00043838837314
149	18.650437131064432
150	20.64331987847736
151	20.137606671655835
152	19.933524915764554
153	13.0993219062136
154	20.101335781469654
155	18.304634711211374
156	20.367909699592662
157	19.13268417555767
158	19.476447100916072
159	19.285917159236636
160	19.029279106637947
161	18.544585242485713
162	16.522983210511722
163	18.034538892317936
164	20.560260153090045
165	16.644157586533563
166	17.87512322764937
167	19.691208885549432
168	20.74358586830941
169	17.282627493063938
170	19.09173879511092
171	18.0049083132293
172	16.43296642667648
173	19.04503445380753
174	20.10469419148568
175	19.608734721017147
176	22.38357013661548
177	19.011809565959364
178	17.054118727042617
179	19.571232163178237
180	19.51252372434509
181	18.570480952338336
182	18.21585349179978
183	20.848056293750293
184	18.093608367367256
185	20.726027959447027
186	18.03072640914621
187	21.000193944050437
188	20.673618717167972
189	17.695795042360338
190	19.492585135779112
191	18.953346268837276
192	19.6277086969193
193	19.252532904571108
194	16.94873446093936
195	19.42468927433936
196	18.90836768595983
197	16.709771520994792
198	20.88535839288384
199	18.017447287556614
200	19.981468902713225
201	21.153397004202166
202	18.769901235293574
203	20.73317361932428
204	18.746351552502922
205	21.735954049503807
206	17.193798434368762
207	20.85763567635997
208	17.552775955866043
209	17.54853431890762
210	22.601105868587243
211	19.56469764415432
212	16.439488432006485
213	17.264736805770994
214	21.77583045854864
215	20.15997607194431
216	20.5212664882518
217	18.200826244085913
218	18.79492467476336
219	14.5666272773901
220	21.680793649786033
221	17.22014178234393
222	20.629479346123034
223	20.16136912437623
224	18.012705434714928
225	20.105210025200535
226	19.07975972132293
227	19.453072207419897
228	18.19993438426585
229	15.892955518728138
230	18.86987352560142
231	18.55036741747546
232	18.88300609401631
233	17.525868613501128
234	20.364515397467596
235	16.855760311466025
236	19.232482297407785
237	19.717415562227387
238	19.5277272763409
239	19.145839429125843
240	18.043433238384697
241	20.878420072402886
242	18.958369167082346
243	19.443534349006686
244	17.338428349921188
245	19.730404013981268
246	19.76074269187733
247	19.617927899327242
248	18.626773872245014
249	20.156837191472604
250	19.986528440840555
251	18.592341345886084
252	19.261251072043688
253	20.18077322619778
254	18.44058902417023
255	18.346629006418517
256	18.121455956684763
257	19.468443774964133
258	19.165535393574917
259	20.50202944351784
260	20.17738626881178
261	19.181088228449145
262	18.452865612994458
263	21.940668705435417
264	17.53581860823027
265	18.40236990335725
266	21.421484302694832
267	20.290896098557152
268	18.455249254280524
269	17.820795204242383
270	19.9157666589605
271	17.3007180826381
272	19.01644529192347
273	20.986416136756805
274	17.101206254872576
275	18.707378242343523
276	17.803742591557405
277	19.290232220210534
278	18.771244179288576
279	20.624855266024166
280	20.513070795654844
281	20.582727528209976
282	19.48366209494558
283	19.207518726956035
284	18.12055031459469
285	19.269564089049318
286	18.5097296236621
287	19.70640438313824
288	18.512883381229916
289	19.341595010141326
290	19.174668001721518
291	19.401303210658355
292	17.302861759109852
293	18.991027584636235
294	20.52044731319616
295	18.730696169502085
296	18.64528010293123
297	18.72623433231574
298	19.24707631501176
299	18.8480688183987
300	20.25677417534037
301	18.70149735503347
302	19.79729452105331
303	15.267807513496772
304	18.571557068178294
305	20.701740890876145
306	19.072578602731554
307	19.21435973156074
308	18.561461309574018
309	18.57204831966941
310	20.744605242898356
311	19.226049153961302
312	19.35338392670343
313	19.51303171220934
314	19.701478517287406
315	19.511991413983182
316	19.593687476247357
317	18.44268630859675
318	18.39029559356063
319	22.961460144417767
320	18.87807052248244
321	19.56221971376953
322	18.29359008483812
323	18.763062707447006
324	17.423143175832337
325	18.65595859467186
326	18.52376927210893
327	19.956708420464583
328	21.39557174904312
329	19.51105056997203
330	20.785918516508183
331	19.608150393701088
332	19.336422885564104
333	17.43268269239737
334	17.24144221420016
335	18.995963318204666
336	19.126834868868723
337	19.077097457216972
338	21.249933058321226
339	19.75852709263069
340	22.370763034764533
341	19.48756326077997
342	19.00787264066674
343	18.8442180230294
344	17.86667073602975
345	20.232756037338834
346	19.16699941248185
347	20.059357893589837
348	19.3491101275115
349	18.04851746368667
350	20.331880251706668
351	15.38995091312038
352	18.88988483777355
353	16.31761549828037
354	19.288584059953184
355	19.36257809680756
356	18.774667239660484
357	17.808829570391424
358	19.696484436268282
359	17.585532984535895
360	21.29627141056364
361	19.225870496712723
362	18.53296340311861
363	21.71556853519463
364	19.87848942458835
365	20.94047395217012
366	18.831317754953755
367	19.419981577378195
368	17.671581281181346
369	21.458791764112522
370	19.157211753307855
371	18.87861431979172
372	20.011717826189464
373	19.07911794185357
374	18.71271826094464
375	17.605131623804336
376	18.220076079410667
377	16.706273500880716
378	19.079088922571508
379	18.493116371011087
380	18.168103883276114
381	20.544461006445257
382	17.35274041079468
383	20.53098136850241
384	18.20168673225473
385	18.853814638035058
386	20.771124753586225
387	16.999441216528826
388	17.078197745097313
389	20.441565327170544
390	16.681560305238534
391	18.755962468250097
392	20.97916808384779
393	18.469395793613746
394	19.184873245754616
395	18.826667087010446
396	21.302448919109047
397	18.64974223392939
398	19.631038059718758
399	17.318349464330822
400	19.8358654565322
401	20.097211908652223
402	17.47179562338639
403	20.62338572035684
404	18.74200953050226
405	19.59339969292216
406	19.96704218526657
407	17.84205556938143
408	14.9747400854893
409	21.09674460970337
410	18.582906043919714
411	20.265618921471216
412	20.70321015116817
413	18.624585156770227
414	16.723663738166188
415	19.13989276030116
416	18.42987732604442
417	19.625835825062012
418	19.26107789105773
419	19.03258152420581
420	18.86422146835198
421	20.176067009212282
422	19.7050075800069
423	19.924249933518336
424	17.22344935590497
425	15.541362098463587
426	18.080694827950403
427	18.583733736646032
428	17.848485398783065
429	19.885124668698726
430	16.834205901998068
431	18.257163194235392
432	20.09684605244993
433	20.141914491510473
434	17.959936230134296
435	18.047851974762704
436	17.655584282230507
437	18.478306297702783
438	19.47877689034807
439	21.19847499795266
440	19.98932764033126
441	20.55899880748253
442	20.079252775368452
443	19.399359702993703
444	19.618908746577887
445	19.97633756496777
446	21.547303288256614
447	18.059559228170453
448	17.425776402083418
449	19.58059827463007
450	14.84415268578232
451	20.35554213755016
452	19.698611307178652
453	19.09770598326797
454	19.113868676108478
455	18.485066591246717
456	20.829399201634715
457	17.414090689489612
458	19.98294827324418
459	18.452262675927052
460	18.38890771823333
461	19.272009734794036
462	18.613539621564698
463	18.30342239829454
464	19.697324177244724
465	19.032420543668003
466	19.98117061226412
467	17.88660737022995
468	19.82570779623971
469	17.373522654392495
470	18.111088715487245
471	19.676347561056524
472	16.693004960317882
473	20.189659647712638
474	16.987457545769367
475	19.91067627736935
476	20.041929524867143
477	19.76957006345414
478	17.84450550908392
479	19.001653098766955
480	20.243603654058273
481	16.595602695557915
482	17.27472980728177
483	19.660866932132645
484	19.87825696399086
485	19.802128095441468
486	19.43437595809289
487	18.630876865574958
488	17.710629430574773
489	18.42534312128104
490	17.993401832193936
491	20.115534596488224
492	18.722334570018866
493	19.340859658382847
494	19.838139744436873
495	17.50203594819759
496	19.429396366224804
497	19.47766597590845
498	20.653674151191527
499	19.585875039393077
500	18.328709838142718
501	19.21443383761452
502	19.616248856491875
503	20.587380519949154
504	20.832796932909126
505	17.403484177952937
506	20.365894021767158
507	17.97879534157697
508	19.230747656501947
509	15.834563422013074
510	20.206814297883234
511	18.75186062681406
512	19.738326100187205
513	20.063231628661974
514	20.94007951877666
515	17.874416356870316
516	18.852296865322486
517	19.673524725674735
518	18.192928544168222
519	19.65923792809183
520	19.464888954967886
521	19.072871247383993
522	19.383263131052768
523	18.677846564044764
524	16.23932374774816
525	17.152759041628663
526	19.909326519396476
527	21.000175209674033
528	19.7482939059323
529	18.23512710743682
530	19.091920889261708
531	19.846319670836053
532	20.587565191394162
533	16.261748208061064
534	20.141926261964482
535	19.376770077806444
536	18.08445107631689
537	20.922166973460072
538	19.139476392584235
539	19.16402625153927
540	18.769182754673334
541	15.565850001129414
542	18.864688138638076
543	18.903881368340137
544	18.243010148210452
545	16.11673064928863
546	17.350599343624815
547	18.30097636585653
548	20.477017643032696
549	17.98481244347773
550	20.44452113120819
551	16.891665305405695
552	18.196828745650517
553	18.912509690887685
554	17.680298053159902
555	17.669436239412708
556	20.29450306637241
557	18.174607807845167
558	18.941035683661653
559	19.431845091541355
560	18.080203626404316
561	18.415067033322714
562	16.691155026902237
563	20.19814290770576
564	19.189048001857824
565	18.034713906104376
566	21.37786087194289
567	17.27119972273552
568	21.055921087207064
569	19.12904948556748
570	19.656829565735357
571	18.65243589740575
572	22.23439384941052
573	17.517587887676846
574	19.118831548698147
575	16.217247270726652
576	21.4386880488741
577	16.89762752548232
578	19.747223375188764
579	18.519985314940687
580	20.63620663153955
581	20.101480988093567
582	17.509547271462356
583	17.479237002906572
584	18.323592609116588
585	21.277303552141962
586	19.437053082805637
587	19.088393850123865
588	18.959276468811552
589	19.805679222128997
590	16.702853597113627
591	19.806353100237324
592	17.426528675805052
593	17.241979813106738
594	18.739969966475016
595	18.964394230106826
596	19.25974033779781
597	17.920084213783873
598	17.99621867054428
599	19.247478200399595
600	18.257406056019605
601	21.384271337199607
602	18.800452125252004
603	18.17792831869822
604	20.542432873918298
605	21.5999841320209
606	19.18025970033376
607	17.00837502477281
608	19.078041028580024
609	21.826953715716225
610	19.48190143190311
611	18.903139922295217
612	17.901206125377588
613	19.49265689604248
614	20.921921467419835
615	18.488771356013874
616	18.701825300066847
617	17.49170940069778
618	19.54650709928133
619	19.69280485718244
620	19.5410996662782
621	16.590438330920843
622	19.45352179603763
623	17.67094416604407
624	19.48182391379733
625	17.427140934760384
626	18.361680983071615
627	19.061685914724457
628	19.154656827294726
629	21.214712880298052
630	15.152580529496456
631	19.25082252670719
632	19.79595615575759
633	19.12360733334478
634	18.642066086892807
635	18.586839088528375
636	20.941126491716755
637	19.011781263364078
638	18.51636989030018
639	19.44561418704816
640	20.116819049663047
641	17.78955037929341
642	20.51876513409617
643	19.653405814946606
644	19.00142140734897
645	19.0707439115028
646	17.805556173713445
647	18.11235311337437
648	20.935742067657735
649	19.32328018776074
650	19.148232213075836
651	20.15047652702342
652	18.290674793078846
653	18.140813853456557
654	18.36887508273768
655	19.332212446915964
656	17.96223224354634
657	20.9816528334297
658	20.122756328510064
659	20.51548753058299
660	19.27807362000345
661	20.30096682410296
662	19.204605376942528
663	20.99044237631019
664	19.893728172276482
665	19.62426805846082
666	18.581426118069384
667	18.656240346459654
668	19.08574628014898
669	19.276445625409252
670	18.03616086799722
671	17.9920484179388
672	18.93220220740512
673	19.64421362988398
674	19.969431291274297
675	17.91167763082467
676	20.48058192293176
677	20.791748419907826
678	16.594723107940467
679	18.70961510382248
680	19.986997863830215
681	18.376984611082428
682	21.8075173366662
683	18.110855344266167
684	19.760458869762225
685	19.89326521438062
686	19.153018093918437
687	20.9630517240437
688	18.934558316052012
689	17.544673382319974
690	20.764765358209004
691	20.887856344033604
692	19.489428688928882
693	20.360621347924265
694	16.77606347483851
695	16.715634473394545
696	22.446232373827264
697	16.92145841781582
698	18.338790644640348
699	17.495937695505248
700	20.342061890025867
701	17.49368587800118
702	18.72528268336683
703	21.72646594509495
704	19.556466168375714
705	16.92303534758082
706	19.939127992799357
707	19.245485614843233
708	19.642422474783668
709	19.704024012017314
710	17.592361515894783
711	19.87522758373735
712	18.557374530641827
713	20.19890071597917
714	18.08889150401473
715	19.493617109290405
716	18.432997201048835
717	20.9613275567181
718	19.267267314632313
719	19.089621802785004
720	19.962068229566924
721	19.905624018364318
722	18.209280674947173
723	20.17348202860615
724	17.335015325058325
725	17.88948489946266
726	19.359766370860772
727	19.172503620424248
728	18.434671952646582
729	17.369675676008626
730	19.310486140660117
731	18.403636130409932
732	18.056272786070274
733	19.461862401445007
734	19.324254586455393
735	19.419674105146118
736	17.522149360600757
737	17.13650261148645
738	19.982464174594497
739	17.09529205519595
740	18.775205169050842
741	19.622320210068
742	17.89318168672531
743	17.200020230475932
744	18.310283105177604
745	19.60513916135314
746	18.9904554871428
747	20.16527401366407
748	19.93080921443328
749	19.04899972237031
750	17.24089288603277
751	17.73203442966327
752	19.05726149800584
753	17.866146847259056
754	18.28184409012299
755	20.485338619310912
756	17.705474125034222
757	18.725548283314303
758	18.353841101647696
759	21.46582343574671
760	18.11649178732433
761	18.129100465251508
762	20.642024357418954
763	19.33237939951784
764	18.4385079173532
765	18.346895315836793
766	20.62115190242499
767	19.44214807518361
768	18.576834113573796
769	18.430397237102852
770	19.10850063766449
771	18.4209723939143
772	19.844026025817534
773	18.518735404177793
774	20.333804997972646
775	18.62504373786756
776	19.385137806826535
777	18.719910812561434
778	19.999134331204306
779	20.00395128223033
780	18.58416821644789
781	19.779002476027472
782	18.575048916929244
783	19.164858031255736
784	17.741644716411948
785	19.58455743103754
786	19.710257739426755
787	17.587410066321468
788	19.60249187793381
789	22.307270068183456
790	20.047114646333313
791	19.780144283087964
792	21.222300502356685
793	18.28610282302058
794	20.437336786355477
795	16.087205338973167
796	20.28266637847285
797	18.828784478591505
798	20.988771006136428
799	18.096158951987185
800	17.847673613016717
801	19.054212157478712
802	16.57299904237181
803	20.619673546496653
804	18.771313223844732
805	19.586665643855756
806	17.747990562311106
807	18.6760639213335
808	19.500322913195255
809	19.196794973662158
810	17.886651764905668
811	18.558424739860907
812	17.03241421872619
813	19.61689297667768
814	19.408494957441558
815	20.889317746027725
816	17.240784856313336
817	18.981902081653164
818	20.677955841136857
819	18.69229206197492
820	20.241605909057757
821	20.622929625071073
822	19.429605870977387
823	22.05074215921634
824	19.376428198702182
825	19.658596634321537
826	19.371160059035333
827	16.999433428898776
828	19.878053735970603
829	17.313254951482538
830	19.735928706773944
831	19.797920146083634
832	18.86846040818199
833	16.425759040459795
834	18.819246762478272
835	20.617089133075353
836	18.601483753682867
837	18.210213840864547
838	18.383802261121385
839	21.011155268562337
840	20.20251838787328
841	18.86827778742447
842	17.599776061690925
843	19.37470145434925
844	18.135301714060397
845	20.327882107371906
846	18.702594534005435
847	17.15983129336798
848	21.95467795018951
849	16.761177628165893
850	18.39042832840379
851	20.251928785629463
852	17.284390368011024
853	17.051341730721045
854	17.871777106164163
855	19.76014380688393
856	18.929134227252597
857	18.25417347123877
858	20.083829664609706
859	18.998409670882946
860	20.354700766211725
861	17.917325573239566
862	19.87642955466872
863	20.05660488710559
864	22.092681175564117
865	20.07796624777662
866	20.680773720398772
867	16.0399581168199
868	18.677476825302694
869	19.509279032644756
870	17.73245143861765
871	18.528409512456236
872	20.45913078188314
873	18.805808787799972
874	21.237676517405685
875	19.793606344508916
876	20.93368571729572
877	19.323798982065213
878	17.930560622803775
879	21.15164213778812
880	19.05215990207199
881	19.621954815162674
882	22.141615988785304
883	18.521977618366808
884	16.831182549567764
885	19.992744152631825
886	19.913992749952598
887	18.30727877337293
888	18.19462065161471
889	17.818906205391514
890	17.830429579640303
891	21.097168886436293
892	18.532147716673848
893	20.12770929758219
894	17.167999148993246
895	20.497015346200836
896	19.708837261556333
897	18.837097950046882
898	18.348377701210474
899	20.015284513903133
900	20.910656712523885
901	20.93256016298454
902	18.697578603473655
903	18.788652946364515
904	18.450935163121457
905	19.502975135936055
906	19.195357230039292
907	19.595709423564898
908	18.96324937620499
909	20.174810168958295
910	20.91576173863638
911	19.475209805613986
912	17.79803595304812
913	19.501059353168653
914	16.561261502946163
915	20.05969851791208
916	19.217978539079827
917	20.767614878765563
918	16.1235099640649
919	20.111094233089805
920	19.29879752327292
921	19.809249313706857
922	17.044849255008767
923	20.398015360490646
924	16.828696491087943
925	20.02455310046849
926	20.083151835136825
927	18.803962009850984
928	18.887669779226417
929	19.653345741260914
930	20.970442373283902
931	20.21629215580605
932	17.54578603550338
933	18.09350797120343
934	17.93994015175327
935	20.19930422018903
936	18.163923241624918
937	20.507712590985847
938	20.019574510589084
939	20.302580167717842
940	18.66461335465022
941	19.14507913382517
942	19.563549667591275
943	19.32740084611308
944	19.079051663384096
945	20.835046735035057
946	20.140985353297822
947	16.864600481429758
948	16.80238236031632
949	21.52621180646201
950	19.607499325638248
951	16.860144361703455
952	17.626169763786226
953	20.542456165721276
954	17.855125926857053
955	20.90964189830868
956	17.702276418001002
957	18.874406574671458
958	20.217470011774225
959	18.85891008496207
960	18.945982131446918
961	21.116434804319095
962	17.725986049288515
963	19.1971116618226
964	19.24841163418542
965	17.23469306410355
966	19.6889460058678
967	16.498696305960614
968	21.561199946453858
969	19.54075575108219
970	18.931998149445047
971	17.942423135234744
972	20.521592781877995
973	18.102935527405954
974	18.905410900895493
975	18.478293009504586
976	18.244143375739625
977	20.457545595504975
978	19.958110822821574
979	18.85337229144405
980	18.167995979779228
981	20.24136757232071
982	20.119303435847137
983	21.69066704925737
984	18.845829647152314
985	19.11179149647644
986	17.021360939177168
987	19.816600999857194
988	19.30840255549163
989	19.20190958633728
990	18.32763936665342
991	20.062059340636054
992	19.26828820487122
993	20.839086675502422
994	18.53057700023676
995	21.09869720795168
996	18.112758296401474
997	22.109786603450974
998	17.99821961032173
999	19.22439626558912
1000	19.753084401227998
1001	17.4129597325514
1002	19.845136095510693
1003	20.499149196369476
1004	19.14562771951002
1005	17.62221662239399
1006	16.40633238257935
1007	19.26458665578441
1008	20.91502587965535
1009	19.830158044015004
1010	18.0947565625406
1011	18.534472997682688
1012	20.132822710011776
1013	18.986114527625624
1014	18.279306662658097
1015	19.685574170566472
1016	18.380179338569334
1017	19.229208489048677
1018	19.648930018948
1019	17.499804156777337
1020	19.070390050120263
1021	19.28063440958712
1022	18.90287697192398
1023	19.979859397919707
1024	18.994611202157103
1025	18.299455858716655
1026	19.29431176478473
1027	20.694509996668867
1028	17.186195024029555
1029	20.5356510116238
1030	17.908065983076035
1031	18.610102126404577
1032	19.136167946632238
1033	19.290143431814645
1034	19.23210258428286
1035	17.842848685018026
1036	18.88004859881221
1037	20.380732694143582
1038	19.471359632597874
1039	17.913090695096948
1040	18.41176651294779
1041	18.189096631828733
1042	19.86804143442604
1043	19.319552863119487
1044	18.863143327505345
1045	17.29178335483473
1046	20.057520040307434
1047	20.076751160470174
1048	18.710911757860327
1049	19.551324524328503
1050	19.772240254914713
1051	17.063317295215963
1052	20.160610382479565
1053	17.87533538731002
1054	16.807117031323635
1055	19.666035973590333
1056	17.946719815258486
1057	21.33767666606205
1058	19.13983869473652
1059	20.28351483576
1060	17.68790600683247
1061	18.71836898109004
1062	20.013241855335803
1063	21.00447706613587
1064	17.324166406108326
1065	17.964664937040443
1066	17.93210591076433
1067	19.625869480393952
1068	19.974540766451373
1069	19.149144435417057
1070	19.94757783372385
1071	20.51475988521107
1072	16.799190934675472
1073	17.651820637805738
1074	20.943937104736154
1075	20.029289353435487
1076	18.794495898225176
1077	20.30735501569073
1078	17.785910891176712
1079	19.993583783913756
1080	19.820607140721975
1081	18.96062922078
1082	17.710957565317297
1083	18.488056122236237
1084	20.498078466809574
1085	18.76477696488503
1086	20.66623285678821
1087	19.997651733009487
1088	19.874124529065348
1089	19.482107072343133
1090	18.18157284603385
1091	18.767232312111318
1092	19.04522742341092
1093	18.493309554079612
1094	19.51244632082128
1095	18.737473495190077
1096	21.499670717820262
1097	18.599915204674232
1098	19.716737095677654
1099	18.225202639452032
1100	18.48790524360435
1101	19.511967189550965
1102	18.437198755532155
1103	19.05756433224273
1104	19.134574556903843
1105	20.105478613727865
1106	17.77292621176886
1107	19.92443783474119
1108	19.619360399667787
1109	19.26178360598505
1110	18.91647946033463
1111	19.966214823265418
1112	19.615548710511046
1113	17.196031696163118
1114	17.74284912855473
1115	18.487349133908182
1116	18.03959887334609
1117	17.961133192336774
1118	19.808246317044617
1119	18.20507380895045
1120	21.79402925714216
1121	18.876518436394505
1122	19.158836783328436
1123	18.76699193014342
1124	20.08902319051653
1125	18.497335284861038
1126	20.15774884394278
1127	17.28261364536241
1128	20.45175757338331
1129	17.312986610694416
1130	19.27217092855466
1131	15.070855018551178
1132	18.570252183933246
1133	17.121610059223382
1134	18.855158458917067
1135	18.45607855049402
1136	19.383433006011213
1137	19.166934220262117
1138	17.809896267850583
1139	19.10528061331745
1140	18.539165374448498
1141	20.610137821608898
1142	18.216188587462174
1143	20.676857019901995
1144	17.222264566831505
1145	18.86457271020131
1146	20.139890203572904
1147	20.484263960645226
1148	18.413393955157677
1149	16.914379708941425
1150	16.97923115204545
1151	19.186823846051496
1152	18.222360587240054
1153	19.06022862456509
1154	19.90814592547044
1155	19.612626943426456
1156	21.693847231252658
1157	17.285273950893487
1158	19.83933510371919
1159	20.320889573075927
1160	18.523505649133018
1161	19.507899061474266
1162	17.36629670362315
1163	20.95396477434824
1164	19.810871108501484
1165	21.44975785755687
1166	18.33532120270914
1167	19.05557133481288
1168	20.12489098863506
1169	19.208202264908383
1170	18.59541098848111
1171	18.466572840596445
1172	20.62186630726199
1173	19.641975586145865
1174	18.15267824190785
1175	19.254553701916805
1176	20.317781370248102
1177	19.65100390029828
1178	20.64820555785709
1179	19.36347963679042
1180	17.84431581782814
1181	20.180735180869565
1182	18.797911446033215
1183	19.359261647379782
1184	20.663578624690505
1185	19.001611856655078
1186	18.42054968609154
1187	18.12510187467606
1188	20.960653613158502
1189	19.808831320352713
1190	18.065474878913868
1191	19.884843779757933
1192	18.69543447911987
1193	18.725982767795173
1194	18.907208306827606
1195	19.919510344664257
1196	20.531679174535068
1197	17.901011740174567
1198	18.212578657074747
1199	19.57403523086624
1200	20.145703175987123
1201	20.47880889612017
1202	18.9309781918175
1203	19.465936715213694
1204	21.46977077932785
1205	18.575274706670843
1206	18.976531309717625
1207	19.372537380915375
1208	19.292120093950366
1209	17.587282891965117
1210	19.994720421127372
1211	21.139512432959595
1212	19.612431018732096
1213	18.6171121631254
1214	18.60762660356299
1215	20.802720795233693
1216	18.923091758943745
1217	18.765319797804157
1218	17.35892742267457
1219	20.288835591560304
1220	20.184414316412283
1221	16.707004669091944
1222	20.000108658392207
1223	20.53695153411708
1224	16.30097436854167
1225	17.66191871724373
1226	22.393606364539504
1227	18.418160295509654
1228	17.111010813300044
1229	19.851448640269652
1230	18.963058235651946
1231	20.0791727214394
1232	18.70586454718529
1233	18.787887676874
1234	17.14013803477347
1235	19.338857648822678
1236	18.683280672949202
1237	19.09871568465449
1238	19.54768908392249
1239	19.99595699793726
1240	20.166023481029857
1241	22.312816126608773
1242	18.486451571373617
1243	19.577718935137735
1244	18.634815048685656
1245	20.390862681582618
1246	18.272196751817713
1247	18.597799099648782
1248	17.481055380306415
1249	20.51597898473935
1250	20.647035277396526
1251	18.327967868045203
1252	18.549378917774483
1253	17.991210672422312
1254	19.26217503716913
1255	20.56702828217749
1256	16.373992066862353
1257	17.774503555184552
1258	19.570151195366172
1259	17.700012383772993
1260	19.47660646913937
1261	19.483414311130765
1262	18.94974063511347
1263	18.798373082087387
1264	19.948500299969545
1265	19.269110084133846
1266	20.411996456691256
1267	21.20968363968137
1268	20.751484784895858
1269	19.401328298690586
1270	19.47335944932351
1271	19.719061811586915
1272	19.09319020590238
1273	16.36904412758039
1274	19.66197519110532
1275	19.39789986583299
1276	19.143333362995058
1277	18.90491471835925
1278	19.54795109855335
1279	19.39481693391535
1280	19.78218407005382
1281	18.920751371806546
1282	17.61010599121299
1283	20.76950388296973
1284	20.27837654305347
1285	20.044830473673713
1286	18.31733870973041
1287	20.613017020339427
1288	17.435893110821354
1289	18.293491918567376
1290	19.824426683597267
1291	18.591173961063614
1292	17.601918464528403
1293	19.606181616972837
1294	19.474583575520814
1295	20.37343093575001
1296	18.097735404271234
1297	22.3320560324961
1298	18.552500666379807
1299	20.587803260398367
1300	17.990016401800293
1301	19.64934801222076
1302	17.997387381491105
1303	20.018229748078323
1304	16.90936399832836
1305	18.435607576310503
1306	17.132395699882366
1307	19.77280669229545
1308	17.435726090295177
1309	18.17756652790516
1310	19.076686571700048
1311	19.87687006711506
1312	19.156847810839295
1313	18.515741744764252
1314	16.627111462815567
1315	18.29504619072035
1316	19.244020600046497
1317	19.348463988541443
1318	18.824282486176042
1319	20.244268396353437
1320	19.970771771898676
1321	20.357086363334528
1322	18.495207746561256
1323	19.337244397258203
1324	19.548248102760752
1325	19.970884707022925
1326	21.046614780362386
1327	20.531468808538264
1328	17.16204016831736
1329	20.53131797488116
1330	18.13827651442237
1331	18.776224152433727
1332	20.060582864540137
1333	18.081134675822998
1334	16.52577217102387
1335	19.107008407042432
1336	18.84918668181256
1337	19.61841032708735
1338	18.351729884394445
1339	17.542545749848514
1340	18.60717698789941
1341	19.124622470148616
1342	18.758265615714365
1343	17.974371186021163
1344	18.834084657975474
1345	18.614175752269176
1346	20.714435937476704
1347	18.567979707017088
1348	18.668171251259324
1349	18.010498624351573
1350	19.458344649787126
1351	19.59690287276424
1352	18.668898745076692
1353	18.52721150939686
1354	19.065460665805784
1355	19.482057142611087
1356	18.81316828315908
1357	17.825380029453243
1358	20.010766920030825
1359	21.061999697481703
1360	17.174220955645136
1361	18.68828190650505
1362	20.229524141491858
1363	20.974576013993087
1364	17.491479213967416
1365	18.59105158169789
1366	20.33784214570187
1367	19.67837278292819
1368	15.945537117608668
1369	18.98490884277188
1370	19.437943717500257
1371	19.40879436593908
1372	20.54093738522643
1373	16.423929301139
1374	18.547612550589363
1375	17.917429842732453
1376	19.466379151691488
1377	19.67651414434194
1378	17.270066485118896
1379	19.84706686308071
1380	16.350757612289613
1381	18.76670099659389
1382	20.651198607123167
1383	18.635361898373727
1384	19.872244892221914
1385	19.7567884610092
1386	19.307492835765157
1387	18.965957120721974
1388	20.29949318300243
1389	20.068668581649693
1390	17.180860701056435
1391	18.79599668171127
1392	20.20910475515699
1393	20.05961225932192
1394	20.16348501020916
1395	21.342534725079386
1396	18.080606945526966
1397	17.296450561200174
1398	18.362071467039062
1399	18.967968931468917
1400	21.338543650782935
1401	19.95902253081098
1402	21.637543697336266
1403	18.65642464914729
1404	18.423358838088046
1405	19.15546555053239
1406	19.335801603225235
1407	18.90208378772696
1408	19.295921523845873
1409	18.324071842747898
1410	18.610843926260234
1411	20.03780638647208
1412	19.284871042613183
1413	16.611790622117148
1414	19.856084297926774
1415	19.613191074201318
1416	19.004853967621525
1417	17.044409852088602
1418	19.935578535497477
1419	17.83126885907765
1420	19.026657824628376
1421	18.607673174390698
1422	17.047470026695812
1423	20.106066967942752
1424	19.260392651043457
1425	19.9638526543735
1426	19.760879803671923
1427	16.050600150405728
1428	18.964527463958127
1429	16.730082771830943
1430	18.970074299932914
1431	20.55070443324091
1432	19.733000982974826
1433	17.349396149958366
1434	16.822383646964695
1435	20.022432822573002
1436	20.475808512799652
1437	20.46808166192135
1438	15.77709380050887
1439	21.438002357010426
1440	19.142555259399995
1441	16.28904858441092
1442	21.3366917028692
1443	19.110206917155644
1444	19.99907393643421
1445	16.860545269382452
1446	20.98350054141868
1447	19.395951214065942
1448	17.565872826025984
1449	20.305197533877386
1450	20.911254808080802
1451	17.356795006798876
1452	18.444629740155257
1453	21.026307678488838
1454	18.14109545548554
1455	19.48074565088113
1456	21.20892071660002
1457	21.46811153331049
1458	16.99162163604827
1459	18.53761351766604
1460	21.689619826727547
1461	18.270131278578226
1462	19.951297529940938
1463	19.89132783424386
1464	18.64227583669202
1465	20.09340530193552
1466	19.414681001370063
1467	18.91258098943702
1468	19.18357618301677
1469	20.49052374527419
1470	18.555721807775665
1471	19.472261599658538
1472	17.9199786002876
1473	15.319173918194137
1474	21.11942204655733
1475	18.57300354095895
1476	20.86168785542842
1477	19.081910377003275
1478	18.663126572634436
1479	18.337613544486786
1480	18.59026968317911
1481	20.262074544706543
1482	21.337616305459026
1483	19.75416402164054
1484	19.225373789000585
1485	18.942733407207825
1486	17.995506027733995
1487	21.121751399403056
1488	19.249564436761144
1489	20.347372839816803
1490	18.01822788222509
1491	20.776579309216785
1492	20.36862705287222
1493	19.880476416855476
1494	18.931662219217944
1495	19.35410817578744
1496	20.518760197447243
1497	17.486670904979487
1498	19.511996178044463
1499	18.50573425003918
1500	19.481203362732096
1501	18.17600483352445
1502	18.577836685209782
1503	18.75326614976517
1504	18.520676629509946
1505	19.135386290840675
1506	21.508217136782324
1507	18.64101275841673
1508	17.163916992613128
1509	19.56095178448948
1510	19.123866920036342
1511	19.4481567439738
1512	19.728420627478044
1513	18.645292614770142
1514	20.516363214087086
1515	20.68872040030654
1516	20.312180470744106
1517	19.287433699385016
1518	18.14688537403877
1519	21.2882055883483
1520	18.219704049648136
1521	19.64790125245841
1522	17.54290456404663
1523	19.150772067044972
1524	19.496095139956694
1525	20.173633262519818
1526	18.78120855774042
1527	20.28659467099049
1528	18.60917677948811
1529	18.284772650422614
1530	19.852707123259208
1531	20.45425683640221
1532	19.66337184722735
1533	18.65962848125287
1534	19.52112935395736
1535	19.259926046349825
1536	18.575300521872425
1537	19.619197919863176
1538	18.6466561039774
1539	18.572923837043163
1540	19.421318884177538
1541	19.496717831335925
1542	18.79882144353874
1543	20.424675445342324
1544	18.07054261646659
1545	18.43271084172788
1546	19.256833308386888
1547	18.464195855223807
1548	18.823540071236145
1549	16.927156063726734
1550	22.641570274224108
1551	19.224183815120917
1552	20.55284291443176
1553	19.450644314029905
1554	21.188352538282683
1555	20.434606600556595
1556	15.997602395715418
1557	22.39024731943503
1558	18.350242502067488
1559	18.40040174202419
1560	18.54615393861404
1561	18.80787030981992
1562	19.29560516153248
1563	17.151533915637046
1564	19.39647162702719
1565	18.250076040229935
1566	19.93569466057539
1567	18.465545944078226
1568	19.629543010258402
1569	18.29785694251022
1570	20.26187614734963
1571	19.229821127218152
1572	19.817740153844284
1573	19.676316499268548
1574	21.65231765782729
1575	19.157004995857797
1576	17.013847450865434
1577	20.682925358963274
1578	19.948604999805102
1579	20.086472518013007
1580	21.10099116725827
1581	17.919215991552544
1582	19.49240985707322
1583	18.946154686293003
1584	17.76771649810076
1585	19.22754749568727
1586	18.995945753149787
1587	18.747530818994466
1588	18.723890480258063
1589	20.50054630803404
1590	18.21601294967526
1591	17.630751336509118
1592	20.778386146167147
1593	19.362543595981062
1594	16.20116095469275
1595	20.31681519351543
1596	19.86667767789716
1597	21.15072886726131
1598	20.763801572740284
1599	18.97941390039916
1600	17.98336099741097
1601	18.817056355542803
1602	18.413824385130155
1603	18.897348885967705
1604	20.029055093557954
1605	19.053347972517233
1606	19.83762625176383
1607	17.940587678153808
1608	18.994643609884807
1609	18.132198074768965
1610	18.719911036970228
1611	19.296528267767084
1612	18.333672016900504
1613	19.49389150138178
1614	20.03228882303481
1615	20.445094154318006
1616	19.332627111537654
1617	19.545102581787948
1618	18.81589731741539
1619	17.362691536891674
1620	17.953831834508602
1621	19.94848446585611
1622	16.66774953274116
1623	19.84858119007371
1624	18.44175242041738
1625	18.72306149676244
1626	20.44525849958478
1627	18.60332913778759
1628	20.95624707986534
1629	20.734103448229725
1630	19.55034248407769
1631	20.290448111238327
1632	18.367916320828627
1633	19.340141476674162
1634	18.017196121329157
1635	17.121703475273815
1636	19.914305503936784
1637	18.636631355539116
1638	17.539437788969558
1639	20.50909551553307
1640	19.470524775783996
1641	19.43633141960832
1642	18.86784720162289
1643	19.201752312013557
1644	18.637497534750196
1645	18.961674386988165
1646	19.675908836508135
1647	19.089957978781403
1648	18.315724629063777
1649	18.897113364791732
1650	18.996039443479074
1651	21.94079734117931
1652	18.138778502988863
1653	19.319409941945004
1654	16.77979637001122
1655	18.669650456935976
1656	19.604575401448027
1657	18.626132764273322
1658	20.03967656980002
1659	19.16563234456061
1660	18.457544343470957
1661	18.702998583368025
1662	19.488690669074447
1663	18.786507805253304
1664	17.530275899624645
1665	19.6953975482896
1666	18.70728340013305
1667	17.158989646603974
1668	18.584963610952606
1669	19.774510613821413
1670	16.13233943889218
1671	20.429914740158278
1672	19.60969050437054
1673	19.33837571002805
1674	18.097521151603562
1675	18.767533774986457
1676	17.965427299784597
1677	20.363497279879407
1678	19.11455879025113
1679	18.330015032272378
1680	18.13200343915735
1681	17.932465191230083
1682	17.351646841762967
1683	17.71496362173844
1684	18.500592260143
1685	18.41045800124452
1686	19.365293014825006
1687	20.04767828584181
1688	20.072269156164257
1689	18.5658860740067
1690	16.62571677675427
1691	21.710146664716962
1692	18.55269938414722
1693	18.369836666496308
1694	21.496396116145576
1695	18.640562138965887
1696	17.61851565090215
1697	18.34602972149209
1698	17.89055861095155
1699	17.821373131699286
1700	20.602220022881788
1701	19.15784474470232
1702	17.86040987065062
1703	19.36408978226391
1704	19.257619840895583
1705	19.344614086738513
1706	19.24735950843381
1707	21.745969063942677
1708	19.535483462028967
1709	18.699361681463888
1710	19.233429374648548
1711	18.307567937909578
1712	18.90540449807169
1713	18.800547692669653
1714	19.086388274741086
1715	19.593035321770127
1716	18.587614655048984
1717	20.791166301422333
1718	20.066665710698764
1719	18.78818106136902
1720	19.404860167681804
1721	19.327621568665396
1722	20.212238224808143
1723	20.702409787981235
1724	19.647636341429862
1725	19.648073497546367
1726	19.232950283018383
1727	20.72728083405256
1728	20.90707075379499
1729	15.594505400969094
1730	20.16714601106978
1731	17.13040899949377
1732	19.877420773153215
1733	20.28045014706257
1734	20.00546833042156
1735	17.743564968565153
1736	16.148422946471296
1737	20.174263726997907
1738	18.09755764725394
1739	21.39313201453815
1740	17.728980612090687
1741	16.94065072840716
1742	18.761232757056515
1743	19.34640608132072
1744	20.21270479727952
1745	19.969150836046087
1746	17.06601508405128
1747	18.968823093960832
1748	17.683216808958683
1749	18.76012855651638
1750	21.032091840089663
1751	18.495294854496088
1752	19.553454090476535
1753	17.721738863161875
1754	20.512640938496528
1755	20.33681572263657
1756	20.32537753545381
1757	19.974286955927795
1758	19.319804355008245
1759	19.12473478897188
1760	21.539377353665085
1761	19.485776686273447
1762	21.475326257649094
1763	20.567546648392995
1764	18.47053820009082
1765	17.855758516011075
1766	18.027793420289154
1767	18.582909904686016
1768	19.63060285534537
1769	17.77965348460197
1770	19.574605667975412
1771	20.560481887203768
1772	20.104212456355587
1773	19.05241237685369
1774	18.768620241392934
1775	19.008225912589758
1776	16.36118387028776
1777	20.32791565275797
1778	18.84566005561318
1779	20.87950368883632
1780	20.986132688966144
1781	18.064229760123716
1782	18.257336738550688
1783	20.185990110595238
1784	19.56511227355373
1785	19.300090481706118
1786	20.607182267772316
1787	18.205641153779858
1788	19.306070495775327
1789	18.126837012246014
1790	19.0146235255952
1791	18.408209114345066
1792	18.289176502884743
1793	17.01127936617556
1794	20.635844260871007
1795	19.829561719323166
1796	20.38183773173034
1797	19.143717301282216
1798	18.91926769636824
1799	17.464998346374948
1800	18.872615702518658
1801	18.11823311082319
1802	20.250719420896232
1803	19.085140206634033
1804	18.289375394958704
1805	21.266995975743047
1806	18.43420007877844
1807	18.92050790913337
1808	19.243375277192687
1809	18.429380155191396
1810	17.530317092971096
1811	19.23628439815857
1812	18.948454416645543
1813	19.139724745807197
1814	18.356918334005957
1815	19.724239376073694
1816	20.324171354218077
1817	19.48245219204721
1818	18.311683232997726
1819	19.44928432126902
1820	19.3956320967492
1821	18.68405032423383
1822	21.248210368752055
1823	17.721492627123855
1824	19.238572145069263
1825	20.922159785908764
1826	17.59870599576402
1827	18.97215983926878
1828	16.897499326396897
1829	19.18594385487416
1830	20.14848126764849
1831	18.343484633496224
1832	20.029301891860822
1833	20.30285251398365
1834	19.33821454599744
1835	18.210645213930142
1836	19.07812459118098
1837	19.403593527346235
1838	18.09543957770409
1839	19.805417690951078
1840	17.42561592727118
1841	19.434457187670507
1842	18.097955244618493
1843	19.538091917362316
1844	19.723456383000013
1845	18.771580650078384
1846	19.375269271810804
1847	18.811978160857265
1848	20.677219789877892
1849	20.12958618196193
1850	19.173615210547737
1851	15.656789024889198
1852	18.21785939274991
1853	19.01719538892599
1854	20.609033704694998
1855	19.441427543274283
1856	18.391772701168982
1857	19.35393415807979
1858	20.868363562467913
1859	16.4820120873225
1860	17.868396053364695
1861	18.917430127138438
1862	17.552617371986717
1863	18.34934300957893
1864	21.651210973082463
1865	19.36929418274766
1866	19.009505565814226
1867	17.13598345877164
1868	16.406592354823484
1869	20.24750943106327
1870	19.064915205867983
1871	18.95224087501833
1872	19.016771452290698
1873	18.9232574230218
1874	16.326177828396403
1875	18.414065688432938
1876	18.21674105154786
1877	20.50069472389778
1878	16.93630001072263
1879	18.74547567849225
1880	17.613002503583797
1881	19.143207780912423
1882	19.071021074055924
1883	17.08421436733814
1884	18.047278084444354
1885	17.315679962528854
1886	19.133487622387886
1887	20.425512057817276
1888	17.939176217110997
1889	16.572754263451433
1890	15.714075647895909
1891	22.668654589852014
1892	18.65187407327458
1893	19.481625096097908
1894	17.88742525088515
1895	15.478810010438414
1896	20.730784528879607
1897	18.90471262002378
1898	19.937627481017504
1899	20.859303272342153
1900	18.34778660855308
1901	20.583351394271325
1902	16.13394376731729
1903	17.9989637243
1904	18.377725053949852
1905	18.89496090874786
1906	19.014690897813846
1907	19.90722201029841
1908	17.996698237397503
1909	20.727296781153147
1910	19.131182042756475
1911	17.011064288787455
1912	21.308673899272016
1913	18.725658220739298
1914	21.513888139010625
1915	19.45403925781171
1916	17.54905926752424
1917	20.96890657670095
1918	21.086177558952006
1919	20.00766855303031
1920	20.213759293992684
1921	16.270887391704242
1922	18.643608076463234
1923	17.894137076321332
1924	18.950177432143956
1925	18.238327749620822
1926	19.982420356526713
1927	17.88565168839837
1928	23.425001545723838
1929	17.836348385781687
1930	20.692037057975234
1931	19.222280653602144
1932	18.211711774348853
1933	19.338899855025836
1934	18.4631102973307
1935	18.136856329540652
1936	18.74847829223429
1937	17.51582236468792
1938	19.127829440854654
1939	18.58741177701443
1940	20.7478890508184
1941	18.52673972588489
1942	19.435575711859347
1943	20.40508054309713
1944	19.974764515439496
1945	18.031666477173896
1946	18.130003954740243
1947	20.418780811291573
1948	19.013226820422975
1949	17.825661715803935
1950	17.0989101009769
1951	18.4623588014261
1952	18.204684035841925
1953	19.448492046093968
1954	20.019949066631685
1955	18.825234091599278
1956	20.720168168859477
1957	17.68311821157606
1958	20.650390165758875
1959	19.006823461255223
1960	19.758609070446163
1961	19.23320141550842
1962	20.42708212544944
1963	17.836255567457357
1964	18.316369641141648
1965	14.540414077140547
1966	19.041190647720466
1967	17.353079438175754
1968	18.350315107652925
1969	18.758566434982555
1970	17.433382814361412
1971	18.64887369923229
1972	19.22778650184403
1973	19.860260775400643
1974	18.948911413814525
1975	19.9805888551418
1976	18.28855173019506
1977	19.480055819763614
1978	20.397124729169132
1979	19.210812112840358
1980	18.08794857689228
1981	20.5549069309011
1982	18.870583020953426
1983	21.0291514770853
1984	20.361400300748684
1985	21.00528091707882
1986	19.075404389240582
1987	19.98152756217258
1988	19.725723669634444
1989	19.785856001563126
1990	19.570086344943892
1991	17.05940762206658
1992	19.919881599184897
1993	19.965404148819378
1994	21.288717876875037
1995	14.437249981661685
1996	18.933395631076465
1997	19.568828826276206
1998	21.004867107374594
1999	20.00236833853465
2000	18.23168670555272
2001	18.926725182107962
2002	19.181463648078147
2003	20.76816301926395
2004	16.67603581525781
