6	15.744963420183586
7	23.81242289648459
8	24.082805190379737
9	18.65651227040732
10	20.230676993374743
11	23.218878543890952
12	20.05385952209869
13	16.693571668132893
14	19.433239077604533
15	25.317406870856384
16	24.528234507982035
17	18.666647892584248
18	21.895790028263235
19	20.44880376866152
20	17.947940897537624
21	17.822908880587462
22	20.881580629690784
23	21.083588064272355
24	23.05410334180466
25	20.38894303295025
26	20.000444977608495
27	25.82547753027885
28	20.800650790231405
29	20.38316813536114
30	18.401129094585727
31	22.925122163501094
32	17.479968525272852
33	19.864992012263098
34	26.443426873425537
35	24.56495272455147
36	17.996368614832107
37	21.424945722326406
38	17.70594970607659
39	21.98734858671491
40	18.185611934278402
41	17.586994167127422
42	23.190479623248592
43	21.30415461910095
44	19.93366361575879
45	20.55840358469941
46	18.882457474023237
47	22.1068574206159
48	17.64220719016069
49	21.680526981556046
50	18.769262375464617
51	18.8364126922748
52	18.878103363632423
53	15.762524536987316
54	19.79170067238738
55	23.543898703246388
56	25.883108234744213
57	24.142156511583416
58	19.00669784061777
59	19.78206895241382
60	17.871337561456187
61	21.512339215191812
62	24.6959260089734
63	22.06170655725331
64	18.331334335980944
65	21.938959220514896
66	20.651219522507017
67	22.55512253127685
68	27.295193412447517
69	20.9924709317002
70	20.35591047752609
71	20.203045395478224
72	19.364754790119804
73	17.728626640451516
74	19.288693940765917
75	20.900232419570383
76	18.77287119517236
77	18.4143090072981
78	24.12275891398916
79	20.843544915997292
80	18.32596800220757
81	18.616424053176843
82	15.016639157853898
83	19.443728615379136
84	18.980474051597827
85	18.11820604341259
86	20.739129203460678
87	19.17082090182726
88	19.714080427230545
89	18.393794396150042
90	25.24291567370173
91	25.20079024228568
92	20.20710881549551
93	23.620309652743646
94	20.291919388174154
95	19.873102505003207
96	20.190501447489666
97	20.060098653177647
98	20.29383291825974
99	23.98319558603166
100	21.340965576217155
101	18.892641962631266
102	22.85958777956335
103	17.897444181548828
104	20.377118176705213
105	20.03926157574345
106	18.332095612300776
107	22.516515658988144
108	21.491760899664467
109	18.294716501950358
110	25.08923214775612
111	18.6052056017107
112	20.56107178124534
113	24.523046081705616
114	20.505051508589062
115	21.337596943784273
116	19.25574761973118
117	17.99450308419674
118	25.65044345491931
119	19.00708320298045
120	23.450304521506897
121	20.55828830357153
122	21.276801112788117
123	22.436628724415584
124	20.386375052159625
125	19.358233598075223
126	17.887227769835363
127	19.025934702246058
128	19.168167936939653
129	23.861945957009755
130	22.583017807120296
131	21.88617033557358
132	23.445589935970286
133	17.565941735171872
134	17.72443669090824
135	20.143973100199624
136	21.518806067752216
137	23.992761747069178
138	21.81732173792769
139	20.300940389607852
140	17.711950279224027
141	20.510034033692634
142	28.56782994485179
143	22.90664047569305
144	23.2460683345233
145	16.295382853522486
146	22.30211900440962
147	18.875412664099713
148	20.129409501219925
149	19.381570737268873
150	18.86764217182221
151	20.392956889281777
152	17.772067481567397
153	18.34220260514306
154	20.045393769371003
155	20.680937861118654
156	19.993341515135324
157	25.85773423835935
158	19.74351861881521
159	21.99872517730198
160	26.637305928155076
161	21.216395462552153
162	19.412019006044527
163	19.31345726005337
164	18.27556379953048
165	22.13254602345017
166	19.141158767593943
167	19.57719150657522
168	21.94555106224919
169	18.316794865969502
170	20.343281702848618
171	19.74702177660359
172	24.929590460397627
173	26.02172933183602
174	22.528306516934247
175	16.647438337596405
176	21.305918119774528
177	18.64582956790362
178	21.69012708390882
179	26.417649152069128
180	22.935349595862633
181	22.501895140896828
182	17.419584193239412
183	20.918638532442387
184	20.236876079786967
185	20.546894083395213
186	22.7224862168425
187	16.93465521642065
188	22.99996449788852
189	19.007830408839585
190	18.510786091686377
191	21.62810619371939
192	19.014284119250313
193	21.618337991342415
194	20.207349381870483
195	28.67224976547212
196	23.60063632006482
197	18.741335917749176
198	20.12634672792154
199	24.10162984683605
200	21.1164166412968
201	19.50712688746582
202	23.166431136463668
203	19.805681729964817
204	20.185729186410693
205	24.955277172658366
206	17.721335063170013
207	22.41398532698513
208	22.653694770877888
209	18.508961003400326
210	22.00960448146207
211	22.784947744814968
212	20.29517472047074
213	28.975535079378353
214	21.478654885244012
215	23.81550728025195
216	17.28526553546817
217	32.98785687334611
218	19.913630680970858
219	18.285599054053876
220	18.355234354579945
221	17.676181007660908
222	22.379933061308375
223	20.20799507960142
224	21.76821227342104
225	20.410170768585303
226	17.927172250013584
227	16.570419847716575
228	19.723616554024073
229	24.335278365837127
230	20.797882146368202
231	18.696165835363285
232	20.125026764488023
233	18.261394380542658
234	18.626229033645828
235	24.777452032213304
236	18.789785596770344
237	18.09363240150748
238	23.60853891063884
239	19.400573632139302
240	21.356543950549554
241	19.627190391540353
242	24.295543301450575
243	19.69422853092239
244	20.733224668044677
245	17.977828185581362
246	20.382981537526764
247	19.330178183310014
248	21.44629780409565
249	19.109855422992208
250	21.651216217959437
251	23.444360383405755
252	21.081009017622065
253	16.879772585277568
254	19.416451131258206
255	24.145321199811868
256	19.911797434522605
257	19.74070237177861
258	19.87475272932608
259	17.947908675038768
260	26.062188389309018
261	20.94346381960636
262	19.579508527987098
263	20.527753310168492
264	29.77044709744708
265	23.57008192837303
266	21.96922184595119
267	18.521992755346847
268	18.85885395793102
269	16.730006962647536
270	27.390838115427407
271	25.355333123974074
272	21.15200778190451
273	19.79877230150639
274	19.99033512075593
275	18.52216791338548
276	20.23942331208865
277	20.449820179828365
278	20.592997706139652
279	21.622184234301393
280	21.679858547141915
281	20.20796170793862
282	20.08069619754019
283	22.65535931142998
284	20.49156485980473
285	18.110118963879476
286	23.494683647243633
287	23.44307196391851
288	21.661013976349043
289	19.543584801926638
290	19.3545536736049
291	17.506133760745538
292	19.13261827991704
293	22.58819152535432
294	20.25059357794023
295	20.279137331063975
296	18.460427663601735
297	24.618070164134025
298	20.628642316918963
299	19.142060011525807
300	19.93740994878776
301	24.075441560113525
302	22.879456538838795
303	24.350538260810676
304	21.29696301385501
305	18.043512402477344
306	27.423882928781335
307	22.163170672824307
308	22.06201126131094
309	20.3666125567577
310	20.63618952606062
311	24.383460330564827
312	18.296879534931062
313	18.34723421618158
314	17.573962238129127
315	21.674793857175004
316	23.39214244581765
317	20.847630848905478
318	17.85073550274145
319	21.2550791671583
320	21.729804059481893
321	18.818901736058372
322	23.892051490117456
323	17.021122975841124
324	20.10102253703517
325	16.968881761238404
326	20.1252065757566
327	19.14382855705723
328	18.296031999571355
329	18.474049128175892
330	18.3180806828362
331	19.197892803704413
332	24.560223020596563
333	23.391298955766334
334	18.607379354984356
335	21.51509987988869
336	20.30253066084168
337	27.01523826828634
338	18.276914782968994
339	23.396017174981388
340	17.029689315699216
341	23.964140795035146
342	25.001539821353656
343	18.426198919714402
344	18.835013009073652
345	22.20578020021765
346	19.28317945717736
347	22.971247693622804
348	18.645573712389083
349	24.871640812854025
350	21.148036092637938
351	19.031054583230677
352	19.29948992412715
353	22.137260230112588
354	17.960158363611246
355	18.722395445554557
356	19.01510317413994
357	24.289462514191445
358	16.890127670132586
359	22.6611784438622
360	20.057941834601973
361	22.00854102153001
362	20.13712869546256
363	19.55672263718325
364	20.445860784307165
365	22.686958660168404
366	24.628831060844153
367	23.101514080131892
368	21.652413351898982
369	21.858886722386217
370	17.367258019652
371	18.370578205629137
372	18.65737682682502
373	20.86900726831194
374	18.76713590821736
375	18.847282090739316
376	25.952775880054105
377	25.931012964768907
378	21.469065274700654
379	21.067364193523783
380	18.991001265399742
381	24.863976059409183
382	22.588994589665106
383	19.07728766111276
384	18.618736544588216
385	20.020439643528363
386	20.315206946084313
387	21.186662109656027
388	21.52699173366917
389	20.44643718757351
390	15.743684377605817
391	20.55332400727008
392	18.32223659306542
393	17.83281035386705
394	19.894458939411443
395	21.203970228286334
396	19.490195794860014
397	20.33918403406061
398	22.566215007685624
399	22.128682094537588
400	21.58886923524551
401	27.9119268531469
402	21.285090602063253
403	20.57111662544701
404	21.225426181742147
405	24.29658676277849
406	16.878901866019124
407	18.996213308284254
408	22.199694553201763
409	20.548558768605787
410	15.949275086529386
411	20.69820151481786
412	20.302600565518755
413	20.666193290702246
414	20.58907813296649
415	21.283214916913494
416	18.787007588981037
417	19.668260512989946
418	18.852593106544088
419	20.109047293444963
420	19.744317182314504
421	19.55611384692173
422	16.920985463445902
423	20.262061906655305
424	22.48193777661072
425	23.294006745652844
426	19.825213175922258
427	25.11294706982638
428	22.261236634693695
429	20.031580384966748
430	18.27248039459704
431	19.739174682409764
432	18.750091429488386
433	22.701199210699027
434	18.166361223482767
435	23.003799472439503
436	19.29069523715434
437	23.59135681133977
438	19.548622114264937
439	18.491260715601836
440	18.815766681764217
441	20.476227422086325
442	24.95736781832106
443	18.99471127253418
444	18.298678990793338
445	20.222144663275017
446	18.170004692163396
447	19.141380315291016
448	18.515177932613696
449	21.627017688055478
450	19.808953849461297
451	23.69032205201802
452	20.913015159048122
453	19.097186709361864
454	18.429671948192
455	20.51174367378358
456	19.72208774588459
457	18.762016944010696
458	21.728654665063722
459	21.11464225577969
460	19.539210612690013
461	18.070975559144195
462	18.621026492307653
463	23.266417773211597
464	22.23938355480292
465	21.43750702084107
466	19.039333042327378
467	17.651902987710855
468	18.54436364378932
469	18.319719243333868
470	18.70494893637436
471	18.6382219880928
472	17.913629729640146
473	19.11558669898659
474	18.827895239724533
475	19.396755285111297
476	21.339322799171523
477	21.529304959879955
478	19.772182041124015
479	20.37323169825322
480	21.621761294214032
481	16.504824949860403
482	19.2721555442417
483	20.504121912095105
484	24.71347313232808
485	17.73665766114629
486	21.634715213137095
487	22.11587815628531
488	20.051982673477003
489	19.044994000593707
490	19.211396720922195
491	18.992265485776848
492	19.033727229652758
493	18.77381134897401
494	19.030059900222113
495	21.43177573797638
496	20.249586524096472
497	19.99866214190461
498	23.22752217914547
499	18.622025102447516
500	18.289036824089376
501	24.503811209267536
502	20.014600153500652
503	18.947083965011682
504	21.17845237246282
505	22.96139629302528
506	22.574434742188224
507	20.78811071139014
508	17.52824630826725
509	21.18793673516484
510	17.760656175972503
511	16.355280212729536
512	18.484787500179337
513	23.33243419533074
514	20.647185659240737
515	20.691839057575997
516	23.095888174116883
517	18.406469518453857
518	19.470621297908522
519	22.951718212175184
520	22.10479438268857
521	18.942199443762235
522	20.52358891937426
523	20.216509184316966
524	20.471689639266316
525	19.193261957360487
526	21.751692424833617
527	18.3665825028549
528	27.071771844611725
529	24.628229596127124
530	22.787962979834994
531	17.63766399286728
532	31.32679957496849
533	24.32351578112436
534	18.688331204900432
535	22.347709419481504
536	25.717469570978817
537	19.139548324689862
538	18.95556461749154
539	24.690452996368375
540	17.83016139992767
541	20.731354583952236
542	18.89078738742021
543	19.61081495604974
544	22.390742571007863
545	18.57827610197322
546	22.46449665951712
547	19.584534258808635
548	18.95657586774958
549	18.499108273265797
550	18.711962935498118
551	25.824766456090323
552	22.923274704351332
553	19.00526738448968
554	20.266691795023732
555	25.27030481387056
556	20.247542048639417
557	19.791189009050036
558	19.055460076335855
559	21.99098811469351
560	20.75151915252773
561	22.32528995409832
562	19.17938160982781
563	21.386712295515462
564	25.517395985141665
565	19.2689398673525
566	18.317378622019994
567	22.85361138055593
568	20.56476250831673
569	23.3041748370079
570	20.707572967688215
571	24.05077916146722
572	22.561149671728227
573	18.782479921690538
574	18.364220810035846
575	21.171124030660163
576	21.878483450816855
577	24.959681276846318
578	18.491662034442804
579	20.325791067305047
580	23.576827992362087
581	20.488235981228424
582	18.93556981280905
583	19.885800019235415
584	23.57830678967418
585	17.602371560819726
586	19.95352204968182
587	16.45795560932068
588	21.635646696239945
589	21.90646623395841
590	21.12116253137527
591	21.583156508109603
592	25.189590169638844
593	18.618595434956
594	19.373611350105783
595	23.12966747849714
596	21.725138915019848
597	18.866019676578347
598	19.926806694590578
599	21.011574967062987
600	17.69807036622511
601	32.45014635494917
602	19.40017057903672
603	23.889752788313377
604	18.802002025542922
605	18.090296318650484
606	28.412525498748185
607	27.92214783879768
608	19.25116492171184
609	24.484610790580447
610	19.435384794166474
611	17.627743239559113
612	20.50456261366366
613	19.516571442305576
614	20.703152517478735
615	24.200517043797607
616	18.711394555788438
617	19.71820810856754
618	20.63346432949094
619	17.252092786804536
620	21.812251745103797
621	16.724199932075177
622	20.87465467614731
623	18.240499587093446
624	20.819159262742687
625	19.324532655495304
626	26.621689647720004
627	23.23309398959053
628	18.74285335137221
629	29.48162673218176
630	23.318730768612586
631	20.97200987234634
632	30.012859185811763
633	20.100427647703327
634	20.97222062397257
635	16.048825467638192
636	18.826564520633948
637	20.207320743984383
638	20.890169866319578
639	19.4085033726277
640	20.223740372593966
641	19.106736719126015
642	18.823505426711606
643	18.9055558914899
644	23.263012869579445
645	21.02379379023693
646	20.62025384547545
647	21.052028801403306
648	21.431407150677256
649	17.68806482407187
650	20.936287694300738
651	20.046563783596586
652	20.426609879967078
653	20.812042476682524
654	18.901295320662516
655	17.943839311343616
656	25.66156577520305
657	21.142226312600542
658	20.32369880018629
659	19.194724425690357
660	19.91317428613729
661	20.282133030614137
662	19.812682240287792
663	18.77461671077137
664	20.18334410893537
665	19.662562712927922
666	19.416937202338886
667	33.60850384197904
668	22.05379997407947
669	19.33954210149435
670	20.104667757126514
671	22.92974834475406
672	21.229524577787007
673	17.978430770277434
674	20.682997221790924
675	19.977174314314638
676	19.24707508909363
677	16.634888864206996
678	18.464911837565502
679	20.61735925270118
680	19.857921289631065
681	17.630169002578924
682	19.77598907031775
683	19.8293475533818
684	18.964733144097117
685	17.976211915885536
686	19.444452999188247
687	19.136965120811702
688	18.98916120688054
689	20.177438405295426
690	19.934362516298513
691	22.09481849661726
692	20.919541757020603
693	25.199463853936088
694	20.068520064473567
695	19.474667822656805
696	18.960878413526512
697	19.878391527025666
698	19.288069883674634
699	22.46396824144127
700	21.605517215992034
701	18.83631566682633
702	20.1636282032378
703	21.89695407884997
704	17.4255106603743
705	20.68715080052941
706	25.433646810056594
707	19.852704999619164
708	20.18134097444318
709	23.392017511145042
710	17.75199176406497
711	22.129682308367602
712	19.91159192314588
713	21.053425585753136
714	22.26089570203557
715	20.960784153502363
716	19.37384403174789
717	20.147040825726
718	18.396022356916607
719	23.094440360708205
720	20.590003436608598
721	24.45257118369675
722	20.83150431414929
723	21.486950126259426
724	18.21900553454517
725	17.719881385594586
726	19.808538919752685
727	18.95291607716903
728	20.429255746228442
729	19.417031476250166
730	21.477422723673623
731	27.985125096062696
732	18.850191522116
733	18.605439696210883
734	17.386984725631514
735	20.658729051650013
736	18.950697009213314
737	17.54497502205612
738	18.774349826697726
739	15.599711266930777
740	20.164082522532254
741	21.643945402750084
742	18.96885780958031
743	22.506072390296342
744	18.351237170398235
745	19.870180354329314
746	18.05053523967241
747	20.125299443450785
748	20.571623282456002
749	31.217664740414843
750	20.659140472349215
751	15.763859463790649
752	20.199564305694018
753	22.119454632590834
754	20.448242615913674
755	19.263368344610804
756	20.13233282654063
757	18.40287779683375
758	18.230821253216934
759	21.293639313492115
760	21.284953407926
761	21.332100931189913
762	24.17253929055678
763	25.932197573191175
764	19.585991029709916
765	29.82518116665395
766	20.195996108920856
767	17.132630906644323
768	20.508999046804092
769	21.217102412185024
770	20.040739504795813
771	23.44602515237441
772	28.481918096302472
773	21.93234243632601
774	17.966937393361228
775	22.000754507624958
776	19.871768732556784
777	21.877891627284633
778	18.971529291148975
779	18.232671946117303
780	18.337952592233812
781	21.138416588897574
782	19.27950464032421
783	19.73248100975851
784	21.2375927091809
785	19.12919652637327
786	20.894663814672228
787	19.878732037909018
788	19.70299722866233
789	21.858150683819343
790	19.129048214414745
791	22.056150749239638
792	21.08386898306989
793	22.343910757508066
794	22.384521973063933
795	20.983040882163912
796	17.763612019426215
797	19.465096628427148
798	22.55076755076253
799	21.03659960303357
800	18.085492614894438
801	17.881681060361377
802	21.270540509506827
803	19.20219361870217
804	32.567775115228464
805	18.25580715499139
806	18.770299528750392
807	20.15618197449349
808	18.25682509477752
809	18.462657554704172
810	17.472778649327598
811	18.337535257417723
812	25.35856631377198
813	17.9632873670872
814	19.29152294517441
815	20.621413466073136
816	24.344200901544205
817	19.603230288916773
818	21.05859830816509
819	19.473940440558525
820	18.654931985052826
821	21.138547845631688
822	21.342113996187237
823	17.979365198595882
824	20.150262738570156
825	19.56883691758962
826	21.49353647544732
827	18.708335693374696
828	18.213396760440382
829	18.41614912066628
830	19.166766308138218
831	16.99065499723864
832	19.522405889533534
833	19.651968706663077
834	19.025220750438166
835	22.959353979610437
836	17.226102594670127
837	16.888227443041007
838	27.74933113780765
839	23.55123576425637
840	23.908256242948504
841	19.150914340971838
842	19.35815115927641
843	19.257894894416413
844	24.828575905216645
845	17.547337235696613
846	19.52188802781304
847	18.33754979146721
848	31.10268762477312
849	21.307160675778263
850	17.202218159196025
851	18.383731054580615
852	19.315139195664738
853	21.192959940998264
854	19.296165794498506
855	25.54219849758237
856	19.05035250198771
857	18.36106278681281
858	18.18886239118001
859	17.514410016222392
860	18.66122112850814
861	21.54980889167178
862	20.635447180487972
863	19.105716565147304
864	19.491412162713598
865	20.00245567440288
866	17.62022156950139
867	20.066297342442855
868	20.584307280922417
869	20.686767890992417
870	18.05814511659555
871	20.05061265090961
872	19.421889375615564
873	18.048924899244835
874	21.743309146509617
875	23.513943855997198
876	20.281329134034397
877	19.875691582034694
878	16.09690950927077
879	24.238133935279816
880	28.43577892173886
881	18.84580162056553
882	18.338605663125318
883	17.000100349422105
884	21.47100244651859
885	27.183723083589687
886	21.280793364788405
887	19.523479116503864
888	18.30011650920561
889	19.472605925605166
890	20.210080391624235
891	19.54769902178126
892	21.089993673922052
893	18.271951206853277
894	20.20158816826273
895	19.16755599861436
896	23.0498641181113
897	17.520156184178582
898	19.255921092260785
899	15.052956550616987
900	23.33302365729089
901	19.542248146750286
902	17.068491841706315
903	18.59209013072347
904	17.864041112289257
905	18.97370146476273
906	20.452964932021374
907	19.41261870648765
908	20.787671863789793
909	20.394332272302478
910	19.17738344857083
911	20.124737019335285
912	16.949938078149636
913	22.473676169174723
914	34.764397273300666
915	24.225603683597
916	16.794771961069532
917	20.020633312526236
918	18.95522655703573
919	20.013780056892863
920	21.745961897271822
921	19.846049005318143
922	18.713301485295986
923	26.5230954237735
924	19.072191421570004
925	19.083502223612
926	19.33893712572542
927	22.16037171784873
928	22.688708411541075
929	17.97835048700023
930	19.855861816247852
931	18.33963187224478
932	19.748522934483223
933	19.829639876496092
934	16.125947033711512
935	18.754853789779148
936	17.050156531939923
937	21.600790669266583
938	28.629656627824684
939	22.41131790132298
940	30.88957180885107
941	21.129744503765547
942	23.667726508721344
943	19.49385066727393
944	17.614792284700087
945	21.33963629981637
946	18.371633493795525
947	18.27193689781495
948	18.752312691461366
949	20.52189586162388
950	20.14813616848755
951	18.567318556900457
952	18.321629309381418
953	21.41444670057972
954	18.2473906731233
955	18.60560113141934
956	19.736781706438176
957	22.301489264741708
958	19.866597571893276
959	23.353611891870113
960	22.10722424947714
961	16.03839553500681
962	21.874716179626475
963	22.711136967873124
964	19.25569294914721
965	40.78155759960899
966	19.108443710893027
967	21.89413951465084
968	21.263246683921253
969	19.60603808491406
970	19.9917447947606
971	34.09286653862594
972	18.501429192777522
973	19.460232899768744
974	20.227873131294515
975	27.309478273466905
976	17.749925664162827
977	19.091229378604456
978	24.198406346495773
979	21.11069806807427
980	19.74422640251064
981	20.5419866895514
982	23.649876397260478
983	21.481102606043518
984	24.027911778265842
985	21.756496125592093
986	19.094672000070567
987	19.552230197796597
988	29.015204279318763
989	18.464447584208756
990	20.634453185715532
991	22.293737195765015
992	18.946941910701437
993	22.076490674656817
994	18.020656813207705
995	18.755084258150045
996	23.73487945465226
997	20.4776318309226
998	19.6116288688893
999	24.580156346995086
1000	19.17581593708167
1001	22.152055432307392
1002	18.774642181992142
1003	23.271800655119407
1004	20.493386508900826
1005	19.1732688776101
1006	18.21769632292994
1007	17.935760915973724
1008	20.149592010793572
1009	17.702945654887785
1010	21.240536222976957
1011	23.21730074161422
1012	18.016037027992983
1013	20.830963807074504
1014	18.952957971698684
1015	18.693321784141574
1016	19.44100413348123
1017	20.049161011480965
1018	20.589780689874335
1019	20.532093348662304
1020	21.691973717384055
1021	25.86637815998431
1022	17.19891020465577
1023	22.269383862618106
1024	23.22702242049317
1025	22.726626859277875
1026	22.114179045363443
1027	19.155514558911435
1028	22.737445605229816
1029	20.333852154137173
1030	21.18961097376846
1031	21.41391917464652
1032	21.347975752967713
1033	19.651129407609705
1034	19.76089428703826
1035	20.429047845379436
1036	19.664253389471646
1037	17.978435894530065
1038	20.403983933089705
1039	25.873357175780804
1040	24.579925095182762
1041	20.615808698249623
1042	17.010607323267322
1043	19.731460569432766
1044	22.027741242189222
1045	20.91904295078469
1046	21.066741749820665
1047	19.896141173073033
1048	21.66775991694047
1049	20.579208205816993
1050	23.56694992029338
1051	22.504765204993024
1052	22.69336844397628
1053	21.502565729902372
1054	19.000912580480023
1055	19.92304585787157
1056	18.74493358803526
1057	23.105240307798464
1058	18.6689532778864
1059	18.76917262012915
1060	19.32755792007751
1061	20.721434466610983
1062	24.647860009833927
1063	23.547697077081487
1064	18.510250798381016
1065	20.397045845518974
1066	17.643260535035683
1067	21.021675432793565
1068	18.90088038199206
1069	22.037351422796718
1070	18.639098396001714
1071	20.668104028128536
1072	18.749728994349987
1073	18.476359676075816
1074	16.647897734742692
1075	20.005879396247717
1076	26.62834202528595
1077	17.807108571316878
1078	18.3862216091324
1079	19.793878903804387
1080	21.088825937523914
1081	17.5832512316944
1082	19.48947001691872
1083	17.305938559576557
1084	19.487924616231716
1085	25.25977155629036
1086	17.731181178358383
1087	21.11037878515587
1088	20.01695608167801
1089	19.554686101278428
1090	22.17566381370435
1091	19.14218491028323
1092	18.57456676879883
1093	19.00124204623219
1094	20.115825317381738
1095	22.259566048996547
1096	19.897738907122985
1097	16.77166548407478
1098	16.68527527588815
1099	30.236522967560273
1100	17.779612591454022
1101	22.371700240059983
1102	21.1293510923977
1103	24.541780697694776
1104	24.8496314041804
1105	16.47509064617554
1106	19.361891575217204
1107	21.000030209415605
1108	16.6210901184318
1109	20.897426043798024
1110	20.512552187607533
1111	22.548675458821833
1112	21.116725559591252
1113	20.666544920924935
1114	26.620672707520427
1115	18.340232185161828
1116	20.87425305366223
1117	19.88779299717862
1118	21.796663676024764
1119	23.308787876467125
1120	23.54433046719427
1121	18.61459893110253
1122	20.060038003475906
1123	19.694169241952586
1124	18.773906768229086
1125	18.290062468301038
1126	20.382565008933195
1127	19.148075825087876
1128	18.233988437076036
1129	20.194288505544392
1130	21.05354303085584
1131	20.661163253590974
1132	23.234218122831113
1133	20.7929005436894
1134	18.543482360940498
1135	22.044229751778765
1136	29.142383199432075
1137	21.899411327015454
1138	17.480790207511745
1139	18.72192197083148
1140	20.253360092639923
1141	18.54954662316831
1142	20.922094153577927
1143	24.711882649988613
1144	19.800310599947792
1145	18.836838325149646
1146	23.16613709680228
1147	31.371973384605635
1148	20.538653913617008
1149	25.082298601777957
1150	19.97107269674436
1151	18.441815848954402
1152	18.517866507940926
1153	21.522734849721505
1154	22.168205740505293
1155	18.379961752155353
1156	20.59792785296616
1157	22.092815497761535
1158	19.575994572345703
1159	21.452914840973744
1160	18.92191877675322
1161	21.405948493671772
1162	19.748342264443636
1163	23.638624773209266
1164	19.350105124336825
1165	17.66954400940643
1166	20.447170777195424
1167	25.55938025914328
1168	19.504579746830977
1169	19.698616884444192
1170	16.928637102426727
1171	17.782540147519345
1172	22.063824591348354
1173	24.154297748487444
1174	18.679437440204264
1175	26.255672781240524
1176	17.149819522742362
1177	22.020642628674395
1178	21.594124440786203
1179	24.557016743808475
1180	18.718300547388417
1181	18.842638386389833
1182	22.702834329962158
1183	19.32849224350149
1184	19.800218673687038
1185	19.96294966388064
1186	23.170516135184553
1187	23.425101642722865
1188	19.47892183237127
1189	18.32267249924674
1190	21.038427460854873
1191	21.056842041331738
1192	20.764103120185936
1193	16.81568329581411
1194	19.260117599730922
1195	19.30605962847073
1196	22.518280329774687
1197	18.003670187670387
1198	21.444573777313863
1199	19.641390408961804
1200	18.678035752715854
1201	20.801573221753774
1202	19.193013436129412
1203	19.33587153042429
1204	18.818798890151083
1205	24.03304960020533
1206	19.740469720590717
1207	23.237192953312345
1208	21.615778596020604
1209	17.170673736691665
1210	18.997974701867534
1211	20.307562976574772
1212	19.528200522242244
1213	22.649726385324044
1214	19.980755458629847
1215	22.095065513081277
1216	18.63729988805611
1217	19.8922503727316
1218	21.986752944949053
1219	23.749985909078358
1220	18.790116694007256
1221	23.233301428164122
1222	19.249168614672392
1223	21.329456641895536
1224	24.1698169115451
1225	24.454564154716948
1226	18.277140842138145
1227	17.322084822150394
1228	20.63663304268095
1229	19.51700849347871
1230	18.35946715526177
1231	20.90691114935205
1232	19.09854486229903
1233	19.98025948407562
1234	26.61278277589493
1235	23.384594679762063
1236	19.79279206669579
1237	22.268618434632977
1238	19.50944406444255
1239	24.011044064850367
1240	28.204280278630595
1241	20.20210026638233
1242	22.586169878595527
1243	25.45219753710553
1244	20.052739235963802
1245	23.676029015219925
1246	19.7982287493104
1247	18.758009074666703
1248	23.31168565493944
1249	24.31678642563476
1250	19.328720096954267
1251	18.533011204934915
1252	23.05773729728261
1253	22.238361214023406
1254	18.761712620657637
1255	21.871431924201158
1256	25.3082812177371
1257	16.068276565954356
1258	19.61904150290302
1259	21.355127503569804
1260	19.180586005454078
1261	22.00223848954986
1262	17.04022413460658
1263	19.427285162871705
1264	21.59190037028051
1265	16.82759541918603
1266	21.138253514607094
1267	19.286810022958925
1268	17.423479419303916
1269	18.677297425426495
1270	22.216221087301772
1271	20.54164590290308
1272	25.151116532234127
1273	22.09665845684788
1274	23.917417223030267
1275	18.51912681742256
1276	16.727506234520114
1277	19.23067711275847
1278	20.784768891128493
1279	21.97077917130664
1280	17.624571133992774
1281	20.867692431233202
1282	20.13040243876094
1283	18.498998524432164
1284	19.04090527995996
1285	23.526561474304316
1286	27.590258102326963
1287	18.68203266560366
1288	17.37218325619804
1289	19.770698036454046
1290	20.316861904434
1291	20.671954220047265
1292	20.197224187877882
1293	18.519815021759257
1294	23.85378487271789
1295	18.363955246987754
1296	30.198213903736622
1297	15.368860813101666
1298	23.092518247520168
1299	19.899642465407698
1300	19.79892909131013
1301	20.43804951171655
1302	18.2206896494213
1303	16.58266131556205
1304	19.958794610709816
1305	19.17529801627222
1306	22.514813367025926
1307	22.815057082611293
1308	22.64959306361958
1309	18.360503538998522
1310	19.286556399432897
1311	16.870220812078674
1312	18.46185404404241
1313	23.029874353613586
1314	21.185124193043023
1315	23.000550117093262
1316	18.89915963380428
1317	18.661744676789425
1318	19.643789573779213
1319	18.89940928237629
1320	18.36891721914354
1321	20.952416681179354
1322	20.145935884868617
1323	18.869444314642887
1324	30.643055058499346
1325	17.539522221072247
1326	19.5575700287426
1327	22.634487575416994
1328	20.17695103981532
1329	23.27950701006562
1330	21.026139877818743
1331	19.9682182893719
1332	19.983936637862246
1333	18.63543411229079
1334	18.816398606256787
1335	23.978041930159442
1336	18.020610801119787
1337	21.16137872136096
1338	19.057590724532492
1339	19.629812901516978
1340	23.760082113291777
1341	20.938683807316625
1342	18.129654190371124
1343	25.264931014530028
1344	22.961332899463063
1345	16.99829238408129
1346	20.266835439491032
1347	40.90876878079725
1348	27.939333066617586
1349	23.33993383753424
1350	21.89696697051756
1351	18.55375758715768
1352	28.66852769999502
1353	18.956242297049833
1354	24.767176098436195
1355	21.75303375161126
1356	23.253951870149276
1357	27.161559241381475
1358	22.726871914152678
1359	19.556141211974225
1360	17.57810813697177
1361	23.428745928623112
1362	16.62036849988405
1363	23.612213899243727
1364	19.343144349625057
1365	26.524673752288624
1366	20.266588498605415
1367	20.223653047012963
1368	19.369059771779884
1369	20.714440118774654
1370	23.16152145115969
1371	20.29922921563654
1372	23.020659956871828
1373	18.369366576252375
1374	20.155222189345178
1375	17.919246492758877
1376	21.318640823801296
1377	21.3876412037887
1378	34.03122930136762
1379	25.28449922692962
1380	18.76083528660596
1381	18.425721266215632
1382	22.178011762377857
1383	16.956545465579257
1384	25.669283705081195
1385	20.34133198013529
1386	21.7507792063954
1387	21.7887392994925
1388	18.65833407338656
1389	16.61329383730251
1390	19.249711328407088
1391	19.974411680970846
1392	18.9597441283224
1393	19.183089334358616
1394	22.751944751737966
1395	19.75938682471191
1396	16.892500301547557
1397	19.816502625351742
1398	19.558185739268083
1399	15.380171146997085
1400	19.116265759168826
1401	17.59252238480093
1402	18.39758222225948
1403	19.431694776000036
1404	18.36563724426432
1405	19.414603139579174
1406	19.06214287988912
1407	21.59742902296248
1408	21.355625557327585
1409	21.235648102415446
1410	21.51930194341291
1411	19.98215067394247
1412	19.141228648851307
1413	23.75653995540259
1414	19.18861105801309
1415	23.979158900506768
1416	18.93118801058284
1417	20.3325224347128
1418	19.58392500296782
1419	23.008028116319327
1420	17.729464515427154
1421	18.119612412679878
1422	20.7696683438671
1423	18.86941452715546
1424	19.838512151785704
1425	28.095092158903604
1426	22.748565489883074
1427	22.524087381680147
1428	33.03809852880982
1429	20.115913494752593
1430	17.768284660626836
1431	18.79773599664784
1432	19.1120249664048
1433	30.5569657991926
1434	21.055389825021848
1435	23.89144851563088
1436	19.368951473626712
1437	23.48836424529242
1438	29.188356828703373
1439	19.58020928601212
1440	17.263838708560797
1441	19.968045026498764
1442	20.698573770295862
1443	18.669226841259903
1444	22.141114393123036
1445	20.16972872272439
1446	23.93154838799869
1447	18.98344978737772
1448	16.652421541675622
1449	20.862614254592124
1450	20.750323103722902
1451	18.94889050267044
1452	21.06022371637768
1453	19.932538834260775
1454	19.708656477401274
1455	20.879818682204377
1456	20.46798287559068
1457	22.49030745824448
1458	21.63280314534052
1459	23.634730979816172
1460	19.949695117929775
1461	15.61219087641343
1462	21.39434094645337
1463	21.245094395648593
1464	20.82304780714136
1465	20.37918091545889
1466	20.52807830339721
1467	18.612710918719653
1468	23.17541628823132
1469	23.291604139766765
1470	22.901595878121615
1471	19.564192886770428
1472	18.91531683996601
1473	19.862681368200032
1474	20.251375701870796
1475	19.677897768661836
1476	18.21000384649674
1477	23.328212075034212
1478	18.825543066641938
1479	25.253693197270348
1480	22.752130631138296
1481	19.179208719761252
1482	20.754104303402183
1483	18.002686582321605
1484	21.558883850792213
1485	21.080733042924354
1486	30.64154811752253
1487	21.9876324955374
1488	18.60425597582097
1489	18.654308587769574
1490	19.31584494197798
1491	20.14832910388941
1492	27.142247944837436
1493	25.19110890063457
1494	18.506662600745702
1495	21.398929786929894
1496	22.264401501536817
1497	19.12433038029953
1498	21.870219300154865
1499	19.84602211310994
1500	26.24825133595968
1501	18.22960113851734
1502	17.593965586259596
1503	19.018634714034498
1504	22.715418853364618
1505	22.565423116475966
1506	19.629322408502258
1507	18.324940177491435
1508	23.6636268759612
1509	19.75831928242507
1510	18.436428206976306
1511	22.017673541215032
1512	19.822113680552498
1513	17.895476682975158
1514	16.071126975386623
1515	23.392113995308485
1516	26.17106023714347
1517	18.035037560409076
1518	17.473897157479886
1519	20.850140394973813
1520	25.54871631544792
1521	20.08063980955941
1522	20.95619978510497
1523	21.16953895410259
1524	18.548020227673522
1525	22.84365453345324
1526	20.291899512073943
1527	18.574636401686195
1528	23.223837350378744
1529	18.765708505879562
1530	19.771765717829112
1531	19.59283602292891
1532	24.680230119363152
1533	22.12419973118372
1534	19.903005847580626
1535	17.92009846716364
1536	19.32801863165029
1537	24.170614661097837
1538	25.946120799864488
1539	19.854054578521755
1540	20.13348395498893
1541	18.858545573339022
1542	22.364619514381843
1543	20.596725499924663
1544	18.215420075508423
1545	20.732752502520583
1546	17.505415376322343
1547	22.31951411053528
1548	18.324794668536114
1549	24.736728904032496
1550	23.40203021547975
1551	19.969608155967745
1552	18.502302808002295
1553	19.025237768856577
1554	20.140821173203445
1555	29.484793354612492
1556	19.78953174189313
1557	20.401969630146095
1558	24.60252042774664
1559	19.848408777372292
1560	29.698489457590323
1561	24.97895857595762
1562	18.555044479628787
1563	22.763068506977465
1564	27.17399760712618
1565	18.03859966140325
1566	20.602638866829995
1567	22.376376117592223
1568	18.902591648213452
1569	19.588103112096345
1570	27.497983390149763
1571	23.925273848264478
1572	19.13619375513129
1573	30.16516382469854
1574	16.345568437019693
1575	17.443138880470382
1576	20.04819062864408
1577	21.974258610071487
1578	18.909077705438943
1579	20.320778957326812
1580	21.297156396663436
1581	20.098442663645933
1582	19.77503928604872
1583	25.844748638616874
1584	17.987901868715987
1585	24.929043205493258
1586	19.74288541677777
1587	25.33947166053846
1588	19.958946363693528
1589	17.32528995266975
1590	20.789043711297445
1591	19.878053474567423
1592	19.660058545445402
1593	18.510367998918
1594	18.38742416540447
1595	19.276345231146976
1596	19.46479701717372
1597	19.994278790861635
1598	24.33991308968667
1599	19.799970300596517
1600	26.218900268733936
1601	23.052537182730802
1602	20.425379908311594
1603	31.365976011380553
1604	20.329648753972318
1605	18.604317640365828
1606	20.21286496201135
1607	25.097633668313254
1608	21.471562527731294
1609	21.44632764967003
1610	18.65335502754897
1611	22.225995457265526
1612	17.97662965095369
1613	18.17913155510532
1614	19.388990701579523
1615	27.191404760205963
1616	24.101376202324047
1617	20.75878088331573
1618	19.793811611872037
1619	19.68883392091981
1620	19.46371298580099
1621	23.56675864348206
1622	19.03243520297748
1623	20.913973320228116
1624	16.487386242895283
1625	18.680923739589414
1626	20.764178666900584
1627	18.098529314203187
1628	22.06905868363489
1629	21.275700323684447
1630	19.660107007201
1631	18.973974965540144
1632	20.07708936541105
1633	21.168673654688366
1634	19.64113414237026
1635	21.029140600626572
1636	19.75641028564897
1637	16.508221147929586
1638	22.437387464316927
1639	22.983403618202814
1640	17.96122784235233
1641	18.427651244427008
1642	22.056188630134177
1643	23.095779014494905
1644	21.03034234819386
1645	18.779592853976503
1646	21.012696884943136
1647	21.734806690540456
1648	18.60764053762347
1649	19.049685207114088
1650	21.363182704386663
1651	20.775622552655864
1652	20.682964441723502
1653	20.840331154125934
1654	27.593004968723726
1655	20.133630584516197
1656	18.939594307725596
1657	19.88256561321706
1658	23.2437870131353
1659	19.290621773852664
1660	19.94593453497925
1661	18.336634730089767
1662	20.735879799746908
1663	20.70596324052248
1664	21.06243777402588
1665	32.56194354393943
1666	18.380382434397667
1667	18.932248603516452
1668	19.31954900220216
1669	23.612333403664525
1670	21.775368696565877
1671	18.693568331517042
1672	17.806633050021315
1673	22.604859815487618
1674	22.863482243865292
1675	25.04378932560007
1676	20.00220412062845
1677	20.356601211836395
1678	19.713277808301388
1679	19.58642905681239
1680	17.9210747077825
1681	22.025035870052626
1682	19.78562317816277
1683	21.828879521911343
1684	28.800179351230753
1685	25.74250861119799
1686	23.63351876445037
1687	24.14190639069097
1688	19.360919991420392
1689	22.52908672801598
1690	17.499276640767864
1691	19.68879473992468
1692	20.855441567477186
1693	22.91435096717264
1694	19.960812560251416
1695	19.088994792876385
1696	17.833929123741886
1697	21.40279377543439
1698	17.367249244402046
1699	19.760153184320327
1700	22.576145901937064
1701	20.727073390353326
1702	18.204065437149257
1703	17.76025162688306
1704	22.57707459290811
1705	19.47872213359259
1706	24.552839182500467
1707	23.33092112642979
1708	19.453045307940833
1709	19.464700858502294
1710	18.886903621779325
1711	22.931298665329813
1712	18.4789084108678
1713	23.90078227976754
1714	17.365951318869296
1715	16.588930774454234
1716	22.536888744050746
1717	28.772518753136197
1718	20.1671534527453
1719	23.007379065413755
1720	20.87622387153224
1721	22.000230713787584
1722	30.5818226336435
1723	20.567501872904938
1724	25.632186161723386
1725	17.705688438382587
1726	20.98366345005901
1727	19.907403838197858
1728	19.339384153392167
1729	21.135207170274843
1730	20.65204385403943
1731	18.3646425148536
1732	23.631516095035924
1733	20.005622086533002
1734	21.697559330006182
1735	30.679860550783236
1736	19.019249371535174
1737	18.138532342198303
1738	25.524208714213113
1739	22.078549505904615
1740	18.161969738643773
1741	19.942725487952966
1742	17.13427313650743
1743	19.36472545719783
1744	21.321910288181897
1745	19.742740793437775
1746	18.976095748483203
1747	20.28694445598495
1748	18.94162434714169
1749	20.73310844427165
1750	28.39309333679814
1751	19.149351090724483
1752	19.405573085875304
1753	19.474016612607308
1754	27.36198889176817
1755	17.536065034408455
1756	19.512722188426743
1757	18.747426020837604
1758	19.220852579073316
1759	22.528284721174522
1760	22.15330785518921
1761	23.832057156045146
1762	23.2570397261163
1763	19.051463060836518
1764	20.58024113800524
1765	25.155723532695056
1766	17.272251013469845
1767	16.366264753984883
1768	19.740608737377798
1769	20.32103471506641
1770	20.89859521507508
1771	16.903275657319075
1772	19.214073735553857
1773	20.481390726294553
1774	25.365915316269252
1775	24.77687028840199
1776	17.38092559270087
1777	19.76940925921454
1778	19.439306922533095
1779	19.55352080238729
1780	18.759979140386864
1781	20.671790218437447
1782	26.128443344783243
1783	18.38703234146786
1784	17.586087149762633
1785	18.518123997612594
1786	18.554475771184315
1787	21.297750133322552
1788	18.34860867216084
1789	19.91457073027542
1790	19.175534367086946
1791	19.39526108634595
1792	22.536684503643286
1793	19.236628004427377
1794	19.304203012837334
1795	19.323629297488306
1796	20.853741983121395
1797	18.19326439911847
1798	18.313090935799604
1799	23.05458808586057
1800	23.296927541814018
1801	25.768326742980264
1802	22.234800037506194
1803	17.53526161867823
1804	17.98489187459748
1805	22.46545892121891
1806	24.95120319041501
1807	18.273973440332338
1808	21.11303897771958
1809	17.956354507440995
1810	22.12775544911913
1811	23.12034841462756
1812	18.026648580694797
1813	18.537887846407678
1814	18.646805938905484
1815	18.02144845856781
1816	18.739083787933804
1817	19.66626439775282
1818	18.571293095788477
1819	26.020476679771818
1820	18.590896727584333
1821	19.806621039490693
1822	17.799859757231054
1823	19.423025244224647
1824	19.777729193266406
1825	24.167076995933492
1826	22.301888388581574
1827	20.14899616691151
1828	25.49544991313087
1829	26.172578116198014
1830	18.28157037857628
1831	23.442432073146914
1832	21.942751129242506
1833	24.141446204556683
1834	23.233885949753272
1835	20.305897311238503
1836	21.137133568271697
1837	20.431045386244424
1838	21.57606479315172
1839	23.69937912242936
1840	22.03637347370781
1841	18.57908205795102
1842	18.456995638947497
1843	19.753683509290568
1844	22.861496560843936
1845	18.839690258610062
1846	18.925316960714323
1847	29.74698726222299
1848	17.588189329877626
1849	20.739612430870434
1850	23.176728124062034
1851	17.572191875930212
1852	22.46838531344771
1853	20.89522723272737
1854	17.548721579058718
1855	18.98005873292509
1856	19.84812454392557
1857	21.310688609758145
1858	19.634457101295993
1859	23.049290459961274
1860	18.330228007980622
1861	20.35017023803525
1862	20.677070643217302
1863	24.622723048874953
1864	21.828546982322347
1865	18.2760773929313
1866	19.827425777217403
1867	19.39762098347472
1868	23.788702716101678
1869	20.656131630664174
1870	24.083214935664014
1871	19.95876514594475
1872	20.396457518660462
1873	18.951438695408537
1874	23.98869587351344
1875	23.58790261714409
1876	20.938602620800605
1877	19.77199970606077
1878	18.294280937770107
1879	18.48772062781427
1880	18.991844430722267
1881	21.7769580739906
1882	21.175052566400595
1883	22.436436827265872
1884	19.332501823914594
1885	19.27693006356436
1886	20.443537391657227
1887	21.21680549550036
1888	21.947410879522618
1889	18.583573285274692
1890	17.877741942735632
1891	17.783015917601404
1892	20.200139550915008
1893	19.208483781273983
1894	21.92049503281305
1895	20.639849313584186
1896	18.668737345256588
1897	18.866258794017735
1898	18.23679422969664
1899	20.020621564997104
1900	23.763421754286778
1901	35.06051604555934
1902	21.296305433299857
1903	21.2178657268489
1904	21.71755506402864
1905	19.471632894453442
1906	19.287646671700656
1907	22.310441053447512
1908	23.50790890167443
1909	16.45422411672189
1910	19.089250345105448
1911	18.908768507036896
1912	20.39205026035608
1913	20.822993877616017
1914	17.893125333436863
1915	18.86845661579476
1916	18.750926577854457
1917	25.489870921711876
1918	23.074313966938043
1919	26.288323230258637
1920	21.006238732898133
1921	21.545024667977064
1922	21.6334261915683
1923	20.792334181111784
1924	20.644555923818245
1925	24.133893248373184
1926	19.7157037056782
1927	17.26370164095127
1928	19.376604478029012
1929	20.730522864082683
1930	17.15967771596812
1931	24.97764636475652
1932	23.26098882812922
1933	26.80004372631665
1934	27.9691022052352
1935	20.3543349945803
1936	21.88100317081747
1937	18.849860083141273
1938	21.808573140189292
1939	21.170494993161185
1940	20.214135142810846
1941	20.763090988639743
1942	23.339293910082247
1943	18.558711782694004
1944	21.948888662224636
1945	20.122169801568816
1946	22.41032842176581
1947	25.856615035039606
1948	17.113518694876177
1949	23.685753304980075
1950	21.56896236809937
1951	29.108185561387526
1952	21.761138165674982
1953	18.99452419522115
1954	20.444109987590792
1955	17.85907366492283
1956	21.9894085862441
1957	20.694067351409565
1958	16.794911157990875
1959	19.26873962566092
1960	19.449147304329088
1961	18.028872400803
1962	18.382149344654874
1963	30.98193724666511
1964	17.438314070828103
1965	18.230954304476384
1966	19.0474218855806
1967	19.57398661164349
1968	26.69285635513587
1969	21.058768322873707
1970	19.648548897468572
1971	20.04452520417593
1972	19.164856938011944
1973	24.355679676470093
1974	21.56238623608299
1975	23.09652090150242
1976	23.101348875539745
1977	18.5494932631074
1978	17.24873032670966
1979	24.810099332162398
1980	19.616385533267426
1981	30.376791744609363
1982	17.698421140824212
1983	21.510449639021637
1984	19.658414760309583
1985	18.204808452139225
1986	21.333198437064613
1987	18.006807034308057
1988	20.3791699115448
1989	18.470776056153188
1990	17.83065200892531
1991	17.837746690570686
1992	22.885493413481694
1993	19.785640757518884
1994	21.611348662488457
1995	20.395490215615492
1996	18.600292559408036
1997	19.0539844457612
1998	20.065432222463034
1999	19.40837485810155
2000	27.661807996181423
2001	20.431747153386823
2002	19.027611277507138
2003	19.62298716197256
2004	20.706341146162178
