6	10.70364553402741
7	10.181118095039949
8	9.934280705117938
9	8.86813248972569
10	7.249863181658278
11	7.528835222879971
12	7.468703182423077
13	7.511563638341479
14	7.021177344076257
15	6.755480588197944
16	7.0212360900459405
17	6.619863428993433
18	6.577442683952699
19	6.62165906754306
20	6.6182303718523325
21	6.464611595666381
22	6.550673728060591
23	6.525838637463028
24	6.6709579351793
25	6.423005977863244
26	6.7778397626792195
27	6.745906494562362
28	5.9050002744871275
29	6.062635079672388
30	5.994285120554299
31	5.96915346159736
32	5.623337013702678
33	5.991595089071601
34	6.159483722113063
35	6.057749790676
36	5.962917071293717
37	5.974851344835315
38	6.109214757988791
39	5.982052069411491
40	5.940145659375013
41	5.974288808511225
42	5.888221408357601
43	5.931392218973133
44	5.962439535572474
45	5.90073582266474
46	6.049679106315354
47	5.942827837654362
48	5.913305541312987
49	5.96614147052031
50	5.995560613723416
51	6.198012050456392
52	5.942894260308893
53	6.080989886250285
54	6.099137514478762
55	5.9406082974559276
56	6.0686937374312375
57	6.01971070895147
58	6.221589795315561
59	5.955995111116455
60	6.061481411442389
61	5.948642126354971
62	5.6414474040246105
63	6.067143936363175
64	6.0814280758678265
65	5.96190998374916
66	5.950932835328741
67	5.992937096625101
68	5.883013744342164
69	5.958277028834221
70	6.118993240629769
71	6.11146599923937
72	6.017853652666447
73	6.030838070726869
74	5.775577639304209
75	6.122368945491499
76	5.710910153985568
77	6.128622779478028
78	5.88094059457661
79	6.241045376867222
80	5.938117654307519
81	5.956443217314477
82	6.0663358242824685
83	5.928067089430203
84	6.154213739894015
85	6.030198413141002
86	6.041430867409994
87	6.10161244924119
88	5.782403498560646
89	6.330117960115946
90	6.078545236159881
91	6.1474036325350205
92	6.01881966632122
93	5.85208453689957
94	5.9435670551280895
95	5.849356827106182
96	6.000737866842301
97	5.9663230607852125
98	6.1408788256205895
99	6.346114748872864
100	6.0290192074475035
101	6.316346967742366
102	6.025941279380324
103	5.848829573915615
104	6.292620372711477
105	6.166989716799151
106	5.9484683006618395
107	5.814937480763183
108	5.774243526844746
109	6.012384034492463
110	6.072263841062704
111	5.980808573465894
112	5.901436730588773
113	6.231520351963659
114	5.9510854340098795
115	5.857233330909689
116	5.869789368537183
117	6.079525875229183
118	6.012407212935497
119	5.900553679290538
120	5.951095014754911
121	6.099649452745307
122	6.052880081368685
123	6.058078398945906
124	6.042487111527274
125	5.614273039990257
126	5.9591920715942654
127	5.8323341186208255
128	6.011903935969718
129	5.631388257793605
130	6.255242079648153
131	5.902663872049328
132	6.004959404798612
133	6.036414950713263
134	6.145437045452825
135	6.178383899212166
136	6.06285686443902
137	6.016423443507477
138	6.177191226533185
139	5.974469525466657
140	6.023507039863879
141	5.9323287513333
142	6.006484774818357
143	5.962198811303461
144	5.863808585450533
145	5.980650402969518
146	5.953718467376465
147	5.988886808730845
148	5.8591140332679235
149	6.012686059017846
150	6.0660741765799076
151	5.86257066176534
152	6.043597009103731
153	5.862149755735705
154	5.8429256624992
155	6.058019225948428
156	6.219995808300765
157	5.898145761194596
158	6.005956039435791
159	5.974056534905685
160	5.849563808018931
161	5.766304995547379
162	5.9846975255321375
163	6.050732067862532
164	5.90006522690778
165	5.879445875767067
166	6.036773730811637
167	6.010058641112702
168	5.898998640904083
169	5.973631663136283
170	6.173515508205157
171	5.920516366987431
172	6.170231207442339
173	5.94678189932522
174	5.965273867381454
175	5.706087066359699
176	5.831067838794149
177	6.001512988451652
178	6.068020914140656
179	5.743704604403794
180	5.8708254745433806
181	5.893253722611179
182	5.948187253403476
183	6.041296801047858
184	6.220567288294995
185	5.839062383763693
186	6.004356157011278
187	6.13593779692405
188	5.953914415351594
189	5.948914831565667
190	5.985282698106648
191	6.0285892120397575
192	5.913540890803679
193	5.827367563198584
194	5.982083742764161
195	6.053602601263172
196	6.256134382082346
197	6.04049845339517
198	6.109407506620822
199	6.20540203412397
200	6.062277867574299
201	5.829050989364987
202	5.915049419954303
203	6.0638461548641995
204	6.146648705110673
205	5.899912328193903
206	5.973643224691774
207	6.157486100677165
208	5.678830945384107
209	6.04907499286959
210	6.020323378481077
211	6.012145642444927
212	6.05253655926208
213	6.009508905965943
214	6.107481120025056
215	5.898295791999066
216	5.969461359984606
217	5.938221330044131
218	6.1036522429823
219	5.839835501668035
220	6.15949442991692
221	5.733831897892426
222	5.736949084717343
223	5.889540137425181
224	6.080258491454128
225	6.092146668010841
226	6.005611890038751
227	5.938472521651939
228	5.832435257573075
229	5.852056515879856
230	5.831983889968898
231	6.174153725160674
232	5.644044212517102
233	6.0338306775333495
234	5.88685906168317
235	6.197799135349148
236	6.143167391592259
237	5.8212396826974535
238	6.101375752386438
239	6.171809529794583
240	6.027655284282753
241	5.841370666094359
242	5.971342731895675
243	5.994013331196795
244	5.968866991715637
245	6.04028451861607
246	5.946643947366926
247	6.09382252955236
248	5.954098729843649
249	5.855398453692235
250	6.154076207191714
251	5.981585679641745
252	5.898646367529844
253	5.95799092482657
254	5.798472596406464
255	6.108883947856133
256	6.132217243461659
257	6.123213398404575
258	6.090058605934628
259	5.924024880143546
260	6.032084373725684
261	5.87112220324606
262	6.044644858753362
263	6.277841164417332
264	5.987127370216961
265	5.8174930332806305
266	6.055122645068369
267	6.065861620909411
268	6.154183921038131
269	5.986679347143218
270	6.0456446988882595
271	5.993266917415895
272	5.9432354686694815
273	5.806920111613231
274	5.925734878482116
275	5.936762803190877
276	6.019247277751829
277	5.646862121139783
278	6.096484764326213
279	5.7999745433579175
280	5.939088575843419
281	6.086530746858833
282	6.032532321653926
283	5.828237736779012
284	6.303190964132447
285	5.85008328681781
286	6.108284775235122
287	6.1281968791690336
288	5.992722005623152
289	6.08608597295019
290	6.051742606271766
291	6.11189945526876
292	6.007794452807099
293	5.812080207249472
294	6.022036078596424
295	6.060553183366734
296	5.963514825006775
297	6.186343743316429
298	6.17497468057856
299	5.98205988874889
300	6.050397485776401
301	5.881760060410218
302	6.033170701413064
303	5.9110070115575395
304	6.359022885599273
305	5.701143258681035
306	5.950143206601942
307	5.897413707078578
308	5.78550391819195
309	6.05370567610709
310	5.9327202216372825
311	6.087249867948413
312	6.047963890446893
313	6.056696877529083
314	6.101335998537808
315	6.063228184800755
316	5.8519135959731
317	5.679016083631909
318	5.630325720272807
319	6.0772379866955895
320	5.946109214929481
321	5.892822908489207
322	5.961298177457308
323	6.1585200629724905
324	5.831382181242814
325	6.281017669810497
326	6.008843006464936
327	6.0659010072908135
328	6.0076201335756005
329	6.11169073573266
330	5.936422158811459
331	5.896302209948482
332	6.18104257650926
333	5.815941396030858
334	5.952730043425011
335	5.909253981123474
336	6.163463861821882
337	6.01934069775134
338	6.0960914344565635
339	6.043072495830711
340	6.033519158252263
341	5.916755813922865
342	5.795465443687042
343	6.127434228734697
344	6.072447252501884
345	6.146001550940176
346	6.113587357604623
347	5.938478475932513
348	5.911574008737047
349	6.010659128896673
350	5.991838428524356
351	6.148305178344431
352	5.847324280249329
353	6.146626657577845
354	5.989939885041545
355	5.878459829598107
356	5.899574399235266
357	5.9363589649841195
358	5.889923472244271
359	5.827764986711625
360	6.084099866329911
361	6.376405670940488
362	5.99588254198187
363	5.77347137374127
364	6.171674352340722
365	6.042994001478411
366	6.182774740205564
367	5.881481720288758
368	6.056930970307514
369	5.943440707503921
370	5.791818924620603
371	6.092194061420562
372	6.142680318124277
373	5.910238837057477
374	5.725467927142372
375	6.096655383585465
376	5.988679295828642
377	6.004331259771628
378	5.8137926478806445
379	5.776586420025469
380	6.07431861259873
381	5.73575994067247
382	5.956682087885625
383	5.915112737247476
384	6.093612193420995
385	5.978409191244648
386	5.845257524924818
387	5.771308474437784
388	5.931538655265146
389	5.8683725847930255
390	5.919858269367691
391	5.727554198954585
392	5.959107835177117
393	5.771655950967504
394	6.090193272636018
395	5.728900863838756
396	6.010555554495124
397	5.943956874234879
398	6.240290617872098
399	6.1175540025714
400	6.039967104715745
401	5.9006122023440435
402	6.214692002358093
403	5.958978871038304
404	5.955769482423858
405	5.9261419413347625
406	6.179045096492578
407	6.030136748019141
408	6.079746425741043
409	5.847001677513617
410	6.0212832352426515
411	5.87496939748788
412	6.035809616418043
413	6.172591404643291
414	5.9018449397474235
415	6.086495488176813
416	6.045105246492224
417	6.160506946792791
418	6.070138400078709
419	6.229116028739602
420	6.192982977515297
421	6.059130150262452
422	5.917837662059944
423	5.887295938747938
424	5.923909509098348
425	6.145798979019361
426	5.938420213704666
427	5.956572354524396
428	6.061580140940158
429	6.0581415772810425
430	5.957520301159976
431	5.903613807566512
432	5.908523600265676
433	5.962437874772801
434	5.826964040779738
435	6.239845906828023
436	6.067862114200609
437	6.018175807760651
438	6.070335434331958
439	5.824651137616765
440	5.7982947342016065
441	5.939955051975694
442	5.970137626777397
443	5.947751006989531
444	5.858971903983038
445	5.788720516172756
446	6.195300185627204
447	6.127675619166549
448	6.032662905699884
449	5.972397115498287
450	6.07152467942617
451	6.060931108171195
452	6.057937588982148
453	5.875424177326922
454	6.241936232951325
455	5.714889724924135
456	5.956896629902752
457	5.965938874306319
458	6.157010551657013
459	6.0666962079024715
460	6.005843711699381
461	6.111885875825784
462	5.966011783393214
463	6.1047475977530405
464	6.243848151053848
465	5.929667771807901
466	5.962383662443011
467	6.100363560815928
468	5.758044540834026
469	5.86742532122846
470	5.697401854621008
471	5.910605044998924
472	5.9429911475636565
473	6.017736756357715
474	5.863912846675926
475	6.001640576574726
476	5.951990115969162
477	6.00360978715918
478	6.012196924498745
479	5.704299720013129
480	6.039919617985216
481	5.895862801917152
482	6.034691474744582
483	6.324460814778594
484	5.995233575978085
485	5.85064956384236
486	6.097419557508329
487	6.141292461662103
488	6.206342978795874
489	6.05929609463124
490	6.041021781855921
491	6.097678966027116
492	5.9521948079686835
493	5.936436424860715
494	5.863122763828589
495	6.136397211517737
496	5.945082535188171
497	5.859825898676718
498	6.3174153387037615
499	5.833545747339059
500	6.00257843080871
501	5.94915616128128
502	6.161163912477054
503	6.238966337072109
504	5.99531353783808
505	6.003450844216003
506	6.029857683782453
507	5.910830291753254
508	5.928843281815077
509	6.201440538043756
510	6.0598249857190005
511	6.218654926427393
512	5.908328765558818
513	6.0244374361782205
514	5.9535069040806885
515	5.820498714200807
516	6.159780436878821
517	5.998874103866542
518	5.968466553356583
519	6.225745194758283
520	6.126972753077352
521	6.23005942692112
522	6.140803000612557
523	5.964044539936343
524	5.871171577504367
525	5.915093160814364
526	5.879545750887213
527	5.98446379969475
528	6.059471657748815
529	5.949433864839823
530	6.005837169791082
531	5.995839354217549
532	6.251746537242452
533	6.015174349496337
534	5.863021659129575
535	5.999339662307834
536	5.74757820979698
537	6.197541672814559
538	6.042012558046793
539	5.901245783864579
540	5.831827310997553
541	6.052942925878009
542	5.782828637562054
543	5.91081039299358
544	6.050390131918616
545	5.8778764587972
546	5.919128674783146
547	5.878686636693984
548	5.924679197277873
549	6.006275947840257
550	5.804597827384412
551	6.143611692003532
552	6.042352096225889
553	6.204002622926297
554	5.947732921656592
555	6.051729817533799
556	5.913159579570013
557	6.124632616219016
558	5.985152392380557
559	5.925455130810958
560	6.151380905156819
561	5.953316345898561
562	6.026364816575678
563	5.9850518177561405
564	5.909809022287893
565	6.0172496822491714
566	5.8460303015162935
567	6.02558684122565
568	6.212148645720355
569	6.065470277462565
570	6.074020029480667
571	6.192551568980449
572	5.9611160775287
573	5.909339279077428
574	6.060246874050495
575	5.8827762432105715
576	5.791933036027237
577	5.895498846671574
578	5.866346147099724
579	6.058497508630601
580	6.002860269462414
581	5.9379535428280095
582	5.898745217714833
583	6.1479784612688615
584	5.913394313410674
585	6.009397688860874
586	5.8860976899974045
587	5.936748940357792
588	5.883559273819306
589	5.865674679055439
590	6.105151438781302
591	5.9259504713173845
592	6.005283662685187
593	6.0273510086138105
594	5.929906037383472
595	5.929651245792312
596	6.054439043677775
597	5.946783427788935
598	5.903278739918799
599	6.037043460604171
600	6.074453246897739
601	5.87846937090102
602	5.876595716378078
603	6.142312557438808
604	6.007510971002984
605	5.904791560781119
606	5.939191752451159
607	5.76895138975554
608	5.795130221834897
609	5.8955753478830655
610	6.1171822266071105
611	5.8474328764228645
612	6.121781001287357
613	5.815140847385694
614	6.252751685856211
615	5.899547197474425
616	6.051939229256933
617	6.042320477787212
618	5.96962902356633
619	5.858984747200211
620	5.9209570773315345
621	6.035917017370301
622	5.725754508974721
623	5.96044136329808
624	6.157797746034339
625	6.058159294374935
626	6.003004078311066
627	6.038559875717328
628	6.231074852597279
629	5.978682492980416
630	6.10121716374997
631	6.047236499239467
632	5.977328623532099
633	6.057871259900629
634	5.990900302069371
635	6.3654407475405606
636	5.91781492078735
637	6.027112669493992
638	5.885984647399376
639	6.071276842640608
640	5.789248030545791
641	5.889868547256585
642	6.101953317132273
643	6.005998429129518
644	5.8417326020389275
645	5.978650246115896
646	6.0318168780249835
647	5.962822212182261
648	5.953857000515166
649	6.126202357338556
650	5.890723038033588
651	5.9273437936940505
652	6.00666467745338
653	6.061615868724894
654	5.903521902168328
655	6.074171241313444
656	6.055447264672285
657	6.1175011889876
658	5.940880322181506
659	5.783979166113546
660	5.889497013584239
661	5.889460735234294
662	5.918696951450701
663	5.972487032507653
664	6.283573347954259
665	6.011428968386246
666	5.91262705370505
667	6.107242693212078
668	5.834724734714366
669	6.110507848175288
670	6.0059776438584285
671	6.063307877232949
672	6.018755676751536
673	5.798327317185651
674	6.020188927987172
675	5.9778009784009845
676	5.900822735678911
677	6.219515816101193
678	5.902635506382027
679	5.9160103722417645
680	5.829671427569213
681	6.257153746380936
682	5.99016106693868
683	6.114789502057418
684	5.783133456132654
685	5.897518730546213
686	6.16910982574707
687	5.924220519491248
688	6.071011423647672
689	6.1124117492396985
690	6.012622982439607
691	6.071143548826472
692	6.081114572098886
693	6.028406651751914
694	6.17609113000799
695	6.0859849137122595
696	6.079231252367726
697	5.941521043846108
698	5.9117851907984
699	6.100599212632546
700	5.949280370035294
701	6.019206398980862
702	5.870806842844191
703	6.259608508662758
704	6.097206184818656
705	5.864274651936455
706	6.169587184617889
707	6.233753534184828
708	5.985363811005692
709	5.840699852163713
710	6.15462059442392
711	6.04868409706912
712	5.9356068531603885
713	5.8216637490751015
714	5.994658852886863
715	5.921715360479177
716	6.101333993166918
717	6.165250303158456
718	5.926024128469956
719	5.977388308079766
720	5.949781211992302
721	6.10909859212843
722	5.9116107291696744
723	5.982482675225682
724	6.269265740270557
725	5.948952166853607
726	5.86342188087292
727	5.925095675362811
728	5.996727123496646
729	6.081535847067532
730	5.989703827039846
731	6.0366454183135225
732	5.795741625588758
733	5.875421733771195
734	5.93579117547225
735	5.974568252074502
736	6.17914421161894
737	5.929981313161522
738	6.232671412920848
739	6.100289979860099
740	5.9169586080342444
741	6.036259166203075
742	5.900676226288252
743	5.90490055027467
744	5.847931548253127
745	5.891237424324528
746	6.069119720032621
747	5.9939253629933
748	6.12972315541744
749	5.867066039648874
750	5.88312918500359
751	5.804579409764773
752	6.100979072823121
753	5.862159564198861
754	6.003918178034826
755	6.043395558033787
756	6.080901500074223
757	6.005484609915725
758	6.172961388460742
759	6.014051552891211
760	5.935302310847411
761	6.17016276101091
762	5.9309608924120445
763	6.017443647711561
764	5.698306179648982
765	5.912452359241865
766	5.958017160187725
767	6.054566080411153
768	5.793326582130976
769	6.197392829008468
770	6.015330909117068
771	6.047800792724832
772	6.021329906435623
773	6.06770973981585
774	6.0003527082257255
775	5.731240735679955
776	6.216382791891512
777	5.97804240005036
778	6.1118010841418675
779	5.975981909392384
780	5.9925632076518704
781	5.991392955541232
782	6.001563277609153
783	6.065557435183273
784	5.946521190569528
785	5.979003022890538
786	5.809700805603808
787	5.707130028712533
788	5.787812881940929
789	6.1526728659334795
790	6.117728614273777
791	5.8654603422014935
792	5.950649959515058
793	5.9373110718671125
794	5.790758116882603
795	5.954103393350915
796	6.132923439075848
797	5.916051694033439
798	5.856554811629184
799	5.973302694162771
800	6.046127832385154
801	6.081341711890251
802	6.087505822024671
803	6.047473925454908
804	5.865596205906392
805	5.801758641378603
806	6.057805728454059
807	5.928560395934936
808	5.868992252536555
809	6.1895118202044515
810	5.766813971696938
811	6.067684887095951
812	6.017905042701963
813	5.877697474295339
814	5.898680167863936
815	6.010838558106369
816	5.948539844084007
817	5.948364900605923
818	6.090226993368733
819	5.828312316200817
820	6.033888766698849
821	5.921013362760409
822	6.073584435308438
823	5.878517092830943
824	5.975942861092085
825	6.118774685092199
826	5.870525226649648
827	5.954015530554103
828	5.825997169966965
829	5.850845969900734
830	5.869587502970812
831	6.008022840508034
832	5.9698435405994505
833	5.990572072819945
834	6.093492922638573
835	6.163091530998332
836	6.065723586124399
837	5.990709354927508
838	5.813291339992429
839	6.190327245546564
840	5.960445750365321
841	5.991792974805037
842	6.248933581677947
843	6.021876964567245
844	6.005644864844238
845	6.004966852576528
846	6.104255089518777
847	6.034815497694231
848	5.90734553090584
849	5.8431215290854706
850	5.9728769506624015
851	6.134055707599986
852	5.8542906978578975
853	5.765440611314076
854	5.999702080414863
855	5.981681933711198
856	6.020628031128356
857	6.023336519834927
858	5.995066522658012
859	5.928136176556499
860	6.174878897105794
861	5.934175525271498
862	5.8240025508770135
863	6.074941791519946
864	6.063852936514971
865	6.027753043867642
866	5.767956211918046
867	5.9495002473885945
868	5.930935158673234
869	5.982284297389579
870	6.1002781959796515
871	6.044543726693293
872	5.981784457841191
873	5.947168995288965
874	5.8294064109823776
875	5.868359783740016
876	6.169980064418257
877	5.973985508941795
878	5.832152970810279
879	5.845499284634709
880	5.759482235160385
881	6.264418230325294
882	6.180407769833632
883	6.0457332150182115
884	6.134032189511718
885	6.167185048963009
886	5.71957854673702
887	6.035304019938299
888	5.941904311505641
889	5.992463281633872
890	6.013295297144512
891	5.835904110928869
892	6.01047023593688
893	6.011689716256476
894	5.770361488882683
895	6.13631422609211
896	6.013921230332189
897	5.835597500407662
898	6.07999830906223
899	6.185203204350972
900	6.145748620103842
901	6.145635085053987
902	6.165107154218918
903	6.237266542240104
904	5.630766786855227
905	5.992445860542112
906	6.159861257148901
907	6.117781989280025
908	5.9534359453246
909	6.043089422542645
910	5.907494031253147
911	5.873438634929445
912	6.040555955833713
913	5.808318766139191
914	5.787026373182606
915	5.810069610573133
916	6.06342856380788
917	5.9235696433351706
918	6.051320210404335
919	6.059573840364858
920	6.12602978736395
921	5.898146764110938
922	6.084633349230987
923	5.998656066742519
924	6.151881976574953
925	5.874277490217032
926	6.0408790503156045
927	5.880262341011591
928	6.1673285305072705
929	5.886475765763623
930	6.061867509602483
931	5.918616098354016
932	6.178616544224404
933	5.942699656132935
934	5.842338001059955
935	6.097627321268568
936	5.912572505553544
937	6.14810078436858
938	6.11070381344407
939	6.132349592302325
940	5.907183511935157
941	5.938430092555767
942	5.897308441718209
943	6.053384503211507
944	5.792156739860288
945	5.8656795229398995
946	5.96729873342556
947	5.905516792857235
948	5.98864358111766
949	5.960050889158981
950	6.036554180680755
951	5.995673648837335
952	5.825172756842632
953	6.135821270362728
954	5.971162392898681
955	5.92081991379666
956	5.81518569979484
957	5.933430846607318
958	6.156257454382792
959	6.0726265534500685
960	6.142312631716261
961	5.990795045278548
962	5.864814801896489
963	6.380594160005551
964	5.733520180630922
965	5.947369619666385
966	5.873906949426059
967	6.171925473335653
968	6.0943180323296335
969	6.13202096196978
970	6.003480805507833
971	6.225713968175487
972	5.643398412750963
973	5.994812023200119
974	5.828112488252767
975	6.210573083582441
976	5.930827913379215
977	6.07803901166282
978	5.9482502775326855
979	6.0442856266857445
980	5.8125819590792736
981	6.177057811008273
982	5.990336953548
983	6.171315543353558
984	5.917875099390124
985	5.797494950564309
986	6.498270323899176
987	5.728356570725861
988	6.269053595644296
989	6.15755722390742
990	6.0483524862526785
991	5.796218348673337
992	5.892494971516065
993	6.004335883210425
994	5.9421426745058765
995	5.859076467572061
996	5.963075472721539
997	5.913006177446527
998	6.014161823501345
999	5.8685685723285355
