6	6.088986605676663
7	5.869788618757213
8	5.977469842230729
9	6.026835889070909
10	6.007774261128697
11	5.884640798563721
12	6.0151511383172
13	6.096047178494155
14	6.057057404160902
15	5.9485584897969
16	6.058159184413251
17	6.087135972620683
18	6.018182381621982
19	5.91439366655405
20	5.9328799640046
21	6.053078747059361
22	5.830125553655739
23	6.012005116352434
24	5.8928038251400086
25	6.107138701178036
26	5.9731955076592635
27	5.973624412265463
28	6.133548114212446
29	5.9319402172150735
30	5.951420153766188
31	5.959639411813683
32	6.096514585123819
33	6.008014141525408
34	6.066289325239895
35	6.001452354870156
36	5.980465963451812
37	5.8988514303353625
38	5.9732041527914035
39	6.0751531325591
40	5.883414070461352
41	5.998739520305324
42	6.076534749875374
43	6.011419222585055
44	6.001793591968063
45	6.081054444752053
46	6.076993075329935
47	6.071175257882064
48	5.978161725083358
49	5.9838401084913935
50	6.098274003463353
51	6.077749924766132
52	5.888058148895192
53	5.9476079124912875
54	6.02699972871478
55	5.9870906998566085
56	6.037554291789262
57	5.930714706038356
58	6.038866672102931
59	5.942842747989782
60	6.069308731460415
61	6.1156171398976875
62	5.962518425597639
63	6.068598945101121
64	5.977713753511253
65	5.907319094177062
66	5.996394953906766
67	5.961745300119249
68	6.171024589936721
69	6.0456174753514915
70	6.022724839102097
71	5.947721106705643
72	6.039771101655098
73	6.012038871512277
74	6.125356919043614
75	5.869490060401485
76	6.145379291877084
77	5.92578461448529
78	6.031505363867722
79	6.048950774286478
80	5.847356408418726
81	5.924759523511519
82	5.971010231394642
83	6.007209509815843
84	6.0615553361197385
85	5.99538726184385
86	6.057432136511718
87	6.016595979204758
88	6.096192045721355
89	6.027688975627903
90	5.8324738516235515
91	5.960218697969469
92	6.009988167579084
93	6.055720660744278
94	5.98884731320101
95	6.033998548340658
96	6.006259237919646
97	5.947774987432078
98	5.880554059253418
99	6.13420510233033
100	5.91193923866375
101	5.955724138135249
102	6.03329830485927
103	6.028604726780587
104	6.082619872037469
105	5.834820643070661
106	5.891882303120102
107	5.953440902959689
108	5.876280139085133
109	6.11866786388809
110	5.902853995748015
111	5.921161010550864
112	5.965766917499939
113	6.211429262986914
114	6.054612246075688
115	5.962106999954792
116	6.016655610181023
117	6.073890799763629
118	5.907125843953276
119	5.980380197446794
120	5.984494249273203
121	5.969642140444463
122	6.068045213817323
123	6.067368879587939
124	5.8692427095262225
125	6.03190297096669
126	5.923991728227022
127	5.953448172200955
128	5.968335277952793
129	5.999605951179798
130	6.120093615116181
131	5.9152264128683925
132	5.946264799308716
133	6.009922465375527
134	5.959059865887786
135	5.9689532943322465
136	6.078308885891366
137	5.905258797109593
138	5.922256865116062
139	6.026298462630861
140	6.0336307351253495
141	6.0611489522011714
142	6.1489050530546905
143	6.052598080544483
144	6.02542211547108
145	5.946876847259792
146	5.816287489869941
147	6.02792573532242
148	5.996182233543021
149	6.0430036939694824
150	5.802364807193282
151	5.966542174855399
152	6.067661101173071
153	5.987077849469461
154	6.043230704328082
155	6.059063895777294
156	6.0408257057032175
157	5.8697421115994
158	6.067396583301254
159	5.853540241368436
160	6.032167700687763
161	6.019572355864617
162	6.069647514237196
163	6.086918617638214
164	6.045643030804346
165	6.0667893684802365
166	5.991503429734966
167	5.992977608567857
168	6.121095345803973
169	6.082708577603769
170	5.905616231105865
171	6.047719910878046
172	5.858770787901954
173	6.030976046412257
174	6.125988891605872
175	6.077475092249847
176	6.022781860041089
177	6.139549785910822
178	5.962588004995165
179	6.0621956311825125
180	6.023490356957398
181	6.0054457892755675
182	5.980408816329674
183	5.8443843556577955
184	5.892517129649508
185	6.030063249244513
186	5.96653699303759
187	5.91559519706443
188	6.034234861331045
189	5.871825580197112
190	6.056665361114956
191	5.994278925477053
192	5.846971855648341
193	6.019145925280265
194	6.189906077801464
195	5.997258981395802
196	5.998025274195598
197	6.029283613650102
198	5.942011191663389
199	6.080415729011191
200	5.919766087046879
201	6.077676334614711
202	5.866108332898986
203	6.102550095934584
204	6.201588856658404
205	5.92793083099006
206	6.0272528084437225
207	6.048503417198193
208	6.021788177619533
209	5.855553661762151
210	5.965684467276831
211	6.035386039169071
212	6.071273511113514
213	6.007299586694614
214	6.072070243213347
215	5.979111779714154
216	6.014268187562334
217	6.209246028736039
218	5.89668770925704
219	6.018892452598732
220	6.041183707224245
221	5.904029317074829
222	5.984766967175122
223	5.9880131580088936
224	5.918849814722193
225	5.902318283068991
226	5.926658859531461
227	5.922971622373716
228	5.848376344951177
229	6.000263506380652
230	5.9128057933795635
231	5.963244119478475
232	5.944420293731471
233	6.0228595350858605
234	6.046200261637485
235	5.997686115900422
236	6.178334153243021
237	5.942715196316701
238	6.180021604646655
239	6.02779698976556
240	5.982529877122614
241	6.013638732999887
242	5.953045486516317
243	6.05164772756552
244	6.114335965358998
245	6.264453732580931
246	5.967928993789419
247	6.021804449010011
248	6.007858595199035
249	6.070481540766158
250	5.991712128394361
251	6.001366168853502
252	5.911346348861587
253	5.86774042565597
254	6.0381128562278095
255	5.998505640525947
256	5.898547959928793
257	6.022802472261635
258	6.01161702501695
259	6.022873528515931
260	5.889478898814743
261	5.802217796809105
262	5.927777001111672
263	6.050960343025019
264	5.860198111517347
265	6.031816436565043
266	6.030614080776736
267	6.093862755245986
268	6.144306449672124
269	5.994985449479669
270	6.016977175430029
271	5.990239630635408
272	6.005223972954609
273	6.098323477708091
274	5.844533873872798
275	5.939776896627396
276	6.201841277016629
277	6.026841946884809
278	5.969162223301729
279	6.065785728110456
280	5.959824111895382
281	6.001228903153367
282	5.941797967983693
283	6.108637636484415
284	6.097922610778933
285	6.047056038992143
286	6.01621532737802
287	6.06420504661616
288	5.983059490725534
289	5.999335227631815
290	5.967222537260532
291	6.0369972198661515
292	5.90195589270738
293	5.8876034465248654
294	5.971038639524639
295	6.059481094829935
296	6.232413519884744
297	5.998411664914324
298	6.046500296079498
299	6.13196041159425
300	5.958860624846042
301	5.812184059354095
302	6.064487242359115
303	5.892174587778679
304	6.052627078397435
305	6.004731994575217
306	5.8125079243303945
307	6.004633545501508
308	5.968364362964201
309	5.909199190854966
310	5.949456140628788
311	6.049735188278327
312	5.840649908201593
313	6.026378296676486
314	5.966882035467189
315	5.953786587782285
316	5.973113847081163
317	5.888323344891735
318	5.997248264035161
319	6.05951365492909
320	5.8545816894875164
321	5.961383307339103
322	5.958413287112391
323	6.0811030184987525
324	5.929179970909918
325	5.941241945410951
326	6.060176394152273
327	5.988580280543867
328	5.977927979761763
329	6.173663653905365
330	5.927138995550932
331	5.993522328899334
332	6.042195173824491
333	6.0801092206111145
334	5.941723847042777
335	5.901881274399182
336	5.985789203696369
337	6.14601418335384
338	6.187917885475532
339	6.037342846076578
340	6.065927727307324
341	6.040245520785064
342	6.205901465616585
343	6.236916680975108
344	6.118001261360152
345	5.922323110623092
346	5.984424811051281
347	6.020987026736372
348	5.937809948965652
349	6.037745226009272
350	5.984054182801387
351	6.033764073557128
352	5.964715985079471
353	5.938866899875301
354	5.950699227047807
355	5.965883974113096
356	6.144026240703614
357	6.008550801021843
358	6.163393010027476
359	5.8774506641528
360	5.971969079072072
361	6.03060655589006
362	5.9100737034417525
363	6.013011225260936
364	5.9782299816888225
365	6.071071138456799
366	5.92741338345765
367	6.022248755684637
368	6.049914646165291
369	5.989213866593771
370	5.856756602339341
371	6.036755980484209
372	5.892716608321937
373	6.022707959545737
374	6.018942700724494
375	5.993537750773236
376	5.961234465619298
377	6.2259113084539734
378	5.9787113185212055
379	6.052652168798196
380	6.073696820339159
381	6.055694825068349
382	5.964511869609043
383	5.898574475630674
384	5.8511718097817385
385	6.015025716900761
386	5.982946679360676
387	6.020974251697423
388	6.014894003470902
389	5.92205932943231
390	5.94871857928165
391	6.033877458577239
392	5.849407650073445
393	5.995145928533625
394	5.942322856419691
395	6.125303993927405
396	5.937739830138422
397	5.943848794218754
398	6.154558847892468
399	6.062330687284965
