6	12.870387862583932
7	13.835385684096764
8	12.512202567075555
9	13.154379526949686
10	13.090774784737603
11	13.050811479584368
12	12.722157369370635
13	12.169853475799416
14	12.896169131018434
15	12.110579124150233
16	13.220939029752099
17	12.674610637535235
18	12.8770330296557
19	13.274022773559384
20	13.415321749757364
21	12.55342965659799
22	12.456317377382097
23	12.617874944120954
24	13.636404785052186
25	12.721200968834726
26	12.090020155354052
27	12.516919980482855
28	13.117701349950762
29	14.153582715234535
30	12.58044274496996
31	13.612259051888419
32	12.742783805750692
33	13.048477614090409
34	13.306903472136751
35	12.499593761968876
36	12.897432559211746
37	13.254878954203845
38	13.655707152932711
39	12.424607970581459
40	12.498951895973079
41	12.334118913735377
42	11.667730102476915
43	13.160687803835037
44	12.575578322742343
45	14.185165247648017
46	13.191283932551944
47	12.833884535860351
48	13.33267520674273
49	12.593275157764696
50	12.70845480272401
51	12.791184553364703
52	12.33968016425956
53	13.07743882962382
54	13.815430857870524
55	13.781388994177671
56	12.024386322210933
57	12.440219994485698
58	12.282493259952654
59	12.957078496410604
60	13.000502215671235
61	11.760448043352678
62	12.996753179721267
63	12.868013303466812
64	13.073160057602205
65	13.511139687140208
66	12.909511277822524
67	12.715332261841825
68	13.136948323037704
69	12.854916075739311
70	12.473176100051697
71	12.619233445878903
72	13.311376536152627
73	13.544631014717813
74	12.803477532542642
75	13.011890026007917
76	12.858811049469155
77	12.111502017462348
78	12.903711395992303
79	12.789216453177595
80	12.742430371450144
81	12.938788675495717
82	12.527683814269606
83	12.682152979482572
84	12.767192134704063
85	12.565014970451253
86	12.783090758772618
87	12.899790784727122
88	14.210837430487823
89	12.697617424357471
90	13.2422075747497
91	13.385961090638082
92	13.077109274960355
93	13.397076325792522
94	11.751985623965055
95	14.088507388120052
96	12.63106757456626
97	13.162702319124833
98	13.719065149872208
99	11.948390608735059
100	12.95593876021515
101	14.136863229444087
102	13.008918818333054
103	12.149386267126646
104	13.446957064576129
105	12.821963735327824
106	13.177864056693352
107	13.445796491457294
108	12.778099580764291
109	12.762228170585175
110	12.327053851628621
111	12.742058547914208
112	13.800374995021519
113	12.717736665972058
114	12.412139003611589
115	13.307988775135904
116	12.553248553566485
117	12.88051087977771
118	13.231669949600233
119	12.725832402656344
120	13.321508962391501
121	13.159829158426469
122	13.797035176457333
123	12.21211960742151
124	12.89972439564308
125	12.576995866406008
126	13.664201953340797
127	12.289454096604626
128	12.155781073965747
129	13.643803191660377
130	13.064889349601655
131	11.896089330304244
132	13.221761797511816
133	12.239482483456984
134	12.838923738547388
135	13.54595628553848
136	13.949418405141795
137	13.278863353156456
138	12.089136927646695
139	13.397395278699097
140	12.221706621710286
141	13.01829847410175
142	12.826065911950012
143	12.88445146617164
144	12.412036834320727
145	12.97413702604072
146	13.024237143062932
147	13.520597853718591
148	13.312014437382803
149	12.45207453253301
150	14.414042191068267
151	12.959764825560015
152	12.538676438878024
153	12.001960265282593
154	14.100671495521349
155	11.491484365544238
156	13.882815742952516
157	12.58699351020012
158	12.664159092359078
159	13.831359698225407
160	13.001531352175812
161	12.570369252028554
162	13.191088016168022
163	12.723983367212295
164	13.286711469960716
165	12.922803576756685
166	12.290599764458378
167	12.880179538989344
168	13.992286504063463
169	12.224875093137213
170	13.76855687575231
171	12.317234198358321
172	13.082607005108379
173	13.184327275711233
174	12.327256726716719
175	12.527497112307014
176	13.045673432794816
177	14.197002944728208
178	14.101155738615097
179	12.228653255397274
180	12.154785121093255
181	13.215445005865417
182	13.07866762493577
183	13.4712955316303
184	12.945212640983987
185	12.388318441436276
186	13.286398936252345
187	12.022108133490681
188	13.19590127720193
189	12.692628861183534
190	12.738874535162871
191	13.072267483227533
192	11.965762962343717
193	12.70278390369702
194	13.310754412265325
195	12.37613069854453
196	13.511579551557242
197	11.978214944626076
198	13.332453172308595
199	12.057673872521141
200	13.85455325646446
201	13.324075416938978
202	13.023964523190005
203	12.695357288105548
204	12.546117248411745
205	13.241128846016712
206	11.500491781256216
207	13.877010001981624
208	12.452001039563271
209	14.713994864528628
210	12.813883149362976
211	13.305965668299653
212	12.087680423651506
213	12.665712975918664
214	13.653605456871874
215	13.26673847651158
216	12.98242826443049
217	13.266069995404221
218	12.458401701429345
219	13.13525556902881
220	14.231875311118372
221	12.708759339563082
222	13.318097692244457
223	12.722374106204855
224	12.65657253393279
225	12.460603052250518
226	12.975591635929444
227	12.517712911622404
228	13.041839209688316
229	12.861647063528936
230	13.78655156830082
231	12.486254508380373
232	12.005621422443415
233	12.582840968962755
234	13.731225495715973
235	12.299373080766978
236	14.054043061335774
237	12.704352153174366
238	11.510812299086572
239	13.123521772129607
240	12.733762638395492
241	12.707938035035305
242	13.15982834874647
243	12.860590400498246
244	12.664841250780317
245	12.625427295184947
246	13.272811056670168
247	13.195674120574862
248	13.541165873674554
249	13.440574207781658
250	12.374650924154325
251	12.69990975558362
252	12.06634901597281
253	13.83017934858478
254	12.309390848204483
255	12.050728186169716
256	13.279354122440129
257	13.340914319043534
258	12.584608773230464
259	13.04858511374995
260	13.131629509064128
261	12.773473756037674
262	12.661761908135164
263	12.589431373056625
264	13.810029004729092
265	12.594765613096774
266	12.678779805148285
267	12.189817417285957
268	13.91122871397251
269	13.044618297532748
270	14.009835971407057
271	12.860015813007768
272	13.434231178545438
273	14.778587501542468
274	11.770392019286701
275	12.417894328374478
276	12.456068777660896
277	13.10797937568089
278	14.058939076372004
279	12.59580972528083
280	13.183408149100082
281	13.969456891721114
282	12.523503230209126
283	13.163329208806424
284	12.716256009349047
285	12.967245033257985
286	14.215862810099214
287	12.975929287605588
288	12.319172826653041
289	13.177766621138863
290	13.16092230162878
291	12.958207112745836
292	12.53324981399532
293	12.61052551658851
294	11.748021352745615
295	12.9402495029688
296	14.215187243170266
297	11.973354176786431
298	12.312923424371052
299	12.659214398546
300	12.302129999622972
301	12.630773868246221
302	11.743640372809022
303	12.905774344103666
304	11.9882942616484
305	13.212080931047707
306	12.793227746707593
307	13.583955192936719
308	12.649900289653386
309	13.716096545328812
310	13.377760214947706
311	13.224956547653557
312	12.382326616753069
313	12.273840553790917
314	13.40779212850337
315	13.281759600277244
316	13.387665140544652
317	14.524442190617265
318	13.130040844604661
319	12.634949387928005
320	12.614768121407328
321	13.011030754441856
322	12.387049767225943
323	13.413013404230766
324	12.286137759819995
325	13.91750262025473
326	11.88588916082144
327	13.28557058287809
328	13.196621941493198
329	12.133437058380544
330	12.27753542582553
331	12.188710771173783
332	12.847518032131669
333	12.192767456205198
334	14.484559097594039
335	12.020399728867536
336	12.597098994946636
337	13.044378476668722
338	13.260382703549112
339	12.261939807411006
340	12.786638709394566
341	12.93519892743036
342	13.48289586952069
343	13.119357599554185
344	13.35653331970504
345	13.094551537578598
346	12.829904719397295
347	12.45891571756258
348	13.247401219997222
349	12.954603831661077
350	13.144882222842215
351	12.35793830123683
352	12.475129195248957
353	13.239750973959042
354	11.680624805650762
355	13.956244508746488
356	12.806475192048431
357	12.753321074495359
358	12.475411172613175
359	12.806169674481266
360	13.533667982138125
361	12.462693178938702
362	13.786837351907044
363	12.024729106276377
364	12.705711716782963
365	13.155815715538276
366	12.217659692356179
367	12.971073051739502
368	12.88908341136678
369	12.540919006645277
370	13.594596348901002
371	12.868538545126178
372	11.955608636612164
373	13.384878805341316
374	12.015000345963927
375	13.308095753953076
376	12.447864096019588
377	12.993494798659103
378	12.722019543760787
379	12.64438211067991
380	13.180049945232545
381	12.336362869587667
382	13.190556380696817
383	13.32469906126951
384	12.898043472393882
385	12.98321733779912
386	12.94560668794004
387	12.5188812483808
388	13.54020324306877
389	12.248417803748099
390	11.596605903929712
391	12.099147829445567
392	12.640202626929574
393	13.028059138107437
394	12.694182894052199
395	13.246837905468597
396	11.530419075328432
397	12.514809073947895
398	11.641402657675533
399	14.080552839934679
400	13.099994694092663
401	13.719538091708554
402	12.414760412470587
403	12.883555463788104
404	12.626522361569604
405	12.20192700815988
406	13.155214795598578
407	12.757392193585064
408	12.820007995987874
409	12.744995824340329
410	12.640768487070707
411	14.36720280941066
412	13.592859080386788
413	11.933016695363987
414	12.628581981539288
415	12.644504385516958
416	12.974772443336466
417	12.388181830784601
418	13.036873704972788
419	12.199018413420243
420	13.995830742016683
421	12.440697569064186
422	12.747233770677271
423	12.914105222117117
424	13.955910258397541
425	13.553980654631353
426	12.105518322506583
427	12.983887947240293
428	12.774219857625818
429	13.012702334083151
430	11.975333674467983
431	12.322293500936334
432	13.029209407329539
433	12.434533361797525
434	14.392308566216675
435	11.975024271441404
436	13.022680338592352
437	13.139281867024621
438	12.504713602882111
439	11.865198794330212
440	14.31828967990791
441	14.007092705670745
442	12.443579142787494
443	12.013970276977245
444	12.502370833708822
445	12.383779623265156
446	12.548155972451124
447	12.454227261957627
448	13.043943815049715
449	12.56975142988678
450	12.740884362286945
451	13.659250237377345
452	12.192130389537779
453	12.790416652079761
454	12.143561394204314
455	12.742280061420752
456	12.563624035257673
457	12.410006393594559
458	12.440605119695828
459	12.519135642208319
460	13.8788383173731
461	13.489256846749953
462	12.521246714635344
463	13.289862825885626
464	12.361244668350874
465	12.510486055986355
466	12.691304182372317
467	13.126877563814032
468	12.639966474874688
469	12.193025922591639
470	12.423731793270221
471	12.442539386285784
472	13.161444429225392
473	12.834344528107
474	13.150512423444315
475	12.155728578138474
476	12.757497417830745
477	13.062366719964754
478	12.676476613935138
479	12.85508529780334
480	12.318222868245325
481	12.200973314024464
482	13.102006551026568
483	11.85545424877377
484	13.110831637822221
485	14.061738824300193
486	12.804697205393419
487	13.043781165494277
488	12.837181565700051
489	13.782380165971237
490	13.386918458594819
491	13.205509272191557
492	13.645644558608183
493	12.341014077858569
494	13.520162836627309
495	12.983945595759263
496	12.888120926355967
497	12.8491366042451
498	13.231268100756555
499	11.593700026224436
500	12.457464195332037
501	12.88532615252275
502	12.821596849246061
503	13.578273683177255
504	12.336944721283214
505	13.181702161651152
506	12.638720782171633
507	12.676377652128576
508	11.930346238665852
509	13.32239637699656
510	12.860473842361127
511	12.681063099077438
512	12.682907079235942
513	12.396873959789675
514	13.734485222830601
515	12.935757166155962
516	12.941404526850821
517	12.799709024128463
518	13.427437677988783
519	12.655522062649613
520	12.99655235968038
521	13.202627960083328
522	12.534140085846024
523	12.441813484099491
524	13.387472611620208
525	12.083933159714082
526	12.993669423298748
527	12.975869131318287
528	12.121325361355343
529	12.237345760251351
530	12.759778027699605
531	12.567041547967044
532	13.421963170412928
533	12.656488126908828
534	12.42930736725379
535	12.525171325949486
536	12.601622838083616
537	12.352995198492826
538	13.452671403444574
539	13.28471136800792
540	13.247266491347924
541	12.969414554468841
542	13.21705285796206
543	13.054159443804167
544	12.201357896451064
545	11.95859513886916
546	12.962771573762048
547	12.631572172366138
548	13.468675634406585
549	13.107606782360833
550	12.868661714456815
551	13.440266421500672
552	14.377008094412439
553	12.407760701931851
554	12.236460857326165
555	12.120128560902142
556	12.564689609188967
557	12.522817185949453
558	12.16669509392534
559	13.705349837364222
560	12.19760634890014
561	14.807616471183962
562	12.40017791981486
563	12.447898628490078
564	13.8620120347562
565	13.046155332123002
566	13.62841113982826
567	13.274569616385051
568	12.207781253046035
569	12.842872355129714
570	12.415544155509664
571	12.362781070984056
572	14.178388451458886
573	12.768813021016355
574	12.1777575008369
575	12.522703032306932
576	12.541377514035887
577	13.302743769794388
578	13.658128825318466
579	12.571092742616587
580	12.450379421438456
581	13.488509826335758
582	13.021167882718146
583	13.039507573366263
584	11.727765795513111
585	14.09784143159314
586	13.189756206464196
587	13.49663016756425
588	13.662899218916964
589	13.452896156182485
590	12.480427006061655
591	13.178633979955514
592	13.568912907501186
593	13.849826814369974
594	12.36760020796528
595	12.725055826308735
596	12.144687424784934
597	13.08882693462966
598	12.44702371452504
599	12.176292523731796
600	13.524729173981527
601	13.47664343112006
602	12.635723341084717
603	12.67530713328031
604	12.494197778342906
605	11.985152019014677
606	13.644547149297283
607	11.876775669192373
608	12.940565480488575
609	12.926631271557646
610	13.017516851184933
611	13.871321735628543
612	12.780811125504785
613	12.370468115872937
614	12.721088924699636
615	14.713732430056416
616	11.983684442686567
617	12.823066473863545
618	13.207459643405869
619	13.932034022977428
620	12.975909533804042
621	12.95537169738746
622	12.863053272061515
623	13.243249301797638
624	12.789277033444835
625	12.217820574133846
626	12.937145511929046
627	12.585743150212657
628	12.800974846678237
629	11.779733672635054
630	13.19080083499585
631	12.637555388240143
632	12.51900724934426
633	14.693312213372868
634	13.132836177534202
635	13.477791078401516
636	12.591597644025674
637	12.663346636198684
638	12.754207393234378
639	14.778085716555573
640	14.410413834487553
641	12.983880555499386
642	13.030202391213606
643	13.552943215714114
644	12.76087531604756
645	12.381107018428258
646	13.018084750258698
647	12.79867576421354
648	12.511966017287124
649	13.513023056084199
650	12.53873963625398
651	12.513155672429264
652	12.700261861183925
653	12.905455215988576
654	12.868899462048091
655	11.840343108061406
656	12.723525057946656
657	11.707396084790073
658	13.238598011778812
659	14.170568602719603
660	12.49658784090372
661	13.021876116765876
662	12.503532457445749
663	12.922720363710713
664	13.237225976970096
665	13.01199958424133
666	12.535317361916116
667	12.567861689590952
668	12.941523758510984
669	12.112455281758523
670	13.145426707917002
671	12.9024999668223
672	12.078813257040457
673	13.078102595687584
674	14.526093335182926
675	13.22764482319222
676	12.377691637485128
677	13.140371836614287
678	12.433749916446558
679	12.985192695407706
680	12.196509225839549
681	12.45353132548775
682	14.708995851543015
683	13.141706942834993
684	13.028912868126644
685	13.984390497466643
686	14.764279353250986
687	13.01238745740968
688	13.641066106005571
689	12.434778201275394
690	11.75937802243418
691	12.95910509144219
692	12.991976303305515
693	13.409577231808198
694	12.320605328210098
695	13.705657304125689
696	13.419801064719008
697	12.467158503691705
698	12.705570332194643
699	12.049076035338583
700	12.683916063952134
701	12.41086800596815
702	13.250184821679795
703	12.752794406904016
704	12.747906163014155
705	13.777758087463662
706	12.697032589447621
707	12.315229339684814
708	13.169807296991795
709	11.975480570660633
710	12.312484669603547
711	12.780426401462634
712	12.55539647488381
713	13.164640593409775
714	12.65885954024168
715	11.819496423444386
716	13.22783021537295
717	13.494745745476257
718	12.408894464111654
719	12.294714361984092
720	12.779635391764351
721	12.781656493536396
722	13.573546701569349
723	12.200053508262268
724	12.61703526774279
725	12.665122077599964
726	12.81691681830293
727	13.141724723465218
728	13.290847933861379
729	12.894928630400154
730	13.249569319712027
731	11.872909564551914
732	13.190620182177868
733	12.906389663303536
734	12.207902515455524
735	12.705155872643152
736	12.750069971271737
737	12.016821087043567
738	12.513084688537713
739	12.73052285356009
740	12.91078511166852
741	12.22928143657906
742	14.082526460144898
743	12.64212281427115
744	13.357699574740781
745	13.472383422544226
746	12.604850061497716
747	12.223191061199616
748	12.450987492454333
749	13.506796340890341
750	13.122594305595637
751	12.60867161969054
752	12.771262489128745
753	13.15817294833793
754	12.70090811230301
755	13.605339865634894
756	12.863270715577528
757	12.68775164745097
758	12.41027655257682
759	14.010122924376759
760	12.639699679865764
761	12.649290817305362
762	14.802296980244426
763	12.070332482914433
764	13.137893441949196
765	12.625962924713349
766	12.244655274008013
767	13.223213636503264
768	12.66823809370091
769	11.927336819062475
770	14.962819142677137
771	11.845150491372737
772	13.843928287157905
773	13.075085249721822
774	12.37507090635539
775	14.223154209950541
776	13.776516059796311
777	12.911477063641454
778	14.239344345554855
779	12.846944057306445
780	13.466364069600582
781	13.065415311839388
782	14.212611000120365
783	12.165525703968953
784	12.442404311354279
785	13.04672620274155
786	11.94715561667342
787	13.146746459632118
788	13.179104370312885
789	14.133838948060657
790	12.7821484001817
791	14.092617327000076
792	13.652808717716834
793	13.269100328196267
794	13.12235925966863
795	12.861594648816245
796	12.422816053487553
797	12.816095295411502
798	13.041077219162698
799	11.940330122236015
800	12.46349942912015
801	12.199316551711592
802	11.892757968807576
803	13.149518840808758
804	12.314099882023172
805	12.512728684124621
806	13.100317857167607
807	13.117288042603953
808	12.664199806848407
809	12.638779012603884
810	13.48450173008381
811	13.058354582949098
812	13.258516351432451
813	13.29893311071186
814	12.948796519825981
815	12.516962588423178
816	14.007608340122752
817	12.598586460679513
818	12.198498113563012
819	13.440097193463204
820	13.536221286254394
821	13.138896066950165
822	12.975111974818725
823	14.21477094350522
824	12.180163226611423
825	13.22433127800368
826	13.02435928703247
827	12.834692917520023
828	13.497752996679276
829	12.337233362646657
830	13.834725499478205
831	13.242692734378172
832	13.134547974496481
833	13.120739041492456
834	13.040169492779569
835	12.947880327384595
836	12.179982443328889
837	12.538093489866977
838	12.616239112213357
839	13.466313602161947
840	12.920783267619978
841	12.937468330427478
842	13.821067707457294
843	12.507593768130516
844	12.807683246045212
845	12.281503148673437
846	12.913662209470974
847	14.582100878937974
848	12.460194658215315
849	13.284352119529208
850	12.118835121957767
851	12.819997290311381
852	12.425479649419897
853	11.734128095826376
854	13.525076049719937
855	13.049774283825473
856	12.8462698051737
857	14.160114712396375
858	12.585495668170328
859	12.542706388409508
860	12.076831130269683
861	12.68153527123258
862	13.39515469620141
863	12.309676146513084
864	13.458267503912793
865	12.501225398507408
866	11.931388491486834
867	13.274767214173153
868	12.66548719405313
869	12.752964217246943
870	11.733368930688716
871	12.955398311927475
872	12.83329721680316
873	12.915203087247496
874	11.504092018738033
875	12.948512973075186
876	14.184387994476742
877	12.863181781581849
878	15.340169746706334
879	12.004175042729702
880	12.231848811643667
881	13.112399860364249
882	12.548731900985258
883	13.135638925974241
884	12.866272379725324
885	12.499948770004695
886	12.658885621843481
887	14.234723792277762
888	12.106204320343164
889	12.56003229025558
890	12.607662244602565
891	12.97325770379886
892	12.721644534797017
893	12.205793751794685
894	12.498535714967876
895	12.5551500274208
896	13.156807892344908
897	12.143919903864191
898	12.95237026282493
899	11.915178315334906
900	12.611716934616227
901	13.303792073071957
902	13.234056919058535
903	12.65739800210996
904	12.971344571058346
905	13.435982899070725
906	12.72268563531246
907	13.26024400370187
908	12.959567404858426
909	13.58574810776358
910	12.464202757475054
911	13.297220327853529
912	13.17158607379745
913	13.085164564753489
914	13.634400496826856
915	13.823567851550399
916	12.582403934256945
917	14.35607297517731
918	12.426125031549002
919	12.603550152010124
920	13.221997246924197
921	13.061839884549569
922	12.926828071936532
923	13.365700382879806
924	13.89866193361236
925	11.905759239229251
926	12.72925495049761
927	12.031565359654497
928	12.512212184536832
929	13.248301809121314
930	13.69796103707904
931	12.678148370502987
932	12.779219122936906
933	12.980114887888176
934	12.915274497518556
935	13.396642215035268
936	12.72921652545634
937	12.657087690277045
938	13.267201343838773
939	13.749896006977776
940	13.351109476740627
941	13.3619046227179
942	13.566672582838995
943	13.200316669125801
944	12.815291598347747
945	12.693933240838364
946	12.37541223906593
947	13.381816397048533
948	12.100337277125698
949	13.320119304544292
950	13.348479350738206
951	13.166860712712124
952	12.677139102433317
953	13.579522886877525
954	13.991136917188609
955	12.28472451743709
956	12.558581620726423
957	13.197152027887922
958	13.056243342082656
959	13.681167353955097
960	12.389598527053286
961	11.600161630189783
962	13.800649756661562
963	12.865334693133113
964	13.26305587458883
965	14.062650080443182
966	12.112244291396626
967	12.849390705853725
968	12.074993454359298
969	12.533207535458697
970	13.767337876277146
971	12.548570111300204
972	12.215447485620134
973	12.330532653426582
974	12.396262541715988
975	13.125669257331422
976	13.889598775656706
977	13.126224682732202
978	13.004261540359233
979	12.624524939704214
980	12.516803931173868
981	12.988736113632859
982	13.340932001402843
983	12.997591923202913
984	12.240235878649152
985	13.628174782169319
986	13.610248932738017
987	12.178527789078268
988	13.668906946756168
989	12.95813886581632
990	12.294254126009097
991	12.908799056434567
992	13.01973584565107
993	13.605446472047808
994	13.120514000274058
995	12.726029961866082
996	13.249182619524618
997	12.008755542238243
998	12.283582796757795
999	12.078397984152895
1000	11.891425499827823
1001	12.267716244975519
1002	11.92473216406598
1003	12.577292606493252
1004	12.66731959856926
1005	13.496822751468114
1006	12.46624579908426
1007	12.971814576855838
1008	13.028031001319565
1009	12.832911900758129
1010	12.849535597763355
1011	13.718750666221053
1012	12.865235480496253
1013	12.77994261183894
1014	11.926623207015403
1015	13.262521328536051
1016	13.67213591507632
1017	12.930851532539888
1018	13.658493442324604
1019	12.970029928550346
1020	13.096365408220896
1021	12.817741853289876
1022	12.903233320587503
1023	12.743269258338975
1024	12.501008580418546
1025	13.634921136149675
1026	13.172262129740764
1027	12.507746212912535
1028	13.42740598465316
1029	13.38969773403471
1030	14.197880258650539
1031	13.641393610801032
1032	12.73706523194214
1033	12.061111863056333
1034	12.801855715046637
1035	12.527012396656641
1036	13.32632419333884
1037	13.301816319325008
1038	12.006605184134392
1039	12.874911785218865
1040	12.198299570453004
1041	12.642332705332263
1042	12.033286585392553
1043	13.388834210905328
1044	13.199908358783953
1045	13.013742250308237
1046	12.575270128243439
1047	13.237775085279074
1048	13.225340603999861
1049	12.70150608103942
1050	12.03462480082805
1051	12.430734954183192
1052	12.488115848147153
1053	12.039108440061797
1054	13.135711383779036
1055	12.660039270229154
1056	13.88799121498596
1057	12.085476019510466
1058	13.569309018545836
1059	13.37762835863865
1060	15.081458511422593
1061	12.896796483642618
1062	13.990343880293
1063	12.471171960809507
1064	12.87740594677199
1065	14.237905585410278
1066	13.636650772943916
1067	13.94798790616145
1068	14.126876672325018
1069	14.181681975329537
1070	13.667990475863672
1071	12.968674079940437
1072	13.37029753190519
1073	12.02053222469347
1074	12.45629328911725
1075	12.817026052691583
1076	12.236542132818466
1077	12.599379610679183
1078	12.938161941614869
1079	12.50457699078187
1080	13.945879783370863
1081	12.580419009019222
1082	12.849664998513864
1083	13.815929715539967
1084	11.743547486028113
1085	12.771546567214981
1086	14.278521671377261
1087	12.626381055988372
1088	11.898504158145183
1089	13.145661292223897
1090	13.691330766767292
1091	13.449183091264755
1092	12.476306717446429
1093	13.883084160042927
1094	12.489161826720617
1095	12.724919987850683
1096	13.360184998703108
1097	13.961494166384
1098	12.459497204150207
1099	13.973572239499434
1100	12.484340678777714
1101	13.115288437113541
1102	13.292511950096522
1103	13.669716330463904
1104	11.83093222908016
1105	12.98575441360299
1106	12.768832188096344
1107	12.42027243708268
1108	13.036137722381916
1109	11.997449232677578
1110	12.397611666005105
1111	12.780535838763422
1112	13.392138951013736
1113	12.255507837718557
1114	13.418992490981639
1115	12.791134402801982
1116	13.440724295360484
1117	12.896317335324259
1118	11.437983743966223
1119	12.498539029685512
1120	11.730202395040756
1121	12.159840294409062
1122	12.142981223718829
1123	12.847401369149916
1124	12.90125658337825
1125	11.721734628551784
1126	13.388764699547123
1127	12.265785473794136
1128	12.370328686784067
1129	12.328632582474047
1130	12.770302424961011
1131	12.990578320858328
1132	12.958911860273963
1133	13.036572245782827
1134	12.428151289695618
1135	13.721681197571895
1136	12.44107474873582
1137	13.235264515094968
1138	14.070851269358798
1139	13.235424482119585
1140	12.89376815710922
1141	13.060932874874906
1142	13.01380229141796
1143	12.106214626626267
1144	13.674735583295114
1145	13.361781448646937
1146	13.379575516106561
1147	12.974502838267654
1148	13.266731410861148
1149	13.068198341635988
1150	13.229919475166737
1151	14.23798835479286
1152	13.705358366163464
1153	13.26145765867141
1154	12.246798270607368
1155	13.347623803566451
1156	11.77853542607433
1157	13.488581296852754
1158	12.02350642069036
1159	12.252731593422078
1160	13.683733696226875
1161	12.780404576660521
1162	13.310968051777909
1163	12.527811030603267
1164	12.348403720246628
1165	13.085885537439026
1166	12.005075142224596
1167	12.737414445084141
1168	11.751216780050768
1169	12.815473590037778
1170	14.4199390132042
1171	13.1587168364904
1172	12.98669875215936
1173	12.947750764986777
1174	12.658122905278661
1175	13.44343096447785
1176	13.530731842908162
1177	12.206223584616694
1178	12.206780514753293
1179	11.852277593809909
1180	13.167395320863141
1181	12.870060707877489
1182	13.260761580447008
1183	12.602406772760867
1184	12.637604872915876
1185	13.476464651925626
1186	14.416943114955163
1187	11.766287739087723
1188	13.646488211581211
1189	13.065134556887163
1190	12.076544978636651
1191	12.802662772483018
1192	12.438403368381723
1193	13.143148051069998
1194	12.490266888564037
1195	12.423386155489547
1196	13.342613350555492
1197	14.772740445001201
1198	12.601286337579234
1199	12.051616974366846
1200	12.725031051309392
1201	12.92338178981845
1202	13.695734966474152
1203	12.761992143486472
1204	12.540047309384516
1205	12.336634937784304
1206	12.4087972291272
1207	12.817939675541743
1208	12.116594512961342
1209	13.765474545240592
1210	12.92625956090883
1211	12.315339204373975
1212	13.404368281345512
1213	12.780473249040078
1214	13.108146589059526
1215	13.245940946699239
1216	11.849235468294433
1217	14.740275639331719
1218	12.749939740749992
1219	12.311400453574105
1220	12.331449954613522
1221	12.757036573484324
1222	13.713494723075414
1223	12.736085568014442
1224	12.798946355469525
1225	11.95324295663397
1226	12.460821025322012
1227	13.85682389699962
1228	12.518246634295537
1229	14.130671349692246
1230	11.828778153136021
1231	11.85342489970378
1232	11.938779299551921
1233	12.822303707739621
1234	15.440300242274624
1235	13.147719232132658
1236	12.950283008354964
1237	11.961434155844014
1238	12.72911676786947
1239	13.878097967803479
1240	13.521696957968675
1241	12.932377008992232
1242	12.338985864171992
1243	13.988953121565283
1244	13.440507685559345
1245	12.500300801216001
1246	11.966066115991334
1247	13.296103898749257
1248	12.249954597036476
1249	12.581548667813397
1250	12.040913825632916
1251	12.798651036104332
1252	12.644570987069406
1253	13.092883403033305
1254	13.784638556890016
1255	12.103956616534244
1256	12.943137428901885
1257	12.641579329663887
1258	13.31627011672551
1259	12.245597701777958
1260	11.997196986221454
1261	12.1867801516683
1262	13.398721648394844
1263	12.419380072962667
1264	12.877313952153942
1265	13.03119395874605
1266	12.636553815200438
1267	14.332274111008326
1268	12.680879814976029
1269	12.920951704873886
1270	13.172374779113836
1271	12.729160009678374
1272	13.220274775766557
1273	12.930825515667333
1274	12.503955868281961
1275	13.50587105625393
1276	12.155513060512021
1277	12.529968927046866
1278	13.222814731201844
1279	13.13608144436377
1280	14.130515826051123
1281	13.447718592292524
1282	13.702402204896012
1283	13.034121108453556
1284	12.047531467993517
1285	13.283357814745978
1286	13.779267911823661
1287	13.225223549906339
1288	12.331710952532012
1289	12.91603068997799
1290	12.877528300954664
1291	12.27041207054142
1292	11.590166849611784
1293	12.098646758746526
1294	13.098149772064497
1295	12.636433963773875
1296	12.88484040266942
1297	14.567373812691816
1298	12.263367503831955
1299	13.490664150715684
1300	13.20966920405268
1301	12.962697646580637
1302	12.956973815490054
1303	13.909013959024717
1304	13.471225089013775
1305	12.60063254981651
1306	12.442422431621415
1307	11.844724064191373
1308	13.137022577790393
1309	12.743616772556495
1310	13.41672028063354
1311	13.205360706475258
1312	12.586749765095819
1313	12.15671906007957
1314	12.812104892598146
1315	13.019554262831726
1316	13.40962033027975
1317	12.56539872994687
1318	12.597175920453783
1319	12.85403775119231
1320	14.549522536598017
1321	13.343305336466113
1322	14.87754541678199
1323	13.340871443864382
1324	13.363573454341163
1325	13.409784954571263
1326	13.393487447155024
1327	13.415206046502751
1328	13.601884156811792
1329	12.570127325973738
1330	12.362491382287704
1331	12.812414965819476
1332	12.489659408657728
1333	12.663943574967819
1334	12.950074059975822
1335	13.889226168084258
1336	12.969365657062436
1337	12.652666452187551
1338	13.223606723258413
1339	12.802259100784015
1340	13.399107106796311
1341	12.577228707672996
1342	12.752980895686651
1343	12.634363625913558
1344	12.229819405947838
1345	12.218055774996534
1346	12.819079691572801
1347	12.156297748417856
1348	13.341986098513008
1349	13.317273385915906
1350	12.924058428289733
1351	15.432176181022077
1352	13.58604820071976
1353	12.259929983434503
1354	12.708484729578718
1355	12.284520430415046
1356	13.058850047567189
1357	11.86277418515507
1358	12.153552412278799
1359	13.5780386287242
1360	12.723354736648483
1361	12.594027761640584
1362	13.039189752436577
1363	11.928958634204209
1364	13.028355353059904
1365	12.970680531455612
1366	12.377276760369929
1367	13.155546084801124
1368	12.978062572806612
1369	12.10781616708868
1370	12.591946454262072
1371	13.547480613600012
1372	14.165608248981778
1373	13.722874734132924
1374	13.147279047705155
1375	12.4433196503838
1376	13.197538617164405
1377	13.285365605302612
1378	12.550596779159715
1379	12.605083985791795
1380	14.26936105317781
1381	13.267692045366081
1382	12.563830305393621
1383	12.477877407341593
1384	12.75164067153545
1385	12.345294453082051
1386	12.841500843359999
1387	11.667321083108877
1388	12.888250066129881
1389	12.157196830280803
1390	12.771227395157421
1391	12.355913651924467
1392	12.71162738633433
1393	12.165802915761178
1394	13.107774429632087
1395	13.929422535825031
1396	12.76854979291787
1397	12.500460784306547
1398	12.231732473367204
1399	13.114047481635403
1400	13.277571693693615
1401	12.635400323573656
1402	12.259273397111935
1403	13.131081158766708
1404	12.569572866282403
1405	12.614187133245412
1406	12.684028622531539
1407	13.945762461832386
1408	13.45388940731156
1409	13.466975783104456
1410	12.150798142732432
1411	12.591331786601879
1412	12.953368889805567
1413	12.263341872886356
1414	12.241529528471442
1415	13.461123043404429
1416	13.345582208422533
1417	12.373823888039139
1418	14.06076740497204
1419	13.074389473014564
1420	13.197692183181317
1421	13.170256175612298
1422	13.220016678423585
1423	13.032069549932942
1424	12.510900521502943
1425	12.356557372789082
1426	12.791668863352902
1427	12.018803158222676
1428	13.455756735738136
1429	11.52869794354774
1430	12.525965010923455
1431	12.97674082460805
1432	13.532171481506278
1433	12.790824346547204
1434	13.438797944437413
1435	11.852064504046746
1436	12.345292935420176
1437	12.066461403972804
1438	13.160937722704546
1439	11.610126384680031
1440	13.30429623642459
1441	12.70789637578213
1442	12.449150658497656
1443	12.592715217515199
1444	12.362984042595988
1445	13.945152061666773
1446	12.726902928318857
1447	12.729053420003135
1448	12.761168286823178
1449	12.748715866239847
1450	14.146535548345687
1451	12.517406647685707
1452	12.771200155457926
1453	12.66623088825533
1454	13.582141716026321
1455	13.782700623684157
1456	13.771964172176663
1457	13.127629164091132
1458	13.858265575591599
1459	13.761869793375757
1460	12.699329654636422
1461	12.676957536037927
1462	13.422233798120532
1463	12.867423925470545
1464	13.198460389302406
1465	13.450767175897207
1466	13.6390442565203
1467	12.60023217753596
1468	12.714498866385147
1469	11.872423498617
1470	12.189439431099206
1471	13.37283277223134
1472	11.88200080400618
1473	12.533000329652658
1474	12.811987165789608
1475	12.985543354358866
1476	12.387050781589002
1477	12.403786703253411
1478	12.158403662684247
1479	13.11790061019201
1480	12.376076966445263
1481	12.447968994740773
1482	13.329556460395667
1483	13.53504148570355
1484	12.279266792023554
1485	12.582269038025904
1486	13.05340130607894
1487	13.796259242523645
1488	12.992525635017685
1489	13.229567583037639
1490	11.695233299794447
1491	13.086185876214955
1492	12.218767217834127
1493	12.284880466668852
1494	11.750322131817475
1495	14.28538340530685
1496	12.642745493095287
1497	12.979182700737594
1498	12.93438459154047
1499	12.723935428162804
1500	13.492292945545632
1501	11.922858802889206
1502	12.736262962163892
1503	11.759983336621895
1504	12.459871959304763
1505	12.707768800888664
1506	12.51425965813299
1507	12.90240889924462
1508	14.654097852007967
1509	12.30598381116163
1510	12.498304350624892
1511	13.244555198102413
1512	12.855869748813777
1513	12.031976054211805
1514	11.769414183101617
1515	11.939861606274333
1516	11.792802603373335
1517	13.449000802276036
1518	13.557268717879445
1519	12.500615035247643
1520	13.378914013623161
1521	12.538423556340405
1522	12.194501179336116
1523	12.75083219845879
1524	12.878820444813327
1525	12.263492883198847
1526	12.662713961301051
1527	12.253982267148809
1528	14.466977564718823
1529	12.948779029059022
1530	12.4462618632819
1531	13.205355100042194
1532	12.235135937914519
1533	12.827177358452932
1534	12.704044134608315
1535	12.6796213595391
1536	13.327322996865723
1537	12.450914895476307
1538	13.832434578044499
1539	12.959020716308792
1540	13.337213997382811
1541	13.76356865093311
1542	12.375465063978586
1543	13.275274798874612
1544	15.295852742017468
1545	13.407406010714618
1546	14.099964095327241
1547	14.122520447211592
1548	13.217428043234072
1549	12.771001373345559
1550	13.306494669732128
1551	13.387728378828253
1552	13.344564592208044
1553	12.439309163666444
1554	12.107627592287622
1555	12.887225680068324
1556	12.308754570947183
1557	13.373397775239937
1558	11.990078489007107
1559	12.642793477870311
1560	12.301064354694672
1561	12.832328220670538
1562	13.817868982378895
1563	11.901368039200413
1564	12.668342773077535
1565	13.016868754932815
1566	13.007929818485476
1567	13.342315687030117
1568	12.990415617675437
1569	12.774649298021467
1570	11.772297087323283
1571	13.639247826531614
1572	12.3149672808874
1573	13.160990802886426
1574	13.826630656304367
1575	12.963880454026162
1576	12.774721903491809
1577	13.45876653698569
1578	11.836065900074889
1579	12.656756891428293
1580	13.236415981705068
1581	12.506604673110164
1582	12.493124188783325
1583	12.73277203217194
1584	13.059040669993433
1585	13.181410581391104
1586	13.430938812114027
1587	12.928390801932121
1588	13.490351955747617
1589	12.529526111370211
1590	12.909527563738475
1591	13.249129529371686
1592	12.875779500180037
1593	11.856757498606491
1594	12.82156859709554
1595	12.777873973297172
1596	12.137253193642296
1597	12.988687751641702
1598	12.69109009114261
1599	12.763160820006059
1600	12.765266513600501
1601	12.963513290136726
1602	12.246644402413557
1603	13.681193403901394
1604	12.037344266051734
1605	13.205079764086296
1606	13.06369509924012
1607	12.59671190929966
1608	13.532119876748766
1609	13.757981633932042
1610	12.622558623581426
1611	13.046672591010324
1612	13.079176671542067
1613	13.94407531968318
1614	12.539263789577985
1615	13.485875409014062
1616	12.3847207969501
1617	12.652556398074791
1618	12.510213192410447
1619	13.333886637189426
1620	13.386231055725077
1621	13.173564438355555
1622	13.411515156779044
1623	12.49766398823982
1624	12.692068610755989
1625	13.715988578931299
1626	12.27545457070006
1627	12.105456132834123
1628	12.6105250013626
1629	12.22090411214891
1630	13.619845810973764
1631	13.342049951591983
1632	12.767940131069512
1633	12.823987651885831
1634	12.845198478462407
1635	12.014545176852101
1636	13.020420765739749
1637	12.866234725655621
1638	12.392073291967234
1639	12.98954491584132
1640	12.727801896946403
1641	12.459194630830865
1642	13.038575341117548
1643	13.10307416621191
1644	12.829979779497183
1645	14.3631091051791
1646	13.437970288164125
1647	13.721246113898957
1648	13.054662547497768
1649	11.922111814368575
1650	12.652214735808473
1651	12.884316472592069
1652	12.409982690883233
1653	12.91692525294888
1654	12.721168838886609
1655	13.091898623561221
1656	12.179679583579182
1657	12.528700965809236
1658	12.66820355540465
1659	12.968815646191503
1660	12.031759253492117
1661	12.039931184552067
1662	13.581545168103936
1663	13.685846829726067
1664	12.27232394642288
1665	12.69625813831426
1666	12.933109631028998
1667	13.03212104940975
1668	11.94418212644861
1669	12.846122383609414
1670	13.254125894288617
1671	14.458280574784899
1672	12.507792805575868
1673	13.20023604350674
1674	12.373397633177229
1675	13.051231415365045
1676	13.662849487061612
1677	13.349326772886593
1678	11.864514709418248
1679	13.599767848041237
1680	13.063569383804706
1681	12.365099151522907
1682	12.810843548256662
1683	13.70592026768169
1684	13.102159206921767
1685	12.612868405788221
1686	13.068963935013016
1687	12.025782122049572
1688	12.839665783327344
1689	12.076395129855623
1690	13.141332125602355
1691	12.569984296091576
1692	12.098277003308171
1693	14.507756639042992
1694	13.897214944489475
1695	12.439000008629797
1696	11.913971743266126
1697	12.297495566767752
1698	12.799534195564963
1699	12.790011393950087
1700	13.434337317945364
1701	13.107345246267686
1702	13.652850829472854
1703	12.617004593924017
1704	12.491373609729905
1705	13.064647211504177
1706	12.11152967216804
1707	13.27213945186808
1708	12.603264796715143
1709	13.052645881962555
1710	13.627719724411543
1711	12.147102355427705
1712	13.195988518668663
1713	13.681320009270548
1714	11.749268619966056
1715	13.193799663695664
1716	13.71130420067004
1717	12.299752697550012
1718	12.124644889933334
1719	13.034133287364966
1720	13.09611333203274
1721	14.621961250818943
1722	12.593127925839292
1723	13.200553438167036
1724	11.761239214445133
1725	12.038084051876115
1726	12.432470817956178
1727	13.51174223093687
1728	12.218359217401748
1729	12.690000743244617
1730	14.158663751992496
1731	12.721299387462466
1732	12.847245778586956
1733	12.642820209416602
1734	12.856249206067192
1735	12.592805930327863
1736	12.059956533026908
1737	12.49553920418839
1738	12.800086882766724
1739	12.976220086247391
1740	13.12044692114513
1741	11.811871942475367
1742	12.022426920592785
1743	12.372779903310583
1744	14.323287949859738
1745	12.612598433068099
1746	12.28288741981347
1747	13.143122700917605
1748	14.296751250812251
1749	12.771617376525363
1750	12.845806687839422
1751	12.602928657384622
1752	13.507479227642536
1753	13.212661898464042
1754	12.06696364490091
1755	12.035694017672169
1756	12.656693857313119
1757	12.92975627505048
1758	13.649595176032403
1759	12.163544480246705
1760	12.367181168253106
1761	12.226201630328077
1762	13.254154486949085
1763	12.880632692697395
1764	12.236209732889565
1765	13.769520106395234
1766	12.51321933979132
1767	14.02987468256257
1768	13.696116975457407
1769	12.884492073313176
1770	13.150346582922024
1771	14.172954767207173
1772	12.784536392185984
1773	13.267859073091124
1774	12.859872866429388
1775	12.599101197151327
1776	12.6662402783965
1777	13.518513152387861
1778	13.439907318415322
1779	12.76402350389357
1780	12.402139116346167
1781	12.204755768360224
1782	13.423350502784627
1783	11.959736658047127
1784	12.847563077262718
1785	12.217510924879777
1786	13.81619647229327
1787	12.565472125599051
1788	12.925041916889963
1789	13.28437121384195
1790	12.776274407765507
1791	14.410225317414062
1792	12.284148036228887
1793	12.000864694651147
1794	13.130300436481834
1795	12.292868220071782
1796	12.81185647770339
1797	12.629130977484998
1798	12.819864970375233
1799	12.88281961936419
1800	12.760654412605398
1801	12.752550254835903
1802	12.84740480580774
1803	13.587756190746505
1804	13.116646030998822
1805	13.153909453516826
1806	12.28153229512644
1807	14.188297257364805
1808	14.328128276562317
1809	13.011250430848175
1810	12.909772909658727
1811	12.755981164323002
1812	13.17662389492781
1813	12.447683003485306
1814	12.787967448073886
1815	11.985169740915932
1816	11.755246181105447
1817	12.516842098790221
1818	13.773222330427103
1819	12.26264330469064
1820	12.897661083013631
1821	11.91110437814026
1822	12.424492519304703
1823	12.258250461527997
1824	12.746071091869078
1825	12.722680206060273
1826	12.364506932979982
1827	12.503449740340793
1828	12.863378172427224
1829	12.959745223991815
1830	12.13225011771609
1831	12.552165215755942
1832	12.717747565194884
1833	12.977729712505331
1834	13.699044753463891
1835	13.20826520288869
1836	12.961376863631845
1837	12.53015160124561
1838	13.557607252690298
1839	13.314297071429
1840	13.696767831195572
1841	12.597767016308381
1842	13.211949979388711
1843	11.684536998981217
1844	13.307874484438534
1845	13.08059151279874
1846	13.010091579773404
1847	12.5795267772628
1848	13.272657761516147
1849	13.084928602297255
1850	12.724184497070166
1851	12.448544600309567
1852	12.74720264616815
1853	13.346175298547937
1854	12.3092589050005
1855	12.798849533377215
1856	11.998100302280172
1857	13.128951586669501
1858	12.353774257774528
1859	13.67050578273345
1860	12.589761105761276
1861	12.283010132629675
1862	12.438767410495114
1863	12.452504915394607
1864	13.296538867061395
1865	12.63865139849159
1866	12.175153813235132
1867	12.026849500875688
1868	12.51022899394855
1869	12.684144615005398
1870	12.692481516946426
1871	12.751138244240751
1872	12.440479973055577
1873	11.913131208597905
1874	12.28884229124824
1875	14.08158799345399
1876	11.744132981680563
1877	13.98275737853201
1878	12.223312414822011
1879	13.155654966786274
1880	12.139311280627563
1881	12.713132996002212
1882	12.587078822265244
1883	13.455932331395953
1884	12.988788158746296
1885	12.98518547112267
1886	12.485279394513261
1887	13.017184780128813
1888	12.587591025016254
1889	13.482956603389093
1890	11.937616374557061
1891	12.97860032762813
1892	12.301477100269404
1893	12.375684182471394
1894	13.780699919046834
1895	12.952415981866835
1896	13.478891420030855
1897	12.662857634995598
1898	12.896443035018047
1899	12.0394734971284
1900	13.898437717717233
1901	12.568623019588578
1902	12.744642136203705
1903	13.507565531685001
1904	12.993208658875135
1905	12.322162874639034
1906	13.440319342100217
1907	12.08297704153247
1908	12.421753746354415
1909	13.094355046364528
1910	12.483818148016608
1911	12.657913906345229
1912	13.037286588767591
1913	12.567485276682834
1914	12.938643687485676
1915	13.87705899835249
1916	12.292616517368593
1917	12.8318447938965
1918	13.489442785809588
1919	12.816389581406607
1920	12.943194371578283
1921	12.932908877313391
1922	13.496381990083526
1923	12.75692414107459
1924	12.320428214202236
1925	13.87195541478728
1926	12.330315483381069
1927	12.545596891893252
1928	13.174944957168133
1929	12.11038315243994
1930	13.424165408540448
1931	12.753794757481586
1932	13.297846101232055
1933	14.321757484597832
1934	12.982695552415878
1935	12.391559358756698
1936	13.509814238612785
1937	12.612204029657212
1938	13.294635772503996
1939	12.690040166849109
1940	12.358274355375519
1941	13.40341834904279
1942	12.544873800596784
1943	13.804036856595692
1944	13.45078907075471
1945	13.843425372254877
1946	13.75447162251596
1947	14.079742023748276
1948	12.928287747034464
1949	12.513483881216407
1950	13.54283481992476
1951	14.150402120495215
1952	13.311744986806298
1953	12.30744620287519
1954	12.466441039053674
1955	13.63116384166736
1956	13.096954150011808
1957	13.029065237863263
1958	12.20569980162259
1959	12.923834737964444
1960	12.916690501541813
1961	12.349856779634274
1962	13.299405572288958
1963	12.40100470795296
1964	13.232565590225457
1965	13.40531446047566
1966	12.175483067633115
1967	12.911963046103542
1968	12.901540687287227
1969	12.856978604894168
1970	12.581512677126739
1971	13.125366289758757
1972	11.688797829881016
1973	13.285986091000959
1974	12.751504087303477
1975	13.497947788408657
1976	13.043165847573581
1977	13.586980854290216
1978	12.765777457775384
1979	12.193519535590895
1980	11.99765312107239
1981	13.357842119893542
1982	12.5210162345854
1983	12.455929110158555
1984	12.680622201215426
1985	13.030453322064131
1986	12.103113140601115
1987	13.358134180586784
1988	13.187666143476964
1989	12.586688553660775
1990	13.11561682999879
1991	12.982245830499105
1992	14.217454708961878
1993	13.065363755410251
1994	12.574678510289893
1995	12.529288224992342
1996	13.916241579591501
1997	13.006138801226392
1998	12.925510577661152
1999	13.42208574253235
2000	13.147635753351034
2001	12.891668973892175
2002	13.200173558482057
2003	13.673725418489015
2004	12.376747314170158
2005	11.958451866385014
2006	12.943486982500488
2007	12.094272974686566
2008	13.508152308406146
2009	12.92185131942693
2010	13.33539706355143
2011	13.12017585554599
2012	13.321266863581894
2013	13.548600834080457
2014	14.301035511725756
2015	13.09098340375952
2016	12.423508223071094
2017	14.24460376399093
2018	12.548725297510693
2019	12.663628757311834
2020	12.908895631906042
2021	13.132869283519296
2022	12.395528634756545
2023	13.472075828628686
2024	13.02602352967269
2025	12.850631585799505
2026	13.58213821633625
2027	12.633592629257851
2028	12.393032704426775
2029	13.236872531923101
2030	13.371958885946826
2031	13.684353893188138
2032	12.390902101775154
2033	12.474209473380458
2034	13.22537699339547
2035	12.47671388813667
2036	12.530981933581643
2037	12.645032924583164
2038	13.204062613205762
2039	12.774497922105715
2040	12.383918580822094
2041	12.258263759723068
2042	12.762469402376214
2043	14.896697399901285
2044	12.715005463769659
2045	12.938096981775015
2046	12.26208264544181
2047	12.62176782984863
2048	12.601105704317998
2049	13.157417647116102
2050	12.914353293811903
2051	13.100412666933304
2052	13.29095686067248
2053	13.202009103633463
2054	13.567914848352169
2055	12.972910292557485
2056	12.22723832705898
2057	13.767703644951563
2058	14.397809112182586
2059	12.983889991936776
2060	12.071566754456507
2061	12.53827279375776
2062	12.868331490037964
2063	13.085021511962722
2064	12.451419778260052
2065	12.042132780131022
2066	12.059981887984591
2067	14.687268146513633
2068	13.24457738503966
2069	12.668679042495034
2070	13.462050627620306
2071	13.221362618525974
2072	12.24069814207941
2073	13.597028356481344
2074	11.568263296894397
2075	12.128717094449842
2076	12.042882261278246
2077	13.393539593096323
2078	13.109794210533638
2079	12.322476086432848
2080	14.863770272787207
2081	12.696840497438513
2082	13.636160172082086
2083	13.936068227309079
2084	13.837820318107745
2085	13.656205928956968
2086	12.695564861878783
2087	13.912619310836398
2088	12.100180850190151
2089	12.621063481679046
2090	13.779142408031683
2091	12.6372197028382
2092	11.892629157978039
2093	12.859249968956906
2094	13.212719001981437
2095	12.39276265650445
2096	13.637169332237958
2097	11.976728081852979
2098	13.668284539136948
2099	12.803384060796816
2100	13.277584772062921
2101	12.257734598126262
2102	12.063852064044323
2103	14.014839602492588
2104	13.457640392929164
2105	12.970649315722232
2106	12.398789899025145
2107	11.99241982865635
2108	12.749173962877881
2109	14.108412140088747
2110	12.669224829215986
2111	12.977842368066696
2112	12.93882665829733
2113	12.371495040971004
2114	13.418525110552542
2115	12.427569485422742
2116	12.943936927417486
2117	12.986057004456425
2118	12.92346817934408
2119	12.400057753118494
2120	14.429952077253526
2121	12.63296969241128
2122	12.340463995702763
2123	12.677088751682293
2124	12.858860223877343
2125	12.544189369144334
2126	13.535502513602108
2127	13.018829023344367
2128	12.596326487003676
2129	12.887788790154445
2130	12.751633281877279
2131	12.913080683598915
2132	13.447776578924747
2133	14.072125124541538
2134	12.234939097074195
2135	12.42187103935642
2136	13.505999995870424
2137	12.484222984268749
2138	13.392137523791462
2139	12.771311547781334
2140	12.587252629573637
2141	12.59128878652367
2142	12.92337835364213
2143	13.896656656492269
2144	12.469983890139124
2145	12.492984126098923
2146	12.889653666562442
2147	13.748980861201883
2148	13.295998901836882
2149	12.344640522984326
2150	12.334492738300469
2151	13.126521839307518
2152	12.822880405954109
2153	13.055217190239494
2154	11.75091905520972
2155	13.076589974829098
2156	12.687345047614983
2157	13.391181049803789
2158	11.97974289791836
2159	14.351696877487068
2160	13.458780635874719
2161	13.155848935527805
2162	12.220455020809702
2163	12.423385459167047
2164	12.855643652186826
2165	14.020100516553681
2166	12.626963522490662
2167	12.49275968360122
2168	11.955890090213018
2169	12.1410991205075
2170	12.6046420823028
2171	12.620597362112864
2172	14.202296975501731
2173	14.903345063738684
2174	12.601905570136354
2175	13.02073693426326
2176	13.325825052502166
2177	12.607016554377264
2178	11.86023376910086
2179	13.910042269885338
2180	12.17585017153976
2181	12.658404102683999
2182	12.575936742220769
2183	12.695177740329322
2184	12.752618889910755
2185	14.257009348177116
2186	13.683572196009978
2187	12.862932546711207
2188	12.589798516682956
2189	12.969874887500662
2190	13.026549350888672
2191	13.139442186588274
2192	12.898104782209403
2193	13.455426485277712
2194	12.832478569212576
2195	12.046565026095292
2196	13.493264401869965
2197	12.458868533448996
2198	13.866991588005291
2199	13.092940079459154
2200	13.006954095815077
2201	13.883051604509266
2202	12.291338243355442
2203	13.687004726156234
2204	12.185928580086228
2205	12.780137642835669
2206	13.124127581495792
2207	12.198755363281053
2208	12.48299609567802
2209	12.657583086243754
2210	13.17148595787509
2211	12.819501211504555
2212	12.087175343741325
2213	13.209145244346777
2214	12.858212291248933
2215	12.799072290611608
2216	13.866170553151518
2217	13.292185808954946
2218	12.923468848255517
2219	12.039451365873608
2220	11.994734640387216
2221	12.454514439862509
2222	13.46185229451436
2223	13.191008712460947
2224	12.658709488343447
2225	12.454773196667432
2226	12.5804576340024
2227	11.548566189381807
2228	12.885494172568857
2229	12.57698746864844
2230	12.290136564615429
2231	12.937262971572517
2232	13.538359683057344
2233	13.476009202706706
2234	13.564826341235035
2235	12.5304478228131
2236	13.037712771424816
2237	12.385709070215063
2238	13.447077167662195
2239	11.913384708986317
2240	13.428170119968565
2241	12.828859013868637
2242	13.244510368650596
2243	14.359777877454391
2244	12.862635969615823
2245	14.189449766610498
2246	12.249480604186408
2247	12.798698032833636
2248	12.372647101552841
2249	12.505056861150614
2250	12.95046634872251
2251	13.058737732099155
2252	12.957346326020518
2253	13.109316032290614
2254	13.159983358312399
2255	12.404990154064123
2256	14.097585704101999
2257	12.253925435181197
2258	12.355216587971276
2259	12.415103197395176
2260	12.339057761192736
2261	12.612079583553662
2262	12.372569636984238
2263	12.515938181396574
2264	12.921797954556444
2265	13.250671654404869
2266	12.3061105366061
2267	14.904318015609885
2268	12.23156696873071
2269	14.046095229502768
2270	13.487425822337778
2271	12.85580247928978
2272	12.73764929909259
2273	11.9337093881667
2274	12.557228883961216
2275	14.113535621733128
2276	13.86474599909976
2277	13.878928452714911
2278	12.861123248725852
2279	12.68945588722582
2280	12.368752993555285
2281	13.135128062585656
2282	13.352017053633656
2283	12.905112102081427
2284	13.421601526844636
2285	12.477823828391731
2286	12.563490105756117
2287	12.981739789052584
2288	12.447179004496409
2289	13.315764224218313
2290	12.064650030493544
2291	12.327043508750183
2292	13.361385479610282
2293	13.090153515896331
2294	12.661968549631537
2295	13.24918811263439
2296	13.315977943622626
2297	12.189308268845407
2298	14.265470754322799
2299	12.875589122177988
2300	13.002168845945562
2301	13.256133734936947
2302	12.293027206389937
2303	12.559405064388462
2304	12.478450554827063
2305	12.9572784275234
2306	13.439580611874247
2307	12.544759622464577
2308	12.842765146017806
2309	13.213905404985065
2310	12.479423992061175
2311	12.98223591666132
2312	13.390505469895222
2313	13.564895029887131
2314	12.453204023623341
2315	13.672446867272232
2316	12.927741916804406
2317	12.034231808898038
2318	11.930481129199645
2319	13.384677529930794
2320	12.823445940808535
2321	12.4406958702105
2322	12.946185052731177
2323	12.800073957774453
2324	13.077039298545728
2325	12.463459455835013
2326	12.332433525519837
2327	12.501704382441938
2328	12.454359625116922
2329	13.164156355364161
2330	13.718652908205836
2331	12.980183768947956
2332	13.49666512862886
2333	13.735173470786766
2334	12.419417341477756
2335	13.201112188599028
2336	12.488223039496468
2337	13.367761956023363
2338	12.286440716780026
2339	12.589658315786746
2340	12.976777403527626
2341	12.284995318656522
2342	13.45362048221752
2343	12.132245882677294
2344	14.122762497473023
2345	11.648194544681314
2346	14.091083327376541
2347	13.146801338515381
2348	13.362249447895985
2349	12.732409626090279
2350	12.725437440168967
2351	12.921561558171211
2352	13.630694415619862
2353	13.5048354097218
2354	13.60882149876104
2355	12.95868286277513
2356	13.624940570037907
2357	12.371181228934702
2358	13.09503240769475
2359	12.708306355851022
2360	13.009503654916271
2361	13.261698076136186
2362	12.7194777724154
2363	12.648735514414797
2364	12.7410501604031
2365	11.723126822933555
2366	13.090102156825655
2367	12.143104107500138
2368	11.842727458640177
2369	13.288631704329458
2370	12.309120517028939
2371	13.524624810013801
2372	12.847192965720588
2373	12.543657244564965
2374	14.202023042592332
2375	12.837730369129186
2376	13.349253906364252
2377	13.297852337629593
2378	13.868951442189948
2379	11.941244552612336
2380	13.554873212040574
2381	13.821866369920798
2382	12.366755367190732
2383	13.247854171331971
2384	12.039080041565141
2385	12.380090278342427
2386	13.504892532581712
2387	13.359310004215997
2388	12.613604295826518
2389	12.445033632314582
2390	13.065699829891898
2391	11.95832201288374
2392	12.268001548071767
2393	12.557027730419792
2394	13.070435631038041
2395	11.756348065373585
2396	13.065399268433845
2397	12.422923521634294
2398	12.19856488277042
2399	12.823723085522134
2400	13.049167132324945
2401	12.763002589827574
2402	12.310186585687916
2403	13.23558944674647
2404	12.517791627673432
2405	12.250572603397693
2406	13.748653339207745
2407	13.997714601259565
2408	12.824725748554659
2409	12.941196032873481
2410	13.514632398138694
2411	13.248140313441024
2412	13.44600785670227
2413	12.503036341952303
2414	13.164640753714751
2415	12.93970741855356
2416	12.186263667247086
2417	12.73967823849141
2418	14.33543284939823
2419	12.467113500806473
2420	13.233772214460704
2421	12.925978971829153
2422	12.456824327399953
2423	14.004086977970372
2424	12.228378284199719
2425	12.033959942247803
2426	11.830231354579908
2427	13.091692532236928
2428	12.974342748044842
2429	12.911546389459922
2430	12.817924112201581
2431	12.070545774892155
2432	13.22573023792683
2433	13.054833545073867
2434	13.489347263201156
2435	12.95381124180707
2436	12.736756727698126
2437	12.856276360433549
2438	12.151149904574988
2439	12.471891871739277
2440	13.088648664586247
2441	12.860857204723995
2442	13.709425003954061
2443	11.590539386426506
2444	13.677995587331093
2445	12.368242572655127
2446	12.676886208262294
2447	12.662457558655126
2448	12.19986227118643
2449	13.68960615889378
2450	12.572867215607193
2451	13.272732837110992
2452	12.7313785231007
2453	13.256328528831629
2454	12.73784775030274
2455	12.612661874968289
2456	12.650232077382478
2457	12.89838242703731
2458	12.772222405126799
2459	13.774027638685618
2460	12.197136780907117
2461	12.48545868125501
2462	11.824477441005124
2463	13.030305264384074
2464	14.067732781835366
2465	12.77385407355939
2466	13.292800648227642
2467	13.76864194626029
2468	13.366391249184238
2469	14.07995398022508
2470	12.604356508007076
2471	13.14089140021562
2472	12.83293485502503
2473	14.183429819702724
2474	13.530319808974802
2475	12.374405630542203
2476	13.557831415984884
2477	12.524624120926351
2478	12.398838506237935
2479	13.002268327357756
2480	13.523110003864838
2481	11.910814560814611
2482	13.997109318131374
2483	12.350083823217366
2484	12.585897128250258
2485	13.357051199504864
2486	13.136754144422177
2487	13.284662154337424
2488	12.538205598093569
2489	13.920280810065666
2490	12.338870835662991
2491	13.820194787658876
2492	13.004974718407926
2493	12.357104825354847
2494	13.397297261868204
2495	12.898753905536918
2496	12.74897962308112
2497	11.978986863608066
2498	12.053934786370087
2499	12.9184878857891
2500	13.067290879046435
2501	12.25154324329571
2502	12.636670630923554
2503	13.48114665651003
2504	12.956514564967991
2505	12.802620125198326
2506	13.847300747885033
2507	13.977351534804752
2508	12.776726926806473
2509	12.797319990745205
2510	13.745836078839481
2511	11.838276921257377
2512	12.610767160426825
2513	12.757321618598445
2514	13.827357451866746
2515	13.429848247710126
2516	12.490641972795128
2517	11.684011892555281
2518	14.676556452211456
2519	12.264239333037315
2520	11.740524717292468
2521	12.447685652227749
2522	12.708941000622637
2523	12.505329049374753
2524	12.78186606706113
2525	13.265761397882073
2526	12.245133773186886
2527	13.832220346129832
2528	13.74400525650282
2529	12.446612049044257
2530	12.958016787631975
2531	12.282879490930503
2532	12.664487432451558
2533	12.744037542752055
2534	11.673634261735716
2535	13.136090734679648
2536	13.117842789322925
2537	13.050946645716502
2538	13.39283665014591
2539	12.508870134510708
2540	14.452401436504442
2541	13.495698895223219
2542	13.08335549489377
2543	12.547984429881634
2544	12.177839521619413
2545	12.764417009699473
2546	12.471521060134878
2547	12.855172405137555
2548	12.004193892566343
2549	12.40112506229005
2550	11.993978990987767
2551	13.085314228791127
2552	12.303856998119059
2553	12.063666464148888
2554	12.352757267042762
2555	13.594303150239408
2556	11.763454296597805
2557	13.38355540230002
2558	13.247206558860691
2559	12.856449512416427
2560	13.130798402803544
2561	12.565431353045204
2562	13.00498542454637
2563	12.548884731367231
2564	12.36749837231721
2565	12.524458601835843
2566	13.554851557271157
2567	12.705751213436837
2568	12.831844518106957
2569	13.209613374004297
2570	13.321283643332093
2571	12.351038164682379
2572	13.146386927207551
2573	12.534761615737807
2574	13.343911684940394
2575	12.601706261457952
2576	13.464635561604053
2577	12.787936068043994
2578	12.76024607137411
2579	12.001561316876758
2580	12.435526542294518
2581	13.35899314735377
2582	12.587985243942015
2583	12.721365222219555
2584	13.264669356767886
2585	13.024713573910189
2586	13.095177342161252
2587	13.420282883627806
2588	12.661223303102188
2589	12.884826757472457
2590	12.595933184023062
2591	13.613740402408439
2592	12.983287949128094
2593	12.704321229230027
2594	12.46566880033782
2595	12.73314357858576
2596	12.036507252899362
2597	12.628202823617432
2598	12.896527520550604
2599	12.85864495699449
2600	13.558159896669586
2601	12.820210308994394
2602	12.80301196731075
2603	12.24501815410519
2604	12.617718802721603
2605	14.392805467523333
2606	12.925740231063344
2607	12.878283929736686
2608	14.634871489972673
2609	12.90541662082767
2610	11.790760188152626
2611	12.788254871455809
2612	13.121977160891724
2613	13.168823656766094
2614	12.629961883974781
2615	12.286200140976828
2616	13.901172011372607
2617	12.594506644976459
2618	13.126834271937959
2619	12.263546536983418
2620	13.383004566784411
2621	12.952665490341431
2622	13.316847293075543
2623	12.452365362600514
2624	13.005067344021949
2625	11.901634771084456
2626	12.85862214774148
2627	12.172714052956467
2628	12.590147583847019
2629	12.254966950591873
2630	13.69712289492786
2631	12.557306139007212
2632	13.911154715064914
2633	13.012637226087651
2634	12.747013693355024
2635	13.171760552981869
2636	12.62750285414586
2637	13.090539840191765
2638	13.416695278658942
2639	12.652814608861638
2640	12.881403575432213
2641	13.610925000869548
2642	12.558525155739565
2643	13.152362799871227
2644	13.07900165595735
2645	13.036071334249126
2646	13.116144096645398
2647	13.936412943739445
2648	11.870403225094941
2649	13.660528745597754
2650	12.639958175458014
2651	12.801979433340223
2652	14.143284785790277
2653	12.64341861190552
2654	13.68113503693844
2655	12.755889736654927
2656	12.959019570012002
2657	12.932923755276947
2658	12.409362981621936
2659	13.252197669065069
2660	13.062215595273301
2661	13.180080312229219
2662	12.189567719937413
2663	11.991288478752978
2664	12.620910493439114
2665	12.472727041370753
2666	12.322230964899063
2667	13.349124044428992
2668	12.940833726502463
2669	12.93870336579765
2670	13.196086850330294
2671	13.280006306960551
2672	12.34467361739371
2673	13.970321459954398
2674	12.5593738377879
2675	12.03676719390074
2676	12.480904009704053
2677	13.78370319553263
2678	14.375464225697215
2679	12.86351258547374
2680	12.649212461719854
2681	12.9928202788648
2682	12.070079877829636
2683	12.937103538752947
2684	12.99719449168501
2685	14.13816873009166
2686	13.73344122150343
2687	12.200835488191807
2688	13.173765107199099
2689	12.898078074542406
2690	13.05490874130355
2691	12.382480004631983
2692	12.747173537386825
2693	13.351005939972522
2694	13.537501248593376
2695	11.843280539946909
2696	12.721862478724992
2697	12.642682078543626
2698	13.342007885669645
2699	14.149549678418904
2700	13.135919872488582
2701	13.791805108840622
2702	12.448644609473247
2703	12.85722509901118
2704	12.37690994264653
2705	12.708816125262969
2706	11.96286118363787
2707	12.797501569805558
2708	13.844957989437747
2709	12.75617544749229
2710	13.045626661481126
2711	12.686629851345002
2712	12.927542487037037
2713	12.597643830488787
2714	12.646125161225038
2715	14.106228448349492
2716	11.84249500252904
2717	13.757628754575059
2718	12.865927323632475
2719	12.77555799912495
2720	12.049278825101913
2721	15.154199317653326
2722	12.28231151053781
2723	12.437218418610948
2724	12.340119401026595
2725	12.655763042455312
2726	12.170878957576035
2727	13.076688988515954
2728	11.877193531530546
2729	12.18046956299982
2730	13.165294482129125
2731	12.951027060601001
2732	12.05763981603086
2733	13.862054401287335
2734	11.880999412736855
2735	12.781403143697226
2736	12.257861542638606
2737	12.994627993201206
2738	13.657076879866299
2739	12.211221134652739
2740	12.25218020840594
2741	12.928044628016792
2742	11.739888522597102
2743	13.595598824467995
2744	13.605607149358136
2745	13.085775472116003
2746	11.696395939815789
2747	12.409099510572373
2748	13.249749815104076
2749	12.137726231703594
2750	13.928826555413991
2751	12.639795950226738
2752	13.261793584767569
2753	12.897221432257798
2754	13.701724561810073
2755	12.120314106558784
2756	13.156524881745268
2757	13.838742520002079
2758	12.7945130431251
2759	12.864886592420884
2760	14.091081746231632
2761	12.632796373137314
2762	13.01440153199233
2763	13.739719107419253
2764	13.454743515784365
2765	12.776251589403307
2766	13.053585551616113
2767	12.145698818086126
2768	13.755629202767619
2769	12.662209342903225
2770	12.724357269810174
2771	12.538466448373772
2772	12.26385105915512
2773	13.057851072192747
2774	12.343441249005991
2775	13.468020914234629
2776	12.385132394048549
2777	12.449525597274274
2778	12.202535143754542
2779	12.924291359536626
2780	12.779359430070642
2781	12.95968000836811
2782	13.84283512146858
2783	12.338447272954188
2784	12.18780707004522
2785	12.669196310502333
2786	13.250827484176357
2787	12.942286190831572
2788	13.137943527075983
2789	12.176510201097459
2790	12.801155653694629
2791	12.331786978029413
2792	12.624046660866588
2793	12.817377015173532
2794	12.770564060773669
2795	13.079769207687493
2796	12.019669524831292
2797	12.338280189751337
2798	14.426536783181701
2799	13.755178263046924
2800	12.84555820141395
2801	13.833398306632743
2802	12.616876233573654
2803	13.321713964960198
2804	13.331339582762922
2805	12.941505196748391
2806	13.673520548305818
2807	12.279995675823928
2808	13.56422606205023
2809	11.909794481695636
2810	12.432283279683688
2811	12.677578816331144
2812	12.946601427031977
2813	12.936455190065317
2814	12.845411364858862
2815	13.624401912833232
2816	12.337962934464061
2817	12.905288884561742
2818	12.305818623774261
2819	12.904025103259832
2820	12.481452034636385
2821	12.464973334747514
2822	12.683755710349942
2823	12.833400315269554
2824	12.893050877332687
2825	12.268424686537507
2826	12.41458489868219
2827	12.031888056950963
2828	13.087617292781646
2829	12.912125374861377
2830	13.884424896417734
2831	12.034618828354565
2832	12.321100884223018
2833	12.91358055965975
2834	13.574041931848306
2835	12.265802943434876
2836	12.868850930128247
2837	11.795106854418902
2838	12.321316161734039
2839	12.961479667670144
2840	13.141158447565385
2841	12.939020773089064
2842	13.04978408917027
2843	11.902690490793198
2844	12.317191112419772
2845	12.900055438294217
2846	13.236847069989194
2847	11.450148067049062
2848	12.584948624648591
2849	13.400248327828187
2850	12.777482605684233
2851	12.560035753991059
2852	13.526334235758716
2853	12.823388336641134
2854	12.576374385218758
2855	14.96821243211599
2856	12.878758905031386
2857	13.142163046212358
2858	12.582583225716483
2859	12.941736586236706
2860	12.471614331007004
2861	12.294916565169025
2862	13.759810112265608
2863	12.861823370890379
2864	13.341883665349867
2865	13.712533607645973
2866	13.908360477218983
2867	13.444052766048417
2868	13.412202973368888
2869	12.561457429421337
2870	12.466794196479187
2871	12.257833852465005
2872	13.44660569015007
2873	12.974200381994272
2874	12.20606704240098
2875	12.935877630968013
2876	13.519528355068443
2877	13.4360418152818
2878	12.386816322307048
2879	13.759022445363158
2880	13.490229537069766
2881	13.765264731652039
2882	12.677518293023846
2883	12.245181319625893
2884	12.005901420904996
2885	15.080057170421172
2886	12.197569601289514
2887	12.068000791294702
2888	12.834651249084466
2889	12.848531960688456
2890	12.321256625486653
2891	12.635131127806014
2892	13.401085758222969
2893	12.927729581042918
2894	13.325626657109472
2895	12.695151722985743
2896	13.546161067244817
2897	13.325846893359751
2898	11.724792446803555
2899	11.909599280277313
2900	12.59062068399362
2901	13.326711633333119
2902	12.673689698302105
2903	13.47629452090061
2904	13.4223800887897
2905	11.889481223710291
2906	13.665522877585746
2907	12.58967516662538
2908	14.44864345138693
2909	12.724356420705634
2910	12.174814877683495
2911	13.386504238552964
2912	12.742835785539048
2913	13.091139543662246
2914	12.992902590282577
2915	12.601818909872579
2916	13.70586890515073
2917	12.265970523589203
2918	13.480548975627041
2919	13.228719259686768
2920	12.794242236235489
2921	13.42841962428993
2922	12.730561957921832
2923	12.981931160300324
2924	11.991190991283824
2925	13.460299093568846
2926	12.86709238699574
2927	12.943658506099242
2928	13.256363380940028
2929	13.501677082422534
2930	13.178073045660064
2931	13.89106183961284
2932	12.878238531250277
2933	13.402377358285838
2934	12.985608144120677
2935	13.04573352946489
2936	12.933024186049462
2937	13.117821456421932
2938	13.003344028917907
2939	12.561639665599124
2940	12.147026794327152
2941	13.105405162501016
2942	13.530615064999306
2943	13.04789190401425
2944	13.155670853506308
2945	13.24514262180039
2946	13.052588929703354
2947	12.972316399533561
2948	12.759183252502655
2949	11.959502754009966
2950	12.66602068204576
2951	12.957347324761233
2952	12.143159837592234
2953	12.816021935489902
2954	12.494807634811751
2955	12.846549494302003
2956	13.95473944714529
2957	13.567691709971191
2958	13.120370706321376
2959	12.86583225278022
2960	12.700059054107607
2961	13.740287403829331
2962	13.496004074060043
2963	12.578004501097826
2964	12.913939897501841
2965	12.313199728411501
2966	13.933937338482588
2967	13.005068946783668
2968	12.723697795104611
2969	13.36031457867227
2970	12.861443140372439
2971	12.661879186186365
2972	12.5876638867723
2973	12.545896633859037
2974	13.170151283755564
2975	13.725310456762013
2976	13.654665442386595
2977	12.93988439673989
2978	12.386190444095403
2979	13.31584738673851
2980	12.683963914847926
2981	12.674935815775333
2982	13.238870056309679
2983	12.894526949749352
2984	12.907397045462858
2985	12.923890489708775
2986	13.715380501824859
2987	13.51574884202595
2988	12.196505867437843
2989	12.708072027686285
2990	12.020017178678959
2991	11.625271206960464
2992	13.507575039645996
2993	13.804514790995803
2994	12.112269737168454
2995	12.87553011401132
2996	11.865711681945895
2997	13.044242523727007
2998	13.744489803095348
2999	12.774493924912294
3000	13.89576415124342
3001	12.395878337705026
3002	13.523431996173155
3003	12.419064910331903
3004	12.994427173186772
3005	12.963840217579023
3006	12.592941496485162
3007	12.74806480670882
3008	14.216977548719612
3009	13.288115011725449
3010	13.151042156065593
3011	12.504641047129759
3012	12.894874209585458
3013	12.311676626894297
3014	13.439124153919636
3015	13.466600730200298
3016	13.83830858306643
3017	12.211170834516558
3018	12.790293383433823
3019	12.730320075954396
3020	13.01853991833967
3021	12.1359305290422
3022	13.139293450641178
3023	13.094421801536868
3024	13.797332425780212
3025	13.530379287616425
3026	12.443841496740268
3027	12.153155296679726
3028	13.701496372223428
3029	12.771183549101336
3030	13.334051690093474
3031	12.563178411447534
3032	13.048681200433906
3033	12.619270627655089
3034	13.045988495345227
3035	12.403262573866336
3036	12.695873433415017
3037	12.625540511592629
3038	13.30392377031967
3039	12.993336424198736
3040	12.593302747745692
3041	13.401674128775282
3042	13.873261039125559
3043	13.043311641456034
3044	13.25656629865591
3045	12.891849171584472
3046	13.275238532986492
3047	12.196735417907403
3048	13.425843881660189
3049	13.090423907229114
3050	12.446175392441452
3051	13.48386311935665
3052	12.515052279011353
3053	13.756495844042334
3054	12.43758182039672
3055	12.678853496962244
3056	12.621833049523223
3057	13.164218660355507
3058	13.44949401102563
3059	12.539208439567973
3060	13.215278617085954
3061	11.358743642356146
3062	12.668386813623199
3063	13.132882116345206
3064	13.436868935315765
3065	12.827799966116244
3066	12.26021887190658
3067	12.831493498178933
3068	13.225471789193781
3069	12.780480752812455
3070	13.8616241148673
3071	12.618469290839473
3072	11.84509338595182
3073	14.244209504740175
3074	13.401818002804841
3075	13.097566476501074
3076	14.212388760311375
3077	12.285813503853747
3078	12.786761470534632
3079	12.471301846738877
3080	12.466096781636113
3081	12.505409851007903
3082	13.053553292961887
3083	13.393866001850586
3084	12.244795491845396
3085	12.151044387895945
3086	11.882197488676438
3087	13.412386148289794
3088	12.180514150451868
3089	13.163130431973629
3090	13.15113384682112
3091	13.161795191928556
3092	12.270516997156665
3093	12.720528010562571
3094	12.632455862799866
3095	12.441489111983941
3096	12.69962536789689
3097	13.459367773377226
3098	12.944491693618792
3099	13.174142266019382
3100	12.714324137188889
3101	12.653877269813854
3102	12.90116878777512
3103	12.851912835623807
3104	12.132422785748375
3105	12.812156800014366
3106	13.298031522008086
3107	13.194909765360583
3108	12.501139960568047
3109	14.726158259208832
3110	14.067000462669519
3111	13.366824295013837
3112	12.44021242796335
3113	12.683506432886622
3114	13.284927478084212
3115	13.653077950164363
3116	12.933212000986233
3117	12.282254327088594
3118	12.18613595219913
3119	12.566730748371196
3120	13.905737647297398
3121	13.792164078707962
3122	12.68974910889967
3123	12.585268913080043
3124	13.988432240668562
3125	13.42000844472876
3126	12.489508922040628
3127	13.28625639660041
3128	12.909120205336507
3129	12.750046912877725
3130	12.785329687637919
3131	13.051416271104692
3132	13.549439591623596
3133	12.419165457064047
3134	12.729039820057984
3135	12.838462449790347
3136	13.296415007649527
3137	12.56185291948564
3138	13.278156704209414
3139	13.24443192286417
3140	11.656374058870856
3141	12.76711088198477
3142	13.400751423997136
3143	13.473276154832822
3144	12.052281547644602
3145	11.86604025767371
3146	12.243555179162461
3147	12.866429827472365
3148	12.491861897719133
3149	12.760054066954181
3150	13.909231770949713
3151	11.771433966598948
3152	12.868445078335702
3153	13.141742548350752
3154	12.99535688002068
3155	13.029112084787489
3156	14.007920909984557
3157	13.000162844687663
3158	13.280669485370348
3159	13.153502466991943
3160	12.563345206846432
3161	12.295487210620195
3162	13.336479761103606
3163	11.755604289912496
3164	12.226453986072467
3165	13.571621841369197
3166	13.021461586508122
3167	12.695696035433059
3168	12.530524680192132
3169	12.774328648699374
3170	13.443906029445003
3171	13.05262945445736
3172	12.1286783333513
3173	14.16809722542031
3174	13.38993417809083
3175	12.762961936461965
3176	12.901142376696308
3177	13.921766132214106
3178	11.87191935589597
3179	12.816251491576516
3180	13.17393430993591
3181	12.638742582231204
3182	12.184534814667659
3183	13.389707393098808
3184	12.188052296262235
3185	12.762243319867235
3186	13.74505462757803
3187	13.458323137814597
3188	12.957978394226215
3189	12.407765773734234
3190	13.0719176003996
3191	12.401770969018303
3192	12.83957141704741
3193	12.887996504471326
3194	13.130387946339924
3195	11.747194912597955
3196	12.174334320002659
3197	13.162048642972765
3198	12.752642287551124
3199	12.715928730706313
3200	11.267897427068366
3201	13.158115863243728
3202	12.639014934315824
3203	12.376715364777262
3204	12.610127087926767
3205	13.974794066621785
3206	12.465802222520354
3207	13.432472220448822
3208	12.331768481116299
3209	12.64469926183172
3210	12.835113945922567
3211	12.653544965965706
3212	12.215880254552067
3213	12.896835930171706
3214	12.611145610715878
3215	13.37064222951715
3216	13.444792482557945
3217	12.633345550130676
3218	13.39277170330956
3219	12.57754972976082
3220	12.763967669177024
3221	14.085631127861605
3222	12.669966144852827
3223	13.007869643954574
3224	13.14868876480996
3225	12.267019386881072
3226	13.384635636820034
3227	12.564238716491863
3228	13.087048241499165
3229	12.728056063219396
3230	13.225569725654827
3231	12.507326356485663
3232	13.071772148494766
3233	12.8553847161291
3234	13.014357128931495
3235	13.712379158657043
3236	12.127595825109541
3237	13.106518835738479
3238	13.466391058360127
3239	13.573631111128229
3240	13.042016620985054
3241	12.536933645100916
3242	11.84112625433059
3243	13.0471124815045
3244	12.113285655303606
3245	12.573777126011635
3246	13.278952165077287
3247	12.988145057965038
3248	12.375228625393772
3249	12.331901773304812
3250	12.629242917160607
3251	12.025218762977081
3252	12.671338458093024
3253	12.927748858776004
3254	12.83652192087783
3255	11.966955525039728
3256	12.98178791261722
3257	12.538532072858212
3258	12.126531290523708
3259	12.652610287507835
3260	12.260669080192208
3261	12.639761613463634
3262	11.445834008727523
3263	12.917262451543303
3264	13.094310081102707
3265	13.092554288685811
3266	12.983853126298357
3267	13.235810731716422
3268	12.129089796726868
3269	14.212181420199167
3270	12.479201259764974
3271	12.002093084999322
3272	12.569461589242565
3273	12.06385518351903
3274	14.085692672347207
3275	12.048588752596368
3276	13.19655956859958
3277	12.079508046338187
3278	12.065304140714327
3279	12.232923498800533
3280	13.760204913804971
3281	12.280720241638747
3282	12.690222222497207
3283	13.618934387907697
3284	12.946189049029707
3285	13.02319557415011
3286	12.878399415566246
3287	12.454275427313279
3288	13.14888693994506
3289	13.25015025938407
3290	12.917835519210366
3291	12.73359693988182
3292	12.601791540998965
3293	13.390313109809844
3294	12.932498252881107
3295	12.558183470394555
3296	12.302050938245328
3297	13.612125850932525
3298	13.253494343169681
3299	12.547500534244165
3300	12.92295988304035
3301	13.850530277795585
3302	12.834001364415599
3303	14.128479039407004
3304	13.115365251179107
3305	12.658915704874278
3306	12.317729859799147
3307	12.9490238850532
3308	12.477334500222794
3309	13.021887841213333
3310	13.298923928112101
3311	14.239773351959018
3312	12.315244801025178
3313	13.048887767931605
3314	13.03813717673516
3315	12.611976632016228
3316	12.474214646348818
3317	13.931622813342095
3318	13.280951748186324
3319	12.787979291776276
3320	12.637119750713062
3321	13.548025969909189
3322	12.867167968599636
3323	13.734418594931117
3324	12.91570964739313
3325	12.58169083689111
3326	13.4591679522533
3327	13.363700212413805
3328	12.246780071668981
3329	14.115272667159738
3330	13.382132195312073
3331	13.487226819506159
3332	12.222658804418735
3333	12.939681810309628
3334	12.413129600131702
3335	13.120079474046644
3336	13.638263131528797
3337	12.979934056808727
3338	12.062419329724394
3339	12.536900585341566
3340	12.532853214967963
3341	12.68362333023862
3342	13.032283161046161
3343	12.8026344607817
3344	12.939814500769394
3345	12.582815268376875
3346	12.551036061998456
3347	13.632870849556266
3348	13.465771429701887
3349	12.410867015879992
3350	13.770516548834339
3351	11.280673456058432
3352	12.182524223442607
3353	13.343304154212372
3354	12.456220393352366
3355	12.919839597374805
3356	13.553892160578691
3357	14.316181334031556
3358	13.271066450622554
3359	13.56215761017465
3360	14.421684637605319
3361	13.46892570588685
3362	12.854722287003115
3363	12.991551040007767
3364	12.521977065639774
3365	13.687694974685007
3366	13.53288112857098
3367	12.95088547698726
3368	13.039756914155493
3369	12.841273096995428
3370	12.100682433033663
3371	13.239821366749874
3372	12.353576869340387
3373	13.970153557613767
3374	12.862425254407716
3375	12.438039534985244
3376	11.86017036353679
3377	12.671358734449806
3378	12.98722161168887
3379	13.477610098193898
3380	12.809039747030804
3381	12.78989595086979
3382	12.394112572919887
3383	12.7967752275662
3384	12.40168254791586
3385	11.688844512467487
3386	12.964805982244062
3387	12.841275278060127
3388	12.489040699358156
3389	13.381522453359912
3390	12.29925970222244
3391	13.211986679791753
3392	12.759403582677738
3393	13.291520138176566
3394	13.127235028288387
3395	13.5139891870288
3396	13.293871925365238
3397	12.267275101178102
3398	13.01457856916534
3399	12.80195041678862
3400	12.809397754859178
3401	13.397767013798829
3402	12.59635118064093
3403	11.695732782319897
3404	12.332077132625821
3405	13.436221829207184
3406	12.202326005653424
3407	12.562833450914619
3408	12.539827690997644
3409	12.708277350701945
3410	12.274933069559387
3411	13.593498518712998
3412	12.42874284628037
3413	13.214551518930332
3414	13.101098344828053
3415	12.817810889487424
3416	13.865339777112734
3417	12.40259314229912
3418	13.616037038366239
3419	12.192979570387093
3420	13.251671027716387
3421	11.67910951281446
3422	13.827305424962105
3423	12.504255563833064
3424	15.090520054436265
3425	13.051464381045662
3426	12.769362931078696
3427	12.977762723970038
3428	12.132712868787348
3429	13.373823442492663
3430	13.056878089563016
3431	13.953970706157333
3432	12.656511315199632
3433	12.771846508990754
3434	11.724062032704907
3435	12.482991414054215
3436	12.106285323069303
3437	12.65080259922224
3438	11.983170847087328
3439	13.296662833457958
3440	11.935054046690295
3441	13.444748977290802
3442	13.168306046138134
3443	14.233409280969992
3444	11.959279089137306
3445	12.416824147423828
3446	12.4783925026103
3447	13.088314982204244
3448	13.048874532222847
3449	13.891886066531281
3450	12.952506123328462
3451	12.84570575912775
3452	12.142771513624236
3453	13.438692690247168
3454	12.597183929340241
3455	13.532246629639458
3456	12.857009585686576
3457	13.817889230200597
3458	13.15813405339583
3459	12.240455519839783
3460	12.868716375238831
3461	13.26951234890148
3462	14.313749582859717
3463	12.732541866325981
3464	12.308230096954503
3465	13.886814095102503
3466	12.733395985876195
3467	12.138272823092848
3468	12.876225549840948
3469	12.984181686522072
3470	13.660220354513372
3471	13.383150264340683
3472	12.535830067205799
3473	13.184559580651694
3474	13.29135084583758
3475	12.748601071973546
3476	12.396916425786912
3477	12.742397971490746
3478	13.386296083864112
3479	12.68036022641894
3480	13.19218337248581
3481	12.910067113914115
3482	12.650077001430798
3483	13.160195483597152
3484	12.690613647534823
3485	11.724466181534302
3486	12.652019800273488
3487	13.628301336087501
3488	13.26554278614432
3489	12.697824464291614
3490	13.441621308755272
3491	12.17690107096982
3492	13.038064431467165
3493	12.640023554270194
3494	12.663431540473304
3495	13.061959312454722
3496	12.30654393626576
3497	12.663213269094316
3498	13.791466448894715
3499	13.01234712048239
3500	12.716313165568332
3501	11.888100215761613
3502	12.955652994972686
3503	12.660577301652385
3504	12.871121316089525
3505	13.90017470491819
3506	12.984402569891305
3507	12.774520540535274
3508	13.093898257529567
3509	12.741079689388371
3510	14.080114354362845
3511	12.155512843979523
3512	12.483668328337703
3513	12.76324047735206
3514	13.834155369337584
3515	12.622105895379638
3516	13.467842147410625
3517	12.810252206282675
3518	12.690825239669532
3519	12.551357350316739
3520	13.348868935372483
3521	13.163197880409037
3522	11.773933510475521
3523	13.03085243637957
3524	12.935303874206076
3525	12.170954202346149
3526	12.598785550605456
3527	12.637080420348637
3528	13.177014107836897
3529	12.073346535085939
3530	12.866908037764508
3531	12.90458367562886
3532	12.525219750499963
3533	12.376292669270452
3534	12.861255255329889
3535	12.513255822146311
3536	12.895846736839388
3537	12.483565889725476
3538	12.636696544831947
3539	12.049061107886384
3540	12.677406628510786
3541	13.290999102827323
3542	12.42612742500767
3543	11.77882502800882
3544	12.494999591355135
3545	13.447130525292938
3546	12.592880331370838
3547	11.78715675167389
3548	13.635940356521807
3549	13.509713959456498
3550	13.656356716180177
3551	12.308494106946533
3552	12.630144434552053
3553	12.733414696048703
3554	12.823296636515748
3555	13.143704466393682
3556	12.680559684878112
3557	13.426561151002904
3558	12.6190539197166
3559	13.022538039618116
3560	12.756473197320329
3561	12.993129236445213
3562	12.60069481163013
3563	13.297372986424877
3564	12.177692186608752
3565	12.469063081366496
3566	13.100905391506432
3567	13.11891758013104
3568	12.974170560906218
3569	12.373809188819868
3570	13.209080754330612
3571	12.926690264059618
3572	13.611772875123036
3573	13.264437802869612
3574	12.670625410109706
3575	13.0662239024848
3576	12.713287378668726
3577	11.772005826020209
3578	13.264476783471508
3579	13.029719197128276
3580	13.044335221886877
3581	12.595759257118427
3582	13.027300784426432
3583	13.380253225699867
3584	12.852595023838255
3585	13.028277124731323
3586	12.30947764138616
3587	12.793357411804715
3588	12.246163134515939
3589	12.698627274830715
3590	13.331202158678114
3591	12.727160422326236
3592	12.651504386212489
3593	13.118775246498574
3594	13.53697661550827
3595	13.38582920951974
3596	13.319491858503875
3597	14.734564538787192
3598	12.135704910197154
3599	12.081225896991864
3600	13.437932119937614
3601	12.862657127759846
3602	12.33448846530254
3603	12.77932644054938
3604	13.082525303824381
3605	12.810863930858128
3606	12.827084561930896
3607	12.946921934753808
3608	12.656976347843951
3609	11.884390606648894
3610	12.92801772303095
3611	12.581708357482235
3612	12.608428129651454
3613	13.261774207301
3614	12.830515727983943
3615	12.085941432810397
3616	14.656225693497568
3617	14.421377171605934
3618	11.91077210092141
3619	13.931760582010346
3620	13.80603213815266
3621	12.622622173592866
3622	12.722705471860108
3623	12.497367087271183
3624	13.384800336832061
3625	12.718134942797146
3626	13.342558990063315
3627	12.260760811987616
3628	12.674924438098133
3629	12.58704723458753
3630	13.728130306748273
3631	13.228701916937638
3632	12.71912463152382
3633	13.433623865521936
3634	13.120625644405795
3635	12.138532111481442
3636	13.242463903779145
3637	12.963178488927051
3638	12.914260606772991
3639	11.867981029903294
3640	12.374679740419092
3641	11.81857325413909
3642	11.387078775399088
3643	12.999625285944692
3644	12.631961239371883
3645	12.607864524292594
3646	12.075099232371734
3647	13.278474812066028
3648	13.006555940192909
3649	13.822145687670629
3650	13.169901940198141
3651	12.276956346622951
3652	12.928488695735753
3653	11.836376521460604
3654	13.797185310826803
3655	14.059563792991538
3656	11.655424312536091
3657	13.754172288960698
3658	11.907963589415886
3659	12.787235141731799
3660	13.662379530298567
3661	13.525129441565905
3662	12.18671375505981
3663	13.038323185245698
3664	12.845535740306651
3665	12.928979485749226
3666	12.513987236461917
3667	13.085529625172057
3668	13.025807141683229
3669	13.193451097226042
3670	11.663081899841107
3671	12.76456018578675
3672	12.680782783786869
3673	12.594114628695667
3674	12.358089799696035
3675	13.144622250302168
3676	12.79437288938601
3677	12.588230672421762
3678	13.048586261374876
3679	13.024168612045516
3680	13.644060128344433
3681	12.579889607106589
3682	12.654573934778956
3683	11.746584395678449
3684	13.123659739994164
3685	12.254854655598686
3686	13.768416280427834
3687	12.166723522343387
3688	12.49407238535798
3689	12.341561796080358
3690	12.153087438856202
3691	12.060631866865563
3692	12.839449447477078
3693	14.114762070718342
3694	12.472493008603895
3695	12.73601003470498
3696	13.025765496283165
3697	12.198736921766617
3698	13.042950465160562
3699	12.47854599988021
3700	12.768570547141648
3701	13.24435641928576
3702	13.41286918972581
3703	13.087174216373208
3704	12.588741835603571
3705	14.604935458934051
3706	11.718311164897147
3707	12.902296497557312
3708	12.807841919308666
3709	13.052171445787987
3710	13.11419230519823
3711	13.643418531383023
3712	12.19647653674002
3713	11.980816438164863
3714	11.528219700475494
3715	12.315117007960657
3716	12.318093519783705
3717	13.476893908352675
3718	12.5357702002411
3719	13.432747275928374
3720	13.285713222658382
3721	12.064924714396495
3722	14.445584366757734
3723	12.559555733688354
3724	12.923808717164556
3725	12.767266906973607
3726	13.882241498825163
3727	12.450006863025347
3728	11.937865761753171
3729	13.046496073224782
3730	12.699815390137886
3731	14.001847319509551
3732	14.079870929344438
3733	12.697362625272945
3734	12.670671291318758
3735	12.023770260811649
3736	13.529877849319366
3737	12.621121624931504
3738	12.450068936561761
3739	12.304913524255156
3740	12.024076486377183
3741	13.279632274531375
3742	12.436315057580085
3743	12.249885951946538
3744	12.362498241927474
3745	12.97394681336344
3746	13.367971944157034
3747	12.54351288407025
3748	12.7337210745009
3749	12.530509631388375
3750	14.013815624134926
3751	12.858082241090646
3752	12.739555434051553
3753	12.677823904460228
3754	12.874628067756884
3755	12.242371347105383
3756	12.81766356793358
3757	13.689375450702048
3758	13.514519817795119
3759	12.282519706927884
3760	12.775588698249972
3761	13.232097449539989
3762	12.987215220308626
3763	11.263337303847806
3764	12.681565887375527
3765	12.160634389327525
3766	12.213840053740727
3767	13.091982905221812
3768	12.413542639445325
3769	12.949186364284474
3770	11.959676411091248
3771	12.667058071544028
3772	13.046781781774301
3773	13.566742967095983
3774	12.674349695058153
3775	12.360806377347382
3776	11.992470433121703
3777	13.161363577211887
3778	13.09244390032513
3779	12.235912845866686
3780	12.686317163926491
3781	13.327279367733613
3782	13.213292463183404
3783	13.092113383123651
3784	13.792787009632097
3785	13.597637951214953
3786	12.260809765882133
3787	13.478509638327054
3788	13.141357117143096
3789	12.46929241222273
3790	12.194631642979486
3791	12.692761951196594
3792	13.499727010901108
3793	13.346586861871872
3794	13.100922785240709
3795	11.627294382000004
3796	14.186886564470255
3797	13.151231264782837
3798	12.891956219343436
3799	13.039240417333367
3800	12.321787448181789
3801	13.191586972523272
3802	13.157634230537546
3803	13.272920635980412
3804	12.618470695718516
3805	12.924024146023928
3806	13.700720061541803
3807	13.006216519112602
3808	12.660396833023636
3809	12.452319775590658
3810	13.282317923230684
3811	13.815554985901583
3812	12.60333662441742
3813	13.0989246590931
3814	12.718800092271218
3815	12.299889234717432
3816	12.681582971979234
3817	11.924501839676953
3818	13.55970088782352
3819	12.946796101180063
3820	13.719356779380055
3821	12.679240860863745
3822	12.291473224249785
3823	13.000873242463916
3824	12.511464685541652
3825	12.968977227658225
3826	12.72664257768263
3827	13.083260248363018
3828	12.720629289762767
3829	13.36799197102885
3830	12.645923854932189
3831	12.19144356083304
3832	12.602614503123355
3833	13.904019611094943
3834	13.796702343982478
3835	12.7481591589623
3836	12.263506915803083
3837	12.818086129460985
3838	12.892120918815138
3839	14.29561627868435
3840	12.164387701753805
3841	13.345096472159518
3842	13.080363563323502
3843	12.888494422704118
3844	13.099873889143693
3845	12.907769448546125
3846	12.804794498097055
3847	12.69736275364149
3848	13.436703764343154
3849	12.430692525856196
3850	12.914552452530748
3851	13.771809174821101
3852	13.171294546706184
3853	12.76898519284278
3854	13.208491647414014
3855	12.752437603429087
3856	12.782838333384799
3857	12.883069209288806
3858	13.303601427279089
3859	12.118016293781817
3860	12.831077327127927
3861	13.066904331699334
3862	12.993523878672065
3863	12.516903154287291
3864	13.991614566101427
3865	13.57778349394737
3866	12.563420890604034
3867	12.41283366419565
3868	14.012422807210763
3869	11.588926814970005
3870	13.218427932031252
3871	12.50975022656924
3872	13.875745970311321
3873	12.717424437363187
3874	12.74109745151255
3875	12.509725800865208
3876	12.77448789513437
3877	13.414363912059784
3878	12.583640996961975
3879	13.372681527798765
3880	14.041877906784066
3881	12.152147432621184
3882	13.072696782514454
3883	13.025957802015666
3884	13.177006614147725
3885	12.8925627852436
3886	13.19994879525245
3887	13.207637220738338
3888	13.251879727032035
3889	12.27987776707337
3890	13.744917821068661
3891	13.299240368065394
3892	12.380746780371252
3893	12.33520475216662
3894	12.684281236118647
3895	12.455326022815358
3896	12.181256608268471
3897	12.962781529455242
3898	12.342844091830417
3899	11.559246908073789
3900	13.120708713608403
3901	12.056870515359046
3902	13.296042782467763
3903	12.20709167447524
3904	12.5664023919505
3905	12.516437884353634
3906	13.434298182572878
3907	12.914187402099147
3908	13.823056719807877
3909	12.18535949430314
3910	14.476751812944366
3911	12.41800255960064
3912	12.711816201001172
3913	13.434819267600659
3914	12.201096729318012
3915	11.835320678579038
3916	13.3890538320411
3917	12.39544308031868
3918	14.681725413995935
3919	12.91846655820645
3920	12.20108771361914
3921	12.58211436542935
3922	12.839441506238654
3923	11.746914088681887
3924	11.993091380479745
3925	11.98913980634814
3926	14.247255632312584
3927	12.879156465401932
3928	12.017487372436952
3929	13.11073521178748
3930	12.763192122435553
3931	12.705806441657609
3932	13.389154309277302
3933	14.277920258836254
3934	11.842495732021884
3935	12.737361843685363
3936	13.207178988956215
3937	13.561867440911376
3938	13.505303868694805
3939	12.057283899476586
3940	12.484203573984077
3941	12.333712200041521
3942	12.617470591128248
3943	12.30497014555649
3944	12.151361456978249
3945	11.97586742626779
3946	12.914663429357901
3947	12.960939690160254
3948	13.332687298901378
3949	13.443152974989506
3950	12.377358272421297
3951	12.159554925253332
3952	12.295390199316898
3953	12.43694855059231
3954	11.7990630340152
3955	13.411088235901843
3956	13.66639225731396
3957	11.940881174801147
3958	13.193773101180145
3959	12.675689612597193
3960	13.296723579364905
3961	12.978847356637587
3962	13.246942570497005
3963	13.598888921534472
3964	12.99630174623688
3965	14.186450729155975
3966	12.883029756340205
3967	14.234430859463602
3968	13.179055352137203
3969	12.38832855727378
3970	11.76544046666455
3971	13.484262156086293
3972	12.729955520420786
3973	12.750789523390788
3974	13.075002084713338
3975	12.428348683551038
3976	12.178013509549029
3977	12.04383621184286
3978	13.02836358645517
3979	12.584226040456157
3980	12.847477603577621
3981	13.661734937996853
3982	13.19002495784685
3983	13.873180455961746
3984	12.220808337320035
3985	12.899795052287695
3986	13.721780508585496
3987	12.366219979914604
3988	14.12622477982548
3989	12.78212368453485
3990	13.125794743402334
3991	11.800835292640619
3992	11.985882616434724
3993	12.365852526487096
3994	11.993625347107827
3995	12.329583745298171
3996	13.162509687327764
3997	12.432859105457153
3998	12.779547047239783
3999	13.463384381290526
