6	495.5467154050404
7	1445.063600428591
8	2421.79984475024
9	3406.8952010849293
10	4352.373301685435
11	5349.458689697069
12	6316.759307540431
13	7300.785806115709
14	8256.949286633113
15	9234.389003717934
16	10212.898522014451
17	11193.344623110908
18	12146.322469418319
19	13138.273150630226
20	14098.04682825712
21	15068.817525391185
22	16052.872621143551
23	17016.141230203764
24	17996.383664743582
25	18957.3333213678
26	19932.567016324778
27	20899.554517562476
28	21877.379729352033
29	22847.468113979623
30	23829.138199064615
31	24793.281321965747
32	25769.272928562
33	26722.033622007195
34	27705.83921300071
35	28692.454850393362
36	29654.765424023855
37	30626.135015513864
38	31593.951508513626
39	32553.737513404238
40	33543.70900462066
41	34519.32218793517
42	35493.67521112561
43	36461.68459210265
44	37435.60298835079
45	38410.042623450216
46	39378.96958810543
47	40355.014697119375
48	41320.18341023873
49	42281.68544733512
50	43281.07025656814
51	44248.08194928569
52	45199.713266086415
53	46183.19248439482
54	47160.157597079386
55	48126.489812794476
56	49106.373554911384
57	50060.55038655255
58	51043.65633356522
59	52016.91685877455
60	52987.376919600545
61	53956.68680369758
62	54931.97008729353
63	55909.31023929019
64	56876.73306956813
65	57844.64068727677
66	58813.554340091694
67	59779.21546521785
68	60760.956789258125
69	61738.357020078605
