6	10.685193055857516
7	10.118457198904764
8	9.782933892424152
9	9.332973749327302
10	8.349352041776262
11	7.239595579073484
12	7.166505311332314
13	7.241025328894647
14	6.975888959669192
15	6.713922774121317
16	6.91582725166377
17	7.020816703575782
18	6.581763968674239
19	5.862483014503492
20	5.861920149440428
21	6.171221707496678
22	6.04227212197763
23	6.011743031163136
24	6.0556493688016975
25	5.95361019750726
26	6.0036638750530615
27	6.173821287390201
28	5.972596397901759
29	6.062334812548985
30	5.897480115299297
31	5.928244693365111
32	5.806388391306614
33	6.027397693006866
34	6.000380372365665
35	5.964104432996246
36	6.069004132459552
37	6.028892502837705
38	5.982123614696907
39	6.140438522164413
40	6.05114821565259
41	6.078476454217622
42	6.071896327862528
43	5.958620911411529
44	5.919241401268989
45	5.911035301471776
46	6.091962482451975
47	5.991036942697322
48	5.968685529696722
49	6.0774782580834605
50	5.9554225836696855
51	6.089683216391094
52	5.9834440092372665
53	5.981928534977015
54	6.060992000162043
55	5.992407056169948
56	6.043513908994977
57	6.068121532229305
58	6.041040466354511
59	5.975437693491585
60	5.999501322228549
61	5.889804826313054
62	6.021626318608811
63	6.082372623420951
64	5.928815158144469
65	6.1149536597935805
66	6.067461844759653
67	6.034333365226046
68	5.825562729832996
69	5.923789094147471
70	6.02576769887616
71	6.072478590445952
72	5.957467313572656
73	6.043762517178905
74	5.9815541550523195
75	6.0749989609117
76	6.151415372978807
77	5.874783099255133
78	5.9576476308979585
79	5.899180296380143
80	5.991864985249226
81	5.946186944754699
82	5.9896477011773355
83	6.011025194253438
84	6.114602772520712
85	5.887801178561229
86	5.864499588117105
87	6.039350853622591
88	5.891742148716206
89	6.009466913190266
90	5.820991496779052
91	5.74720797903894
92	6.090752135468355
93	5.928104336201645
94	6.084085840778256
95	5.94314316508399
96	6.025380575816056
97	6.221178720808239
98	5.989607700761728
99	6.027141666596698
100	5.935925071633711
101	6.143566208440771
102	6.045574521124883
103	5.895234857701884
104	5.96806808189091
105	6.218413042861977
106	6.074032793650791
107	5.895242832490112
108	6.079936983075083
109	5.873195370342213
110	6.034589628276665
111	6.016108170714074
112	5.926718846629556
113	5.923270237294944
114	6.077848468850579
115	5.8667244340321
116	6.0129922681542185
117	5.906490952327839
118	5.825352188194141
119	6.108475223753055
120	5.954197757387268
121	5.976930274578814
122	6.025559317255969
123	6.0994074470727035
124	5.845791189935226
125	5.762020455689143
126	5.843634671579039
127	6.094220909336202
128	5.977154437069312
129	5.801251790644601
130	6.0232962945875546
131	6.144749231363676
132	5.808047801542623
133	6.199868835139964
134	5.980962822880114
135	5.732740304986704
136	5.917765111139869
137	5.992717948998274
138	6.097307886314116
139	6.041877212308527
140	6.117767326751333
141	6.09507821353191
142	5.931999057321384
143	5.919677325410126
144	6.025807151498439
145	6.135887844177972
146	5.9434906604251125
147	5.984686546393707
148	5.935795764965148
149	6.118238255470675
150	6.043723911330744
151	5.910572210168455
152	6.050118597367675
153	6.102242763319963
154	6.050519195001791
155	5.881533344459371
156	6.133315823251201
157	6.058971504331435
158	5.720348906607017
159	5.887079600166661
160	6.020814303852041
161	5.952069045419178
162	5.873787799423004
163	5.95857688175917
164	5.980923754716176
165	5.951530225260043
166	5.886709947709623
167	6.199896629237917
168	5.969267747193953
169	6.074439399629676
170	6.062186546380802
171	6.102163714327216
172	5.926546003330997
173	6.020318041185267
174	5.97544997778717
175	6.096609794974938
176	6.228327764939952
177	5.947201444865204
178	6.221361968906784
179	6.096304703467997
180	5.880610601383155
181	5.955286475318618
182	6.094029852732224
183	6.015731108698429
184	6.010759642928962
185	6.119801624689743
186	5.911506497118023
187	6.367025307360878
188	5.802645430669472
189	5.913057513277454
190	6.045720972519861
191	5.813580444000263
192	5.90970428661368
193	5.909266240954952
194	5.971081814460947
195	6.025796701038251
196	5.970343117990221
197	5.8372907040942925
198	6.021864125240959
199	5.795259493975341
200	5.934143331780026
201	5.986688471865615
202	6.0726876803070065
203	5.868259405662961
204	6.101214029017544
205	5.926202387227763
206	5.868901359907649
207	6.033987497601745
208	6.084666311057799
209	5.952128868494236
210	6.034754058527428
211	6.064284486284055
212	6.143336143487931
213	5.904480723516338
214	5.954171558107875
215	6.024841835698297
216	6.048325009852065
217	6.064298527555302
218	5.98071338052442
219	5.878620971628671
220	6.067923381464441
221	6.039841053084386
222	6.040342514090298
223	5.997476577076819
224	5.890169146423463
225	5.850494922291095
226	5.937667129819505
227	6.026768029807605
228	5.868864066711563
229	5.979101524327754
230	5.961479964382399
231	6.029764439779948
232	6.026355627830438
233	6.007597480498298
234	5.989552333130058
235	6.055459024493167
236	5.985847470540425
237	5.879645155636093
238	6.171142724625914
239	5.992590582819999
240	5.888804840188251
241	5.977764318728622
242	5.994238512680496
243	6.056019562299892
244	5.976627595391634
245	6.227574824114397
246	6.090728620192561
247	6.116395104462518
248	6.076221468546649
249	6.081257340494147
250	6.0178917784127925
251	6.115626902031786
252	5.931835695223935
253	5.904677628296269
254	5.8698297845384335
255	6.277693751612876
256	5.9998766516455895
257	6.009874422223587
258	6.158415053043746
259	5.959475136959921
260	5.9895588727949445
261	5.993628212021009
262	5.883748360470143
263	6.103213474614392
264	5.881200788129402
265	5.9815822699743375
266	6.007197414080827
267	5.970747715166718
268	5.902888547252672
269	5.774815209786426
270	5.957795598854795
271	5.90357607356134
272	5.8963988211750555
273	5.921640636707393
274	5.79704470973551
275	5.768863465571383
276	6.124809946259584
277	5.926278653000558
278	5.875448677680888
279	6.011765468881733
280	5.825271932836414
281	5.951215253033415
282	6.233810148932856
283	5.853019555542015
284	6.266358608859375
285	6.161563511953641
286	6.137143579290101
287	5.989938013534322
288	6.071851440878894
289	6.002534108342923
290	5.9236462614684235
291	5.953416899388621
292	6.158499605572351
293	6.209688766231381
294	6.109127502908099
295	6.15065556201126
296	6.237364347524755
297	6.199678496321563
298	6.0492560126618224
299	6.066291363161456
300	6.040121646935392
301	6.007193861562957
302	5.932137343394388
303	5.879607214548617
304	5.909154057231195
305	6.158545408784762
306	5.854391731591707
307	5.854676089608499
308	6.1167318977212854
309	5.945010372217734
310	6.16123919552304
311	5.890760376935529
312	6.01994254586554
313	5.979440894988511
314	5.911474758067325
315	5.932378504231854
316	5.93457563211469
317	5.9921363317953205
318	6.0201424135055825
319	5.8222057758928765
320	5.745563193157669
321	6.134080072465338
322	5.783544490167108
323	6.046434186355653
324	5.991625797696708
325	5.959083902869423
326	6.169583743472497
327	6.066586178210795
328	5.997366220684544
329	5.970870971497338
330	5.87703437513503
331	5.837561504225034
332	5.840513385318013
333	6.146769022563721
334	6.090077953306985
335	6.049296122160471
336	5.9292843087396365
337	6.047531085242898
338	5.991620379954538
339	5.823261688270645
340	6.022856131246861
341	6.026416030259418
342	6.001999858523817
343	5.866332234053033
344	6.114397243798164
345	6.067408875103645
346	6.154469014850118
347	6.094117141411795
348	5.8717053952267815
349	6.211617953931686
350	5.994830521726341
351	5.969216496362707
352	6.193692457330085
353	5.931837649902393
354	6.025467360075189
355	6.114518969848211
356	6.070352754883093
357	5.998322796836756
358	5.98767496949711
359	5.973802968403189
360	6.021240842283157
361	6.106920421221035
362	6.02566531725543
363	6.08575978886352
364	6.011332115476416
365	5.903490847709784
366	5.884567954044662
367	6.035059650286972
368	6.253822994450048
369	6.105998338006042
370	6.016582888955546
371	6.047390799005546
372	5.982136282358792
373	5.897890181475485
374	5.962598858649908
375	5.83790046120123
376	6.0791966568416935
377	6.10340031954655
378	5.947189389562618
379	5.9731651824439025
380	6.029280694164503
381	5.940945978789763
382	5.95588633648016
383	5.807511141883044
384	5.926509865247127
385	5.96193119830059
386	6.007072436745124
387	5.779442960844982
388	5.764619488785321
389	5.996327583665216
390	6.099476780835335
391	6.143177837477181
392	5.875614959331565
393	5.84809633482364
394	6.13903735611542
395	5.978932884427098
396	6.090029738393266
397	6.0653010340551
398	5.85081752138415
399	6.147369013892892
400	6.054835664229288
401	6.061398384379257
402	5.951079636677622
403	6.038432706462897
404	5.843333827951194
405	5.879268790398223
406	6.099896393111353
407	6.1192861043077045
408	5.921786437691707
409	6.261882628695603
410	6.122062855062337
411	5.907572633446177
412	6.051037361867392
413	5.885532137123706
414	5.804707099683818
415	5.909058094000691
416	6.048033402865322
417	6.010704712767141
418	5.9292704993615715
419	5.879570880683947
420	5.953623292718921
421	5.972603556548711
422	5.967311602156615
423	5.818522669968715
424	6.223709604528267
425	6.044273415815179
426	5.997364305584019
427	6.099329172028847
428	5.986175808992778
429	5.862507574820516
430	5.884101969894146
431	6.004151131322132
432	6.095151678811885
433	6.080530495616182
434	5.959976252733899
435	6.115388796939291
436	6.118360914190535
437	6.089705878612586
438	5.892045372447034
439	6.059018846318415
440	6.159664444649715
441	5.939590081454249
442	6.052234266966585
443	6.052291845720228
444	6.214848174181889
445	6.090645519504594
446	5.994208897094462
447	6.108742829884995
448	6.243853345221275
449	5.959478719481414
450	6.024935746264354
451	5.979965944159254
452	5.987667081439264
453	6.142733607962547
454	6.063990623698616
455	6.022513762662729
456	5.980014498037517
457	6.076278349796577
458	6.084735440445089
459	6.030049872459681
460	5.877206386704854
461	5.974015287600506
462	6.051604187194243
463	5.8537812032755525
464	6.0917480531344825
465	5.975760465326708
466	5.952436069206063
467	5.946549915369364
468	5.906052193522813
469	6.107645025018082
470	5.962055511104655
471	6.014067614756515
472	5.920819951905798
473	6.046425654368672
474	6.068682054710587
475	5.9913286676574815
476	6.016234868525196
477	5.918301107607973
478	6.093894249008792
479	5.9019061714051455
480	5.934562650959644
481	6.080636265413359
482	6.119235604964603
483	5.777096900622512
484	5.951587813045966
485	5.824427022313543
486	6.2833015538122945
487	5.984236761662436
488	5.92620381684851
489	5.8534255312350805
490	5.971183851466302
491	5.949107393600926
492	5.942406488894627
493	6.016143829694961
494	6.0989745916756375
495	5.994116474330309
496	6.177651230909027
497	6.182771599000326
498	6.095691487811625
499	6.137360329286872
500	5.811656143750345
501	6.159427003604793
502	5.9849586747950525
503	5.721871719105084
504	6.024533408905432
505	6.010016479616228
506	6.048517642141394
507	5.986979846061949
508	6.092252800425615
509	6.025839981974696
510	5.887343178864504
511	6.05744394401754
512	6.059193618795327
513	5.862593279376531
514	5.999834551353582
515	5.830989559118429
516	5.7962807211219864
517	5.967021770419375
518	5.997540022544046
519	5.884707533125348
520	5.9569322803226195
521	6.258076574172983
522	6.126597394082387
523	5.824783573343608
524	5.968271506499337
525	5.9414168952627335
526	6.006183860144991
527	5.919861616845162
528	6.052807647591171
529	5.95286051571557
530	5.865821626035848
531	6.081449586616046
532	5.795882148373352
533	6.00197363599115
534	6.051729329011549
535	5.993490758667191
536	6.116457568107952
537	6.1387037411803815
538	6.14475787918809
539	5.911221102814924
540	5.827856404095393
541	6.105132716123663
542	5.942124113852714
543	6.034548274134163
544	5.891207737638615
545	6.044243752407422
546	5.955428542372309
547	5.828359568064557
548	6.153791714495274
549	6.240213639933658
550	6.051210851265146
551	5.995133290024936
552	5.9610546949851
553	6.133891345178441
554	5.9583031746653665
555	6.11514640652453
556	5.894576883506878
557	6.206104686589621
558	6.054102731135861
559	5.860755898279221
560	5.735456434119632
561	5.912663351150695
562	6.073244602429708
563	5.862470173312865
564	6.053584115168615
565	6.096427390148724
566	5.985004559059569
567	5.823856698825819
568	5.988397469221285
569	5.983107651028677
570	5.896887552129474
571	6.027824357804112
572	5.943222781254545
573	6.02055364205178
574	5.889256450167736
575	5.963791621204179
576	5.987818001349633
577	6.076143292996821
578	5.80105287213758
579	6.000864418489368
580	6.105224781392151
581	6.001323707413981
582	6.029297675631888
583	5.8933481979741265
584	5.93427765085615
585	6.0592774816178885
586	5.903980601386122
587	6.008388760580072
588	5.983987532419157
589	6.12460733674899
590	5.989258189402331
591	5.971518041674703
592	6.035999891700533
593	6.139841112112136
594	6.050513877630795
595	6.0683124808212785
596	5.991563219334324
597	6.148970247763271
598	6.036206473341608
599	6.08217065036915
600	6.218943676858933
601	5.846196677724135
602	5.96652888402422
603	5.9370058684628795
604	6.049224072623972
605	6.023349332905755
606	5.9729681836646416
607	6.017195662734314
608	5.841355414469298
609	5.872630678616557
610	6.031465663022352
611	6.014289693624034
612	5.945286723431436
613	6.138196716736413
614	6.034517507705217
615	5.9475172199616875
616	5.838007652797824
617	5.939602835959496
618	6.040713918283402
619	6.071946984031017
620	5.950376752738345
621	6.085298243005776
622	6.142225915733906
623	6.155388905918205
624	6.008995423181789
625	6.083994519836518
626	5.857013909726178
627	6.029532870004696
628	5.814190747654932
629	5.8603260463358655
630	5.882235578305441
631	6.111896980327135
632	5.889272824743601
633	5.929300015679974
634	6.128935225889482
635	6.182566111035011
636	6.31545549707912
637	6.112639963426789
638	5.932141829028671
639	6.13370293908054
640	6.106813820099687
641	6.035324420407813
642	5.858530035900837
643	5.999887676720322
644	6.007440171227128
645	6.019027245363881
646	5.903925559620397
647	5.926809261043239
648	6.001001044038986
649	5.935276996050444
650	6.168532765841865
651	6.071270272778689
652	5.942561499971103
653	6.046955818993934
654	5.876199405361911
655	6.084959166384201
656	6.026908167180197
657	6.1143101481485145
658	6.031081255440454
659	6.082211785638648
660	5.92422377825186
661	6.072153061208492
662	5.970004805170936
663	5.96711090393054
664	5.912228944654462
665	5.941947948431319
666	5.886925784088632
667	6.012939318037382
668	5.915642849560805
669	6.057691786216779
670	6.072204608853468
671	6.022338774004537
672	6.105731185764078
673	5.987070396568887
674	6.038382087585827
675	6.11464860336546
676	6.136714360413189
677	5.928530783910838
678	6.045033070198509
679	5.843537737476411
680	6.032470521202029
681	6.041627883812457
682	6.0701006928074595
683	5.99489455393093
684	6.208295729949229
685	5.703815897523712
686	6.034711867587578
687	6.042671766683362
688	5.973763264624427
689	6.034521306348484
690	6.052707739306303
691	5.999528012104357
692	6.055198851486486
693	6.290675375818912
694	6.081690377232183
695	6.102795990819089
696	6.137646338609202
697	5.899836942918806
698	5.812957482301562
699	5.917471451861412
