6	386.680340087041
7	1136.1625491312552
8	1870.7060440652126
9	2602.089828226337
10	3391.4387161184095
11	4149.583128269397
12	4895.698129774959
13	5656.674228419057
14	6413.864256750856
15	7168.745503845605
16	7940.705250618188
17	8712.071452670047
18	9477.35156157301
19	10227.113037473104
20	10997.504471396338
21	11724.957566754234
22	12510.774124739077
23	13244.923690177082
24	13973.356228137933
25	14729.481138422458
26	15457.83267806232
27	16222.17063392198
28	16969.86727801672
29	17694.997408933836
30	18467.810556681117
31	19212.498252262074
32	19997.583270956828
33	20776.56089201316
34	21528.080417607078
35	22269.241039309618
36	22993.85548121455
37	23732.073304521044
38	24467.044215938025
39	25221.730151065432
40	26001.701298409058
41	26760.266763272917
42	27515.220766733546
43	28276.730455376808
44	29040.38459355718
45	29783.20604260758
46	30517.810661378542
47	31251.60393870906
48	31993.73237914301
49	32784.35186382649
50	33554.31322542192
51	34289.81154706941
52	35039.78262500667
53	35805.38617199973
54	36589.91664173169
55	37341.10644625489
56	38115.20173924831
57	38865.0821425937
58	39641.59264842758
59	40395.977394688794
60	41163.00512812492
61	41911.273470095
62	42673.009519647174
63	43438.929324070545
64	44211.958292194286
65	44981.92197099635
66	45725.39762287316
67	46434.34708628209
68	47176.20790201234
69	47957.0041387251
70	48725.95082376098
71	49512.067062860224
72	50241.594905683734
73	51008.55657868103
74	51766.55348727976
75	52558.72110358682
76	53314.171960650514
77	54055.827238421465
78	54818.32405926254
79	55547.0343859801
80	56296.95998526523
81	57046.5720602657
82	57808.23891019351
83	58584.917351666605
84	59325.6938775212
85	60098.36116654884
86	60834.41061158095
87	61631.68445067895
88	62413.933171949124
89	63156.54011731583
90	63914.85094546817
91	64668.27038370501
92	65452.72594781477
93	66220.97367145798
94	66978.78314997228
95	67721.20588930853
96	68473.65141417361
97	69239.25301035702
98	69963.3118547518
99	70694.3203260685
100	71468.12453322497
101	72226.5183667456
102	73001.87005967827
103	73709.31423203392
104	74470.62385600335
105	75244.21965785138
106	76001.2352656774
107	76780.64582151838
108	77555.68503758208
109	78321.43251188078
110	79084.44532036035
111	79846.18776470576
112	80575.89425250374
113	81357.39558566271
114	82128.79246026867
115	82890.95413660949
116	83629.55176517973
117	84359.27636549363
118	85128.1368552869
119	85898.98208627848
120	86646.22984993512
121	87379.0992464434
122	88116.38191468555
123	88858.53272342833
124	89574.46724239794
125	90322.38114538825
126	91068.52305966345
127	91818.02329735199
128	92580.65167776096
129	93356.07349725666
130	94119.91495138746
131	94844.9356079864
132	95605.29647180211
133	96347.96988905196
134	97088.03353408283
135	97861.2075402603
136	98617.50690838674
137	99392.44238223828
138	100134.62244926157
139	100885.33471049083
140	101622.51421875131
141	102343.12652467196
142	103108.4258513188
143	103822.71056562742
144	104591.54942708595
145	105347.37137406938
146	106105.81058360834
147	106868.41472549803
148	107614.64507744246
149	108381.5660054343
150	109150.47918407738
151	109927.7955460572
152	110680.19577339817
153	111429.69040133394
154	112185.4290195944
155	112927.26803667027
156	113703.5177989832
157	114485.88893027513
158	115239.71026130457
159	115967.75818277763
160	116709.76981417443
161	117475.09584438801
162	118238.01707127717
163	118975.12955105028
164	119736.6086908896
165	120499.24656575447
166	121228.0821184001
167	121979.01528757457
168	122728.5157640142
169	123493.70166558393
170	124286.01767571003
171	125027.22208222847
172	125822.18309845988
173	126572.34027980117
174	127372.57470127745
175	128203.71802523913
176	128964.28291863477
177	129740.26572584792
178	130522.87168859174
179	131262.4015606567
180	132032.2754502873
181	132787.7127118514
182	133551.3684301655
183	134301.474263284
184	135038.67501391456
185	135790.29494877078
186	136551.70641966147
187	137312.8337662002
188	138053.33318295903
189	138816.99251177022
190	139569.02369907266
191	140344.9749294109
192	141090.96035471885
193	141858.8287513307
194	142614.73922863923
195	143368.76620913704
196	144101.18627623096
197	144853.9647763182
198	145622.81535336832
199	146356.29070985166
200	147130.16605032675
201	147883.9654359628
202	148666.96690109468
203	149408.13189047226
204	150183.4066195407
205	150959.10884975668
206	151698.87265228224
207	152444.80480569875
208	153215.3567857721
209	153973.14233825036
210	154753.112610416
211	155517.68489790123
212	156273.57426776376
213	157025.4652802158
214	157766.8239791297
215	158537.70415097658
216	159254.4655103427
217	160000.0340363988
218	160756.51543913755
219	161500.8137315289
220	162272.62793077948
221	163015.02426903445
222	163777.64134982045
223	164500.78977239155
224	165280.0658155188
225	166064.84464122658
226	166818.67151399105
227	167568.62567555145
228	168292.24915582442
229	169040.44718427976
230	169790.6250187159
231	170534.7028618193
232	171268.54131027238
233	172040.87210030115
234	172811.03375186565
235	173561.47121927564
236	174320.85526498238
237	175064.96452146128
238	175825.05992217522
239	176586.90853212695
240	177389.54482252573
241	178158.4283353052
242	178896.64435972416
243	179635.89984349103
244	180400.29424403518
245	181182.12393183605
246	181943.35992607987
247	182695.4328769364
248	183454.67072331125
249	184210.09544037757
250	184971.74629022437
251	185747.5026723213
252	186494.87442455385
253	187246.81146406307
254	188010.7986481633
255	188742.06718480494
256	189508.00699969282
257	190275.94133657552
258	191028.72262103448
259	191791.05405463645
260	192545.87582875628
261	193312.98549616948
262	194045.23215840204
263	194835.48338030325
264	195563.8831801121
265	196320.77938620362
266	197080.68961800146
267	197842.78517900093
268	198592.916507132
269	199338.90091203243
270	200081.92062715857
271	200846.47745188203
272	201615.24206963513
273	202372.97069350438
274	203148.1573804323
275	203886.07333817583
276	204643.14566563448
277	205421.3750546052
278	206140.55031793404
279	206863.10267545655
280	207593.04496989594
281	208353.49445266993
282	209120.59178008666
283	209885.5071582618
284	210640.0489160288
285	211361.18532811754
286	212108.63874487698
287	212861.10023842106
288	213612.27121754485
289	214357.469285516
290	215132.54831354204
291	215888.76024309424
292	216634.1435938272
293	217398.28252065834
294	218128.52184113977
295	218873.60743729045
296	219615.91200628932
297	220345.63542037545
298	221132.34454647728
299	221862.8397221235
300	222588.7747441314
301	223368.68867206416
302	224077.32933641272
303	224806.6708917794
304	225563.144923978
305	226301.54476497456
306	227040.64178808316
307	227780.3156319712
308	228519.4356645771
309	229283.76693229613
310	230041.5391612483
311	230747.5978475429
312	231501.78155298094
313	232286.36586548956
314	233016.7488590075
315	233787.6174799009
316	234520.04830906066
317	235290.94521923704
318	236071.45288594742
319	236824.37263372718
320	237569.4283988941
321	238341.7320699023
322	239091.4938537944
323	239829.21054545863
324	240571.84202962753
325	241314.7282971003
326	242043.03139178955
327	242790.1877160249
328	243559.16563750734
329	244316.15467027042
330	245052.88652584012
331	245784.26371472655
332	246534.51242429734
333	247283.8686482973
334	248050.86014814695
335	248801.52541408857
336	249557.70208282545
337	250292.8985581054
338	251053.64086540087
339	251793.65016145594
340	252505.92234544308
341	253243.431281607
342	253982.95988160415
343	254778.18805833985
344	255545.89217165104
345	256302.40109068225
346	257051.45274830403
347	257815.02965385074
348	258584.34133601305
349	259319.02331510166
350	260065.77477997716
351	260809.79525818798
352	261540.4085417631
353	262298.10664637986
354	263058.0639362232
355	263806.4541052394
356	264555.75640628574
357	265299.8075143031
358	266049.59532233555
359	266818.785733344
360	267528.56704021175
361	268279.5482661719
362	269024.5806156692
363	269803.0558863695
364	270559.5061944908
365	271291.22653965035
366	272049.0141692476
367	272794.11718962673
368	273576.73788411304
369	274338.50987539295
370	275066.35863640014
371	275832.53493686847
372	276568.9249805903
373	277334.6005105056
374	278085.14016201027
375	278843.51652656327
376	279625.5598506853
377	280381.06604396715
378	281121.00989647716
379	281861.4987357093
380	282643.99859033164
381	283383.7959280278
382	284170.79047795455
383	284913.26263799466
384	285642.0173433318
385	286429.1630643288
386	287194.9963142254
387	287972.2332747529
388	288732.785473511
389	289502.09610519145
390	290235.1459573716
391	290977.4284614815
392	291739.97953577514
393	292512.70669340604
394	293287.3448166254
395	294045.10351591517
396	294823.1542353698
397	295578.1844580333
398	296349.7061624439
399	297104.4145581403
400	297854.1919133572
401	298646.98711055965
402	299424.48026657343
403	300211.1952989364
404	300947.50311201677
405	301693.3830485193
406	302441.73351052887
407	303176.6535205348
408	303968.9676324548
409	304704.89442905155
410	305451.7221282237
411	306188.7095183586
412	306929.54661822936
413	307687.87872146216
414	308404.31782260985
415	309141.47459209076
416	309899.5493679781
417	310642.5430586981
418	311400.28497566987
419	312170.8871308852
420	312946.79042053135
421	313703.7636588209
422	314453.80662879796
423	315186.92010308505
424	315924.88265687187
425	316674.96720119263
426	317420.5894701968
427	318193.72728176176
428	318959.6094449265
429	319731.41829818947
430	320483.3769967704
431	321237.8734791839
432	322001.6324708945
433	322733.30227764323
434	323477.23246717657
435	324253.7531200036
436	324997.5317829699
437	325768.6264150582
438	326527.8435740394
439	327294.1744754489
440	328034.7421124824
441	328808.46495397727
442	329590.85571783024
443	330324.11577202857
444	331102.8460707018
445	331856.68366974936
446	332588.1930880943
447	333343.79336122534
448	334098.4721423384
449	334864.9200839767
450	335586.62396647554
451	336345.11962334934
452	337118.0768243513
453	337917.19886182516
454	338662.63181660906
455	339422.68432745914
456	340168.1090421551
457	340944.4874453965
458	341688.33346799033
459	342448.6423175475
460	343203.8363416112
461	343953.72154402285
462	344694.56477507687
463	345462.68329404114
464	346240.9662741306
465	346973.0378874255
466	347669.81063300994
467	348422.2179901964
468	349164.37032367743
469	349923.28992961807
470	350688.0559280548
471	351441.4382788772
472	352150.1300961545
473	352924.17428454146
474	353660.9400217675
475	354389.2319301326
476	355149.7167361557
477	355891.258543682
478	356638.56863627734
479	357377.9122127673
480	358146.3158399208
481	358885.83501884766
482	359609.6352315947
483	360378.2577220691
484	361123.671463734
485	361876.22817133844
486	362643.82018357154
487	363380.14373234304
488	364130.25324024545
489	364875.8700947266
490	365663.16668353864
491	366425.31612660503
492	367193.9674606716
493	367980.18791815604
494	368716.565517312
495	369457.9835827705
496	370214.53350731736
497	370977.1664929394
498	371729.1659228551
499	372511.096825981
500	373251.87269486656
501	374008.8615514693
502	374751.3773135705
503	375513.6864627839
504	376266.359191158
505	377042.1303126316
506	377787.5999511545
507	378529.80248681776
508	379260.06239085575
509	380003.8591465945
510	380774.7577094857
511	381534.2389061273
512	382307.4691377161
513	383069.23234611657
514	383815.0558104617
515	384613.4654926323
516	385361.46382390964
517	386108.4279990692
518	386867.94170883554
519	387608.9639771387
520	388346.24951054197
521	389111.5796882898
522	389887.5372871388
523	390637.4922012232
524	391417.468985217
525	392187.43609525595
526	392912.62106462836
527	393667.691972514
528	394421.8226679787
529	395163.6613099688
530	395889.29177420633
531	396645.2783107379
532	397408.4967780317
533	398143.53756072826
534	398898.5877010863
535	399648.2449653542
536	400382.6629439161
537	401115.4074816884
538	401859.49835561984
539	402583.5024957062
540	403353.9017010501
541	404117.895968197
542	404847.36121923913
543	405615.04453035555
544	406360.4225256828
545	407156.1094408698
546	407899.09205621184
547	408661.0427154122
548	409418.25739750615
549	410170.76363808534
550	410923.0340818183
551	411671.0790421559
552	412420.361220373
553	413181.49102501746
554	413972.087608292
555	414752.68362829956
556	415497.7413676283
557	416221.1429736365
558	416972.91219519265
559	417726.8291723903
560	418444.6423330981
561	419212.6767145053
562	419966.53487460426
563	420703.21216706827
564	421466.115871552
565	422236.1999160536
566	422993.03132856556
567	423731.8654395877
568	424485.17672919144
569	425206.7626355514
570	425949.90479080705
571	426683.9750745786
572	427417.65213675395
573	428175.03831702465
574	428908.3439501974
575	429681.29127509805
576	430444.43581142585
577	431211.01262094814
578	431934.14664498164
579	432696.2542096573
580	433455.89064824104
581	434205.2256914727
582	434962.1606489188
583	435700.761299559
584	436448.3871799699
585	437175.7894431834
586	437919.6626538063
587	438660.53845514683
588	439430.4285362543
589	440167.2228989351
590	440924.71280452266
591	441698.78673070343
592	442459.98609633197
593	443223.56787822064
594	443967.14753574657
595	444742.6191131842
596	445482.07827671536
597	446227.01578758896
598	446975.2578466591
599	447717.1168837103
600	448449.8316730481
601	449181.6063810935
602	449975.2023061893
603	450727.6657551572
604	451472.04849100887
605	452246.04135044845
606	453022.6859234081
607	453778.38877108565
608	454534.81954613945
609	455289.9182893015
610	456015.4029038887
611	456783.30767609476
612	457533.4769752768
613	458295.59804927773
614	459036.1351433839
615	459754.0335388357
616	460517.63303439465
617	461249.754493724
618	461991.56597069115
619	462724.5822900176
620	463477.48266438255
621	464216.38612569094
622	464983.45072538295
623	465723.178876662
624	466458.5032548667
625	467230.59451869066
626	467965.7247878464
627	468714.5885265804
628	469470.5713360755
629	470224.2891878501
630	470980.1301396845
631	471738.21711787896
632	472440.6934305255
633	473193.4660939963
634	473954.29410935455
635	474698.3701138628
636	475427.6900387603
637	476183.6751734784
638	476942.3307928386
639	477716.4925841008
640	478481.8255681344
641	479245.0113942554
642	480025.3670714099
643	480805.3005740144
644	481573.96420090715
645	482327.3065228385
646	483094.9915007462
647	483877.31181926385
648	484643.6911423747
649	485387.63941186044
650	486167.11812693736
651	486962.82872743247
652	487735.5989655008
653	488493.2112660617
654	489214.5307666674
655	489989.4210018162
656	490743.4191777199
657	491531.21243071655
658	492264.9170324831
659	493003.25326375297
660	493739.76267103787
661	494479.7332733713
662	495243.29403553443
663	495981.56661089667
664	496753.3852761806
665	497487.5702495551
666	498231.65632399224
667	498966.1544227067
668	499745.82019371015
669	500521.5508563909
670	501269.3213114598
671	502040.18109177006
672	502773.2511924723
673	503547.9996461465
674	504283.76336468896
675	505038.12978538027
676	505786.16638253006
677	506587.9072853853
678	507330.3188703839
679	508100.7279937937
680	508834.34298303956
681	509576.7600056978
682	510329.4178283083
683	511061.30765970366
684	511857.2897638995
685	512628.86043840094
686	513379.7782934749
687	514127.70177207195
688	514898.3367946373
689	515636.22676300723
690	516355.20411036804
691	517132.8164704019
692	517879.0530975503
693	518604.7061239432
694	519350.700095267
695	520078.059032634
696	520797.0398552162
697	521518.7679308799
698	522315.6085508446
699	523094.05155801564
