6	7.227575908692794
7	5.998264120439759
8	6.010085231407383
9	6.018234419073453
10	5.9538319473220005
11	6.083526035014239
12	5.96624929491584
13	5.993114847109085
14	5.976311694521429
15	5.996106157664006
16	5.972057649163494
17	6.040639387824615
18	6.000245737657544
19	5.935215828517967
20	6.064515966446912
21	6.053349147232853
22	5.947684409918748
23	5.970954345596129
24	5.963807402320354
25	5.982249310857322
26	5.98177926193472
27	6.094593759783805
28	5.977639209437552
29	5.954740672755135
30	5.9641979259019156
31	6.008923892311711
32	5.973315952251199
33	6.016950822453456
34	5.962841430366113
35	5.976091393651867
36	5.976470516404771
37	5.999600456571695
38	6.076610371160601
39	5.996603716040702
40	5.92567873116944
41	6.021817163670003
42	6.002781022684664
43	5.989496306785461
44	6.0868399627198295
45	5.997338372974074
46	5.921108932889735
47	5.921842776722849
48	5.948172391327365
49	6.039221596345027
50	6.0574359687983605
51	6.0691884124471605
52	6.045342855908585
53	5.99654450145414
54	6.015127184586886
55	5.99507945598502
56	5.929960185320789
57	5.9492545081626425
58	6.038444472545323
59	6.0234918448818195
60	6.0008222215147535
61	6.027180299310534
62	6.097147240041592
63	6.0491148362360505
64	5.942993975133799
65	6.009517586775697
66	6.031187691238968
67	6.059531191122941
68	5.973130167250686
69	5.940295649150027
70	5.9858808045426475
71	5.988565313024865
72	6.055738495521884
73	6.070401692911305
74	6.074122088162373
75	6.007469935430522
76	6.050051483150115
77	6.000790654434073
78	6.031128866473694
79	6.050892481838728
80	5.999923931076251
81	5.998370266224399
82	6.013309281298926
83	5.999887105918147
84	6.019522616731457
85	5.952673593884028
86	5.990146800934441
87	5.9666436643553755
88	6.054090079473714
89	5.9902709398836596
90	6.064413398572116
91	6.045519540590196
92	6.0523216795896655
93	6.004211032425111
94	5.993276521837301
95	5.984518559396378
96	5.963272579021451
97	5.991936549464543
98	5.969049414672587
99	5.986433143346005
