6	5.9991630381131795
7	5.987464091203279
8	6.038704092121362
9	5.975117011781361
10	5.985386165987067
11	6.058702883719121
12	5.954327251836851
13	6.0430855926545215
14	6.0341508703411915
15	5.961886333143284
16	5.988312786530944
17	5.950160901204208
18	6.014641005845304
19	6.051715204261775
20	5.96884867644888
21	6.055688109897819
22	5.982225809639419
23	5.98264620786638
24	6.016847346988586
25	5.938539711150325
26	6.011942531668508
27	6.025779023933138
28	6.00744729129874
29	5.964203795034353
30	5.985806016061773
31	5.977965287478804
32	6.0535470091656505
33	5.948312745511203
34	5.96382784144686
35	6.011828940713845
36	6.052382967958665
37	6.044865179907771
38	5.987344632077333
39	6.044805145484065
40	5.957982528791859
41	5.946275788254247
42	6.03562502801272
43	5.984010910099034
44	6.038495104965815
45	5.9869020133118545
46	6.01973770417235
47	6.0365728557370435
48	5.953038625158186
49	5.924525906458496
50	6.009005307897045
51	6.051996543867847
52	6.062299053760984
53	6.0342903129131455
54	5.95047425050612
55	5.941718169997206
56	5.996840634742544
57	6.031004027070984
58	5.995914897356047
59	6.001461001200162
60	6.0658367847466215
61	5.971757570383177
62	6.014442811396332
63	5.986460197142939
64	5.962125709129254
65	5.95073220304607
66	5.947658166736881
67	5.985830984407014
68	5.989985015913594
69	6.025815096922959
