6	478.9699066649387
7	1445.8664342986333
8	2403.648182471553
9	3369.059530920777
10	4323.341471815183
11	5284.969290452469
12	6250.253846447013
13	7227.651034964007
14	8182.387938537214
15	9151.949968148285
16	10111.446798094192
17	11071.447504341202
18	12038.896550383455
19	13005.03378908256
20	13944.41383712218
21	14916.32690285277
22	15869.357185198573
23	16842.98332045193
24	17794.29772324401
25	18740.059731336496
26	19709.576521643874
27	20669.078061755827
28	21629.26428647665
29	22588.14706070503
30	23552.26034499093
31	24502.688310090787
32	25463.733302733002
33	26422.334137471677
34	27387.304362995907
35	28350.50372458948
36	29299.66355350208
37	30277.067343323793
38	31247.953374063243
39	32201.547701093885
40	33144.35785589167
41	34126.4552342181
42	35080.913315015154
43	36049.15948811258
44	37028.02957262916
45	37969.54333990384
46	38930.755115650296
47	39899.515137528884
48	40855.650472017034
49	41802.15597463662
50	42782.166086312565
51	43748.20786165068
52	44683.406900632326
53	45665.43402679348
54	46631.98697642557
55	47610.71424584855
56	48560.6118562189
57	49524.45279187337
58	50486.039620745716
59	51449.53479030507
60	52422.693952399626
61	53373.41141026148
62	54332.12793853709
63	55291.138383642916
64	56256.25306554558
65	57217.20645595431
66	58179.21854342716
67	59132.19248736899
68	60109.60955097485
69	61071.006609738826
70	62037.118079036016
71	63008.513356014584
72	63949.370478463024
73	64918.479686189356
74	65876.44598098843
75	66833.03993634546
76	67814.25259491628
77	68764.20413960045
78	69724.46338499345
79	70685.52885195865
80	71644.5174891877
81	72606.10705476018
82	73574.28997320717
83	74553.0321787407
84	75500.24625374701
85	76443.16449254246
86	77420.00338790535
87	78382.68227704268
88	79348.06676574369
89	80317.67394417684
90	81264.35196466431
91	82223.76847392581
92	83190.1238380906
93	84149.06828378732
94	85110.49270229507
95	86065.99039098334
96	87039.399445779
97	87992.57146246042
98	88971.12650988583
99	89926.93750462498
