6	35.97062515951463
7	29.42629505965303
8	26.20477360883994
9	65.88023712369817
10	86.39148083489874
11	44.38475620195298
12	43.085869453845845
13	41.309437177991946
14	53.44907810501732
15	36.68079379100951
16	25.989596742668027
17	22.43274224732605
18	26.555249781381402
19	32.158013896703274
20	22.076586311059724
21	54.118699886985034
22	30.497701709608805
23	31.878498230362133
24	26.908569885248212
25	30.325354980175057
26	40.55596113742346
27	46.52107613820333
28	32.434457970402796
29	21.654606510455416
30	40.750887359592184
31	27.170658070806
32	22.946315387939066
33	30.549920110802763
34	41.56070880553602
35	21.419688682533696
36	29.94703807324746
37	30.594870083034145
38	25.194782910624323
39	29.142955930492388
40	34.64764493036545
41	25.468333461173064
42	33.564182962425434
43	25.447107661413444
44	36.94529792370007
45	66.02278337506212
46	62.31928242725272
47	35.672909423299885
48	27.767335354128498
49	61.33034785236111
50	43.0110961545548
51	28.44011142497282
52	31.68716198804045
53	36.638407924129574
54	29.632579462170398
55	32.42370072428159
56	52.77123301185283
57	34.568415817333346
58	28.258185213598757
59	57.121790111623
60	32.37932971919853
61	20.97395756902082
62	21.57717939502812
63	26.94971519905537
64	29.145086089823423
65	23.311482707208445
66	28.87161159881851
67	26.03882446073846
68	29.62500684903697
69	29.161346993263127
70	21.09419390626167
71	28.845785358700933
72	26.105277162405084
73	49.85044147542186
74	63.55250637041824
75	40.89670150494122
76	27.814986024203424
77	24.089992771099915
78	20.91225040050199
79	22.519644228089053
80	28.618946144466236
81	26.12470845666402
82	33.67445722940282
83	28.012192746815384
84	33.480469885052706
85	23.065099384268258
86	29.903676099118236
87	43.110968883181
88	48.82821004890312
89	52.386793385091806
90	29.821043874488755
91	24.927001332542464
92	28.103018019740677
93	26.46152342150863
94	33.49082825357364
95	21.267665867267517
96	31.330228479282972
97	18.558305498703515
98	28.48737465283609
99	40.307613621962105
100	34.950092387334614
101	36.62300146280697
102	27.564868801079566
103	30.65473717244361
104	22.940550313416576
105	20.24847932075187
106	38.527692328303345
107	70.83362787862865
108	81.8711049710826
109	31.843255988525048
110	37.93148938686983
111	40.17360164897644
112	52.91208794649674
113	36.840510906803104
114	20.57065933952697
115	24.894664493709662
116	45.203570361419835
117	20.273779532773077
118	23.187438121990628
119	25.167288963160562
120	21.462403744234948
121	23.656850870933667
122	35.30017753429677
123	28.285927902945698
124	36.346214716842674
125	20.744693155202803
126	30.97277307355825
127	37.183767659270956
128	51.4812180159754
129	25.668110015764725
130	27.50724974486266
131	30.990167557031956
132	37.46078526450112
133	28.993654148588096
134	24.02336297924144
135	36.88571913804518
136	22.80279624665664
137	35.237843636172016
138	28.395170101529374
139	41.66566566448547
140	34.07427012879268
141	25.426376663305312
142	28.99804501325695
143	27.126153716231013
144	31.08166438215482
145	31.51978932504186
146	31.251984558216165
147	26.754423789371963
148	68.12817455400784
149	47.84443744258351
150	31.84814498555964
151	36.39246854180896
152	32.83237177196656
153	49.21192228203072
154	54.88063300532166
155	42.43835078279278
156	30.571621535982853
157	26.934577856226785
158	22.850208832698343
159	22.11995119941362
160	33.129453796257046
161	28.848207536213952
162	37.961165507627506
163	31.88174903461201
164	25.754498171182835
165	23.49440077989252
166	25.484356219625774
167	36.84114514244005
168	33.18266707286214
169	36.674580819729044
170	25.373801852337625
171	37.40291039732784
172	91.17303904383725
173	41.11580722510068
174	36.882721084357954
175	32.914918776649
176	45.37039152388712
177	24.261299735110356
178	47.05212848132353
179	42.58874611973196
180	24.60070179977781
181	23.643669182153126
182	25.415184072231607
183	49.69497595073979
184	32.4009335363829
185	59.3298905600489
186	24.895768781006478
187	23.83343015776181
188	50.067918924181605
189	23.50460314804292
190	26.48503136424577
191	37.45205141260702
192	33.323578536141504
193	24.98191258932707
194	28.29522357427506
195	30.258200465863798
196	25.01677757608854
197	23.89920252862407
198	22.349839292255204
199	41.52833244847245
200	30.087920875283494
201	43.921728899700625
202	28.417220267361593
203	30.930194404863656
204	32.955902544905456
205	49.645699437267034
206	87.1706827080496
207	38.63071348595147
208	32.236213716522656
209	28.9659594170896
210	29.235193156159717
211	20.463745041289133
212	23.54651748448504
213	28.843258076147688
214	38.14826429263203
215	26.480107016541808
216	24.096387685886747
217	24.75051108164019
218	26.694516133107165
219	25.978680430099914
220	36.410872959178825
221	38.599804133826574
222	26.163439346953513
223	35.61172935572158
224	33.32876130213254
225	22.825881469697617
226	28.285205208753574
227	60.14823747112354
228	30.942000578812138
229	24.732454687369167
230	51.966674152603005
231	33.957936308483816
232	43.16581991163368
233	33.944617139475554
234	33.375584932172565
235	28.58625259638262
236	30.5014941204652
237	27.210507795235497
238	26.448670513699977
239	21.42503462146999
240	34.14137044928594
241	87.47610344727224
242	67.20060019258361
243	38.20216840851796
244	32.366312798202195
245	34.004503218296605
246	46.865840651492185
247	27.14653180396553
248	26.570521875865293
249	18.989347633223097
250	21.66064924515159
251	36.85691363606246
252	26.421022793798524
253	48.320013134808825
254	42.97728222152065
255	25.39901179438352
256	29.701551517953884
257	19.668132907676323
258	22.00052731045768
259	27.231720513023333
260	34.69684123660517
261	30.747534671778418
262	22.720660373475738
263	20.45369798787836
264	25.936197250426343
265	34.74176421989886
266	37.472435960969044
267	35.918995932644336
268	22.795813430268204
269	22.77055775428311
270	34.04895799764249
271	35.77508025914416
272	38.13218256847441
273	58.10549143776944
274	34.00098276060111
275	39.74308107983415
276	23.517452750872216
277	25.327644410719525
278	25.93281002679804
279	50.36979747838154
280	28.009547585928676
281	25.365137240080315
282	46.21403613061114
283	35.01041609322129
284	44.070245963621375
285	21.38069335296493
286	19.058857123966916
287	23.945368217632957
288	22.328333586064026
289	28.4217794686323
290	22.844250470992495
291	26.633747461819183
292	55.407898334734625
293	61.781838877344214
294	30.39721169306541
295	89.79143399938914
296	119.41420059162657
297	39.15385915519461
298	24.05420006623008
299	55.664960582529346
300	25.666412632573827
301	26.373272876317756
302	38.05509711630868
303	23.669924154490293
304	22.09205603417933
305	25.166123073161344
306	24.81255369937109
307	40.811949568924454
308	60.13149459867473
309	87.00906557161792
310	74.73309508218833
311	38.996508162999966
312	34.09653748832525
313	20.86156969893089
314	27.333471326008024
315	30.871315615839382
316	20.922669375740057
317	23.705995641115617
318	22.562411303504767
319	20.954671626876546
320	35.18413931045403
321	26.367160070456627
322	59.677132413516844
323	25.709128721422818
324	23.744264355742338
325	25.005693972815205
326	75.84182929371343
327	24.301855706684147
328	26.283204176709038
329	42.391856772868536
330	35.87435236085373
331	30.504498288548834
332	20.937420172062474
333	36.591104444226154
334	59.793655244325016
335	131.86446241279017
336	59.23959454309745
337	23.03591683655724
338	23.571063123593298
339	60.93253098554297
340	43.00740330957112
341	76.78265108657197
342	32.64165716406839
343	22.768766519045972
344	24.68855203279683
345	21.031037831879882
346	39.285752659568146
347	26.25501387925292
348	23.473561369665006
349	29.08466961559924
350	32.36315499810699
351	26.77251709762775
352	40.20324077995652
353	46.17149844861622
354	76.54361617452575
355	49.09551076534361
356	22.649561599939663
357	21.83978512062621
358	27.85231108864145
359	42.59072019894108
360	70.20046283093839
361	31.68073468889273
362	50.62173788104926
363	69.1324964647628
364	49.55205391468567
365	53.87831960887526
366	36.46215416923197
367	31.33409534857177
368	25.175002275067275
369	22.204841238203386
370	45.81732650944512
371	60.122604936250504
372	24.31386744287249
373	43.829201552635084
374	25.315564528097013
375	23.220994580044906
376	20.895406738994826
377	26.644557359727884
378	20.92406825075159
379	39.65612271836945
380	20.35310252121907
381	26.02952196228391
382	19.868429677281686
383	26.39102349791259
384	79.87133203591677
385	69.1054479695115
386	23.31253500068963
387	21.399718747912857
388	38.55461769279284
389	29.51083470370936
390	46.80669845950765
391	24.485724388406044
392	20.059949220726875
393	30.69483054286209
394	42.361334306865814
395	51.07613747521396
396	67.76272327738691
397	81.52847191963455
398	65.31837941900652
399	55.049112292260524
400	23.447378678704442
401	24.32387359118689
402	23.107117654662936
403	39.07179582167291
404	28.42478182785756
405	23.527025963254605
406	40.84220474952988
407	30.436853520203417
408	29.376312205620938
409	47.02853893576725
410	39.11899549360786
411	17.968063848816136
412	41.98081115995724
413	68.65249986342693
414	70.47553530381387
415	42.47643062506068
416	23.59331269618908
417	71.16805878748377
418	78.54738786444778
419	35.817838057977646
420	35.4230211044098
421	46.592547488074466
422	38.27602523289486
423	51.67077233311261
424	18.593204907151044
425	24.235633489255363
426	30.099322043829222
427	32.55733543636422
428	20.4567986746904
429	20.907536721741906
430	28.558117619971526
431	95.7729193595036
432	53.102351990147
433	62.85704692090459
434	64.58875341678396
435	25.787572029623686
436	23.34529695443157
437	38.79054177630698
438	52.52971367803832
439	28.95950982119076
440	36.37552570858623
441	84.17400456390557
442	83.87574713350256
443	64.61067280347295
444	31.065205034463776
445	30.29012627180407
446	21.16411579120593
447	25.653889938547938
448	22.10444281644293
449	27.902409167179243
450	28.48458490866759
451	45.639092743660036
452	36.33357515012724
453	27.374162725375243
454	32.808331547376746
455	25.721801668565213
456	29.559756629375315
457	37.950293105931124
458	36.43267380089925
459	31.180996031791437
460	68.06878646259813
461	37.55079393960315
462	27.02560932332473
463	22.60757522855043
464	26.397333490236736
465	36.74742684200806
466	28.829182030609328
467	21.6458677240239
468	34.28508942688734
469	42.71015479216759
470	43.796267708505
471	52.287603667965094
472	30.59135065769202
473	29.58596019287285
474	34.36896245885267
475	65.76117016454928
476	58.214980494224065
477	55.99890241199557
478	41.78103202123614
479	42.259349784660785
480	57.928464169962666
481	77.43179457821718
482	25.678637543975267
483	40.04528854856557
484	34.95959338727616
485	31.568118708697067
486	25.7435683138505
487	21.530612406078227
488	60.90308322608903
489	76.53762544622057
490	24.144769290851748
491	20.820444510498103
492	32.312551159706764
493	19.97272419169846
494	20.178124515657313
495	29.74254851649129
496	68.23454511040431
497	36.74379645333383
498	24.9887266894663
499	21.87885376941485
500	30.78387976654118
501	47.537952614036236
502	24.220719825586578
503	31.66317986480703
504	22.37758656923658
505	22.91213453767485
506	47.090996645558185
507	119.25442479055833
508	85.8318264633195
509	28.68294974235597
510	20.745962348921
511	52.75309816618254
512	69.00909453720867
513	102.05716269069883
514	88.61763064134898
515	87.34302284054208
516	33.62545151657919
517	30.48888470716505
518	35.186673301699855
519	75.95943606650366
520	112.620279930887
521	124.02394207161933
522	112.92448813078946
523	52.071674137345624
524	29.911335202836018
525	25.032991798169373
526	42.06591336905604
527	38.582063308548335
528	53.193778151341476
529	29.85388077248379
530	30.115229864136914
531	44.800447631555166
532	53.519245569474506
533	25.455795669450172
534	43.67146503470082
535	43.05888989000744
536	60.54301109639643
537	21.474913495000866
538	26.784128829602242
539	23.690246084089765
540	25.003268508806027
541	27.009226644546274
542	52.37253167608035
543	23.487508800726975
544	29.999265586783167
545	33.75081147555559
546	23.75761202884872
547	23.904389347041704
548	26.44284224748176
549	34.33294048488025
550	23.947151989808564
551	31.056000566625396
552	32.861378961723105
553	34.195875678461746
554	53.22686468689976
555	30.66576279420604
556	21.46461817164089
557	37.427863631276104
558	43.31522557845828
559	66.89921117353342
560	23.393806619006654
561	49.54380646622808
562	27.902163935876608
563	32.09289769588027
564	24.904253439532873
565	40.7811483498853
566	56.325042158887285
567	29.078105290376957
568	27.42146188634893
569	75.32104864510238
570	42.73815711893558
571	20.154461158042714
572	31.081057743110645
573	33.60369091946942
574	19.584251678260934
575	43.303591388868234
576	28.44286397785893
577	24.54328616178431
578	43.335752322673805
579	38.69231759276286
580	54.365443667521035
581	32.26133695020962
582	30.081315568459257
583	24.8504004427942
584	27.326376261094484
585	19.725427802372877
586	20.31710913063519
587	43.23816541887404
588	68.82250704044128
589	64.55998517092577
590	37.083195814493294
591	26.57767715189342
592	38.467114331846126
593	58.729365029843635
594	38.69577674324111
595	27.473725622309846
596	43.25629693274576
597	35.50060105626937
598	19.705244436901452
599	46.91921730479296
600	34.07671457045895
601	34.59919378437476
602	23.535860120773453
603	22.12111374051774
604	26.912545268504623
605	20.492202496189282
606	20.598647039173496
607	18.585679626525444
608	25.637909347593187
609	20.6871899479032
610	36.56436598776553
611	26.58743175076994
612	32.236224308024596
613	24.67003794390145
614	25.2025551770979
615	30.80098870748054
616	48.6928299290354
617	22.878010983771098
618	34.275736002965175
619	27.483099976349692
620	36.842604205921425
621	57.514736094318096
622	29.308612978482476
623	27.708506534900465
624	33.30974033687848
625	34.99847891831995
626	35.97521263908202
627	40.68541710696069
628	61.27593096355607
629	19.964208941167126
630	26.981291857092195
631	43.03960634379761
632	52.72088330821111
633	48.57645941000639
634	27.933551756300947
635	30.86387479297128
636	30.581461242161236
637	28.275635236804064
638	81.04387775925473
639	108.53700356549895
640	59.9553019146983
641	43.42977350017255
642	33.526863234865516
643	28.52211096810428
644	32.66688503436124
645	26.0947283050319
646	45.9651945246801
647	28.156943698729833
648	51.24015566071994
649	28.949182660941574
650	24.0606285699463
651	25.11259903750744
652	21.27744802177887
653	27.44356463676151
654	31.297750150111984
655	22.894025636646653
656	37.63072078522518
657	28.44717639889795
658	24.179684895988856
659	27.367339648396253
660	22.88768312367241
661	33.878662883655736
662	47.79173693349293
663	35.54733735386501
664	28.91261172019346
665	22.8287055299286
666	26.566409788680115
667	34.75972650734326
668	87.26041056266456
669	69.9552187287593
670	38.272275536134046
671	27.032996280911213
672	40.7039297475605
673	34.67929450103385
674	28.337199966992827
675	38.77117670462275
676	29.215709751700818
677	34.06693490742814
678	35.119427004110946
679	25.90170120367614
680	30.321533547078584
681	29.01221570598407
682	39.42936007789961
683	43.969955400135895
684	23.932243317132816
685	25.243006260192743
686	24.357037262764667
687	19.141842999629578
688	27.183077886963787
689	41.682545543884046
690	46.7432449914978
691	41.64241035345883
692	65.98579787352473
693	31.64728032339426
694	43.106119248680436
695	17.184816548716668
696	29.574974104175936
697	24.13266715653259
698	38.72945638017421
699	23.430998673558452
700	38.09264033464268
701	46.00298031748985
702	40.436774139272465
703	26.207487522935114
704	58.64306384859528
705	20.643373737328364
706	34.82233353871218
707	44.628405392580234
708	32.21582145227614
709	38.87546452149443
710	58.79378268541647
711	82.8554351979878
712	108.63003494214055
713	59.65304821732547
714	41.844035714626415
715	39.24026251353319
716	40.56887123635058
717	92.3302941983244
718	99.2659635249449
719	39.68365915123928
720	35.012561411215295
721	29.661281512586502
722	41.760443471560585
723	31.34367674546044
724	34.02578563697484
725	40.33104556708065
726	36.92496275424465
727	25.67956804409535
728	27.384582211623677
729	33.364104086824845
730	48.42305825849186
731	38.30575878049169
732	29.231563949952385
733	21.62569365443273
734	23.876903159517084
735	26.929344039689138
736	25.64040962014985
737	29.53586114076283
738	33.96472140134299
739	28.08839779030179
740	27.82497155666326
741	32.60755080087841
742	74.5064965863778
743	102.62876383010735
744	101.7995510276079
745	118.65025716111995
746	145.73529168622034
747	58.44104541058448
748	38.72236945250112
749	51.14608564758952
750	26.838117507754124
751	35.53493317686047
752	27.46419496898436
753	24.531826887904113
754	20.159392120878646
755	63.9424566657106
756	69.5346059134878
757	32.87647053032425
758	33.83244801731445
759	24.950107639091826
760	43.25003314722157
761	38.83886156640059
762	38.92759673359389
763	25.304947269157577
764	18.061218517812257
765	25.186781867457018
766	26.88510661635306
767	20.22211406703057
768	25.242039508930542
769	20.62353182081374
770	38.78191931245626
771	30.36073489152401
772	22.202499709836793
773	28.354069738270795
774	25.09954688610258
775	21.869883122984017
776	20.460929256021142
777	54.43097096793822
778	34.55938672023812
779	30.823875829725452
780	25.52536512945973
781	22.321284380209267
782	26.005784047660367
783	22.032842594873692
784	21.369394250052512
785	95.89330164699902
786	158.0817501136098
787	71.46170485312074
788	30.55215674382466
789	33.19992942675453
790	23.484808085575434
791	20.20227276918635
792	34.45744483567939
793	46.756061279725756
794	61.05184086444188
795	20.95947607588202
796	19.96665770150188
797	24.827054538052227
798	44.20444787124195
799	51.75287366666624
800	62.61773099344823
801	23.057437108664065
802	26.86190379770322
803	52.851901613798816
804	96.8458985686684
805	42.30951640039597
806	27.629626418985232
807	36.77959252922449
808	25.731795606659357
809	30.185207631354825
810	35.72700708683927
811	20.595361702044908
812	36.14110385898143
813	21.47285263179846
814	33.57051084590766
815	29.76463981507262
816	26.138408962118493
817	32.78367200505645
818	55.821468490710494
819	22.493988006506367
820	24.631303359773828
821	39.39810458663327
822	21.24963827868618
823	28.032306330879916
824	23.15757217878488
825	27.930346176603695
826	23.93764924561387
827	30.199329888107318
828	22.459717530851208
829	33.03853325931512
830	30.554761685662204
831	24.441300241777032
832	38.3621343155889
833	57.152472340584545
834	26.239972464207742
835	31.925066789234197
836	36.779565317577905
837	25.85876388435548
838	34.77818675782475
839	56.09916164438197
840	36.411511668785955
841	52.512895681912696
842	39.126234303668646
843	85.79804389880144
844	71.68394295672564
845	51.55665366180301
846	52.11123404695124
847	49.65875222441655
848	25.405659586403115
849	25.39349014190131
850	65.90032599714574
851	75.0034076357771
852	29.931847727203444
853	34.39605993680739
854	26.83681370024574
855	43.85023628053834
856	34.113369923712206
857	24.309250335224764
858	30.28917436303118
859	57.57178909577382
860	46.19277125247486
861	39.009506695963516
862	29.701502081268814
863	20.89604884935589
864	33.2063001795928
865	29.094794559861118
866	44.05882348416008
867	31.274590989071225
868	35.89214106123855
869	39.66180397045852
870	21.47025891049057
871	21.570589098802884
872	23.247372289515656
873	25.997834622183102
874	34.01648413208038
875	37.091790379907906
876	23.31254602702079
877	37.99435552433757
878	39.54625850514276
879	34.15164590348465
880	29.866037554954307
881	21.32316407546868
882	26.43890539470533
883	32.30568571377562
884	32.61933520829596
885	22.729877019610417
886	30.704917365561382
887	36.93057501487538
888	60.09192898002052
889	116.7614150217387
890	100.63287156246592
891	32.1600255900955
892	57.619684842787635
893	61.24511329931307
894	30.919307543250376
895	31.963291188144552
896	32.41624086014316
897	26.840306934864834
898	45.06451294618562
899	90.22437503567377
900	64.83435227256196
901	65.38916125275162
902	47.31225769873662
903	35.37503831291951
904	45.91026249088383
905	24.922112584203703
906	20.745964845893525
907	52.19139687671646
908	22.623774734686737
909	24.237532140076546
910	43.58014618872861
911	53.68131938279185
912	24.60910372834839
913	23.472291127297623
914	38.50668419199964
915	39.01235827816236
916	26.44440232442782
917	46.58295045739561
918	24.762078169036055
919	20.738533862855498
920	22.29643609706069
921	26.244682334836163
922	33.21207640438288
923	22.193665121727896
924	23.170016057350097
925	26.56316995825557
926	51.63029126842674
927	60.900610188924134
928	40.519084654755105
929	21.105644391706377
930	19.868314369848587
931	31.247893440171705
932	30.735774778062478
933	26.215079567771923
934	32.60883573386459
935	31.40458647738341
936	37.68994338646277
937	29.492037065971413
938	20.845686027787025
939	25.785148666695285
940	34.72495935226472
941	29.521852320099104
942	22.578541257047124
943	31.74106153686578
944	54.79416683602075
945	52.747832283167526
946	74.84732720737674
947	29.41189045025136
948	22.602674075629952
949	33.78740954235598
950	27.11457035546679
951	30.517119302382977
952	125.22742078448546
953	153.04747597852514
954	140.19031027570227
955	93.22113084599573
956	49.25084763848906
957	38.432326746932624
958	70.92637534072989
959	65.23044892219956
960	29.011994500611717
961	27.724056111248537
962	27.751154845237156
963	25.20414165800695
964	39.84330351543751
965	29.595667250387937
966	25.466114515798665
967	54.14384389696729
968	30.785721763486176
969	19.482812498008947
970	29.3230544888412
971	28.86188124552424
972	43.392954089068006
973	26.456453803026164
974	28.210298567097315
975	29.388105393270486
976	52.35222733111691
977	56.1067289948407
978	22.438076701558007
979	37.38346364206295
980	34.261137938847575
981	26.188522690414555
982	44.18814223740406
983	26.06392511769994
984	20.91212978964736
985	56.67379358295893
986	41.70765123352799
987	81.61513420580673
988	79.16327410577651
989	23.67499556271708
990	45.30838318261187
991	31.402376047740145
992	39.146497490610564
993	37.03031638733537
994	34.67927393406939
995	35.841676725465696
996	50.220331427424846
997	25.14067148999464
998	20.544774349900255
999	30.0634022279173
