6	489.0023275949789
7	1471.4315375977126
8	2442.567067381058
9	3447.742981445179
10	4412.359640711095
11	5403.454271623414
12	6386.1786559072725
13	7379.389242202013
14	8355.510969151805
15	9327.674730722585
16	10321.41442286037
17	11306.244448686166
18	12301.65762226882
19	13271.757207998202
20	14253.22201905105
21	15221.180454870426
22	16213.17451639792
23	17195.94704749293
24	18176.95151780267
25	19153.37688313139
26	20121.82758718008
27	21124.005413305713
28	22114.229274706493
29	23082.59949273021
30	24080.90108979535
31	25047.61742525686
32	26029.91080466553
33	27016.17707560427
34	28000.242158632507
35	28996.870045498956
36	29971.805562182104
37	30941.031709977895
38	31940.622005429665
39	32923.10510016946
