6	5.977729800509559
7	6.007397681940472
8	5.986933189079392
9	6.0221189849830905
10	6.010256961383875
11	6.000399182315054
12	6.010622747582597
13	6.001813663697634
14	6.024218319638324
15	6.002405592602493
16	5.997101314162152
17	5.992300974489106
18	5.9416594708354316
19	6.022435450145878
20	6.002809308762547
21	5.986995943770851
22	6.023370307671584
23	5.946698350430028
24	6.010547066816435
25	6.048126112432392
26	6.017655498438312
27	5.987258886284148
28	5.951493851456473
29	6.019374652351186
30	6.025883637415973
31	6.042096535355808
32	5.962823014674141
33	5.95685748620762
34	6.0373572843829555
35	6.045634956771296
36	5.978269486973823
37	5.978505464857591
38	6.0175077597285345
39	6.029043750042426
