6	286.8795761054076
7	857.1144196588159
8	1395.4593892398032
9	1939.2402918934179
10	2522.6379280011965
11	3102.9060441012616
12	3669.076068130792
13	4224.302224690907
14	4783.064357970216
15	5350.519467546848
16	5900.055255596094
17	6471.686043625047
18	7063.783592478932
19	7653.807845704011
20	8260.365727592505
21	8826.059693239937
22	9372.555558690174
23	9938.441381981756
24	10514.365566522058
25	11064.187450364137
26	11663.894199326269
27	12199.790049224817
28	12787.669039242943
29	13341.159193328642
30	13915.339624636854
31	14475.600655573691
32	15048.472933878187
33	15617.030081414869
34	16202.658828216121
35	16782.02207207125
36	17381.739333269892
37	17974.95919143247
38	18547.998691890254
39	19097.41435590845
40	19656.265938351367
41	20231.938919821638
42	20778.484317811166
43	21363.67181033724
44	21962.965484463126
45	22512.76262622431
46	23082.091483420983
47	23688.305365556065
48	24250.486168394647
49	24791.203680858474
50	25372.077578087257
51	25930.95669685106
52	26532.39995192916
53	27105.778642601
54	27693.706829942956
55	28308.20415568785
56	28855.56516707485
57	29405.744580907172
58	29965.261158630266
59	30580.127403044997
60	31173.068165886223
61	31763.68147249772
62	32332.068450683106
63	32916.95271786944
64	33520.836667648284
65	34072.016104831084
66	34652.67732192527
67	35239.130963705415
68	35779.76100389617
69	36376.5358333121
70	36932.28078373763
71	37493.0407832824
72	38051.4389915213
73	38606.19512875547
74	39190.917066820904
75	39746.507247639645
76	40318.75804819289
77	40900.771791020205
78	41429.29943756284
79	42018.965477104706
80	42570.033045088276
81	43153.59449007396
82	43711.39040066771
83	44263.69486618484
84	44826.607030537816
85	45375.21945000788
86	45902.81371922285
87	46440.10079267437
88	47018.301399911754
89	47594.88057092801
90	48180.96311008141
91	48757.62772682858
92	49340.808285484585
93	49877.75269250245
94	50431.123334537624
95	51016.99347424213
96	51585.16927089926
97	52178.60350271485
98	52770.17473757979
99	53367.38890219567
100	53951.85807214329
101	54533.61355263518
102	55110.963536430994
103	55672.88842535394
104	56232.91973533137
105	56796.963287460014
106	57372.254598989435
107	57979.3122249855
108	58563.81078967071
109	59135.447646813845
110	59706.282596473335
111	60243.04535288198
112	60823.38285242022
113	61390.35869742033
114	61951.99868541492
115	62493.78964060566
116	63052.88957312061
117	63619.16832768846
118	64193.78151799152
119	64746.82146040673
120	65340.2923764008
121	65900.6249061291
122	66458.47328367407
123	67051.28177548893
124	67643.2642101917
125	68240.35419018066
126	68844.49057711576
127	69421.72318550623
128	70042.92697993369
129	70612.63941293795
130	71183.32615245652
131	71753.73162518391
132	72339.68373516684
133	72907.80270218267
134	73477.57732681079
135	74092.18069801094
136	74696.15061664545
137	75259.88176089386
138	75851.9237341836
139	76392.47166496264
140	76913.467601498
141	77504.80909258996
142	78094.77968973186
143	78668.15986828043
144	79248.74963693004
145	79840.79026398188
146	80414.21941184551
147	80996.96017406436
148	81562.61647488757
149	82170.37737862085
150	82738.35332408987
151	83336.46176472696
152	83914.19798559033
153	84458.69333800573
154	85026.09953940239
155	85590.61847326042
156	86161.215927799
157	86720.46188998672
158	87300.03110771347
159	87841.80123814715
160	88443.17248752266
161	89004.26012069314
162	89543.93430806237
163	90090.90761800857
164	90655.7027110883
165	91256.3014801592
166	91811.32049412848
167	92387.0244947852
168	92951.02598688724
169	93529.29431744792
170	94115.49679438536
171	94695.20765535334
172	95251.20982244225
173	95811.87317357623
174	96375.2575312502
175	96942.75564800379
176	97513.91948819993
177	98106.26674780453
178	98631.03172273183
179	99192.55644126539
180	99780.8533631678
181	100353.64798530447
182	100893.12982084436
183	101471.67068382254
184	102049.31393292319
185	102611.559220112
186	103142.12072442831
187	103707.82961936931
188	104308.1397325599
189	104884.67955991997
190	105462.96734929988
191	106034.22752031947
192	106602.06681147004
193	107166.88145090699
194	107716.28614049933
195	108317.39350750945
196	108883.18774393083
197	109441.27122218805
198	110013.94865891126
199	110614.28454306093
200	111162.4762053436
201	111746.09592821765
202	112337.37142401347
203	112927.18833279474
204	113474.38017016315
205	114057.30166018942
206	114617.21919794583
207	115163.7512292695
208	115732.81835217428
209	116326.53463742464
210	116931.25248028697
211	117470.7896833116
212	118080.10751341036
213	118647.18291818739
214	119229.28989613974
215	119821.11640164987
216	120414.70607489353
217	120996.84640861963
218	121625.20532049071
219	122217.62126259344
220	122793.59872575408
221	123336.84842899888
222	123901.24768827118
223	124466.51075064014
224	125023.55984364047
225	125580.42545070901
226	126151.84037247671
227	126712.79001980496
228	127272.89471462656
229	127843.32264960319
230	128405.09512415217
231	128986.59922851092
232	129578.06251722277
233	130136.56053769679
234	130715.02066620709
235	131270.722094939
236	131819.6513009772
237	132381.4458349425
238	132946.34642253994
239	133519.13843878708
240	134091.7636635757
241	134656.0915786211
242	135214.69477121983
243	135765.08906296158
244	136324.17592953597
245	136910.2558994255
246	137480.07621263358
247	138043.05967639916
248	138665.60116281046
249	139250.9703721819
250	139837.79174194654
251	140444.76262600697
252	141041.9075668281
253	141645.913745923
254	142238.77882703283
255	142859.39778867853
256	143436.82730765274
257	143995.48165793813
258	144555.19756037442
259	145144.6837410426
260	145748.4718444683
261	146355.68359570255
262	146962.10127132988
263	147563.3085483768
264	148099.73593054267
265	148659.31004611135
266	149261.32588035538
267	149858.1123515455
268	150457.38275767415
269	151042.16770223234
270	151618.3283222349
271	152192.3572979479
272	152749.54033603836
273	153302.39575922478
274	153883.1031053625
275	154432.4052120347
276	154975.85047688638
277	155539.24616740082
278	156142.66728682426
279	156713.22861865314
280	157274.65031871857
281	157858.2652413549
282	158413.41914493105
283	159020.0033256427
284	159605.38697778745
285	160206.07543560024
286	160786.77611718164
287	161344.83150645354
288	161959.34922877
289	162527.6519248183
290	163098.46860136066
291	163673.68694521824
292	164231.08831267443
293	164801.71399306672
294	165418.62722398707
295	165994.84552421805
296	166574.86553866646
297	167186.4322147847
298	167749.45911699248
299	168321.4635216266
300	168909.47501578354
301	169450.39455586873
302	170028.24919258317
303	170567.22868912882
304	171103.37770186042
305	171685.05502235985
306	172256.3102481944
307	172819.6519007248
308	173389.4978444239
309	173953.091336812
310	174498.22061287874
311	175071.62163922423
312	175657.09188232708
313	176234.09544354823
314	176822.45199452795
315	177418.6955834446
316	177986.33154952334
317	178570.60425793528
318	179156.06037051295
319	179744.74109358978
320	180298.6703498916
321	180890.49354997816
322	181452.18607888633
323	182048.72146767614
324	182651.15476916402
325	183222.6775662833
326	183798.23103361327
327	184358.73725860295
328	184923.96714478394
329	185472.5723920101
330	186090.0933417329
331	186662.4934425068
332	187224.02798673077
333	187817.52527916647
334	188377.98370589598
335	188951.41326752835
336	189503.21560180755
337	190042.96080729493
338	190636.26789512386
339	191190.1135500218
340	191755.58454225663
341	192298.42952985718
342	192876.97267687359
343	193444.44837354755
344	194031.23622981837
345	194636.064347679
346	195234.80449255146
347	195793.49995833024
348	196370.07472070752
349	196956.41375012795
350	197540.4587214889
351	198126.6849164653
352	198662.2609340314
353	199246.8183624569
354	199828.14522594723
355	200392.84567217008
356	201002.27834242932
357	201568.48558106675
358	202182.8456099372
359	202761.21644520795
360	203359.80720595902
361	203958.5931044954
362	204543.01050008737
363	205111.57955227408
364	205657.91955877878
365	206208.05917530792
366	206804.29315871015
367	207359.58019910168
368	207914.03530174025
369	208490.93770775973
370	209062.6379982518
371	209626.07909535134
372	210186.25554770938
373	210768.43866324023
374	211321.13340275845
375	211904.6131259844
376	212475.916714872
377	213037.63564389315
378	213589.58280006386
379	214158.21290814117
380	214712.55508177017
381	215284.5574036338
382	215864.79503215215
383	216416.40102900137
384	216992.75240283206
385	217581.60510008808
386	218130.81285881673
387	218702.07894390315
388	219292.11534175556
389	219884.76032693626
390	220476.34056637046
391	221053.9228607196
392	221635.74102646962
393	222217.77005816816
394	222795.6507303779
395	223372.9097448719
396	223957.41872323235
397	224532.82376305762
398	225074.60254380637
399	225659.18365185458
