6	6.206563171315433
7	6.366576952909396
8	5.788118102364548
9	6.549808948621047
10	6.104279645780148
11	5.584648616973752
12	6.126364116538712
13	5.9311072296541525
14	6.22984497333402
15	5.99148603771767
16	6.0598485767359564
17	5.691890761351801
18	6.389598661650805
19	5.902165929204559
20	5.598092573895083
21	6.147464996201947
22	6.169272645752991
23	5.872351852498365
24	5.555688012633743
25	5.789595632666591
26	6.339770628425891
27	5.824598121951156
28	5.908616537628071
29	6.172220690942481
30	5.625938679497252
31	5.974144895571164
32	5.6561480149080845
33	6.158122205536748
34	5.664804149725064
35	5.749217494272969
36	6.040208993137281
37	6.33682238280704
38	5.408678603760861
39	6.502843826281358
40	6.036539634940964
41	5.89027885209113
42	5.9830007533213605
43	6.291466678296755
44	6.056067762226282
45	6.273913102117909
46	5.660315678045584
47	5.823995857069602
48	6.164782931448294
49	6.049310269555981
50	5.761243133035871
51	6.421387597355484
52	5.942334681271105
53	6.115139452419273
54	6.030923522544421
55	5.7969488624040535
56	5.781690796187874
57	5.7767416301342704
58	5.756344873046691
59	5.966739658390819
60	6.1815833031531655
61	5.939234518391395
62	5.316036002832709
63	5.875584839809428
64	5.784970869944357
65	5.8730690113171224
66	6.099878623481738
67	5.97427726126054
68	6.051090162462834
69	5.785827583063044
70	6.102224266575168
71	6.16307087290244
72	6.050530958851177
73	6.215586463742511
74	6.174764203142436
75	6.495620465365717
76	6.097618081687743
77	5.7725568473337665
78	6.166844298168084
79	5.986159231277341
80	5.898567659273471
81	5.862956974378493
82	6.400275582261813
83	5.744650969738792
84	5.4540413902879
85	6.256833801090761
86	6.407916777922682
87	6.292585786811082
88	6.13819491952439
89	6.8565629926637515
90	5.588502792454134
91	6.188850476119232
92	5.723807751342747
93	5.71738487392508
94	6.205342947314391
95	6.112641311041429
96	5.998722885935115
97	5.655029753293027
98	5.682615214367526
99	5.708461111115682
100	6.1996695512037645
101	6.1595787621368
102	5.874848897472582
103	6.1555427654686445
104	5.623979721399359
105	6.006874241461714
106	6.246495975900757
107	6.13289267077751
108	6.328965913587868
109	5.976304140609813
110	5.909888520923271
111	6.1297462572108286
112	6.084146543297567
113	6.46201670054367
114	6.55280758529277
115	5.717782744536715
116	6.3559307584771325
117	5.905087811047081
118	5.785670148863696
119	6.26431251257343
120	5.958020994647086
121	6.103159076962916
122	6.417136859803896
123	5.669671801359038
124	5.686571820232685
125	5.744118326803166
126	6.500585882804159
127	5.600910082505509
128	5.605647353803522
129	6.382552618033124
130	6.328947295348501
131	6.072999502429088
132	5.988882234708458
133	6.120447402881748
134	6.079324572300378
135	5.941370364914487
136	6.0762328715993075
137	5.882741153099162
138	5.895215330616579
139	5.8029170984409575
140	5.907950397453843
141	6.175977002006129
142	5.656970784938692
143	6.272747165421129
144	6.15041296014375
145	5.83215124887453
146	5.662918284022941
147	5.936067644104419
148	5.872718620210507
149	6.298347364058427
150	5.894891230680101
151	5.846209678111102
152	6.010004128204591
153	6.305460900637842
154	6.208950144833893
155	5.91838288573412
156	6.2484075777536034
157	6.247801513900337
158	5.440497948281928
159	6.064665202711622
160	6.021517113921079
161	6.102690304005057
162	5.91514871216813
163	5.999665225339933
164	5.846977611239881
165	5.917071422086176
166	6.027732534132919
167	5.689499761776499
168	5.834496484196022
169	5.983366289785243
170	5.707577167334293
171	5.390041198504181
172	6.067797113341682
173	5.689902166480615
174	6.464178050707613
175	5.886920973163159
176	6.04113822682848
177	5.982712700200688
178	6.270439946555717
179	5.824679329528161
180	6.110343101345961
181	6.350215401078886
182	5.560816555630299
183	5.966766781194118
184	6.133341098672194
185	5.736540929625043
186	5.511491123293992
187	5.954085275214051
188	5.369762848135587
189	6.15757153357938
190	6.263224446403621
191	6.342687212161116
192	6.333205638218256
193	5.801495552198355
194	5.971657766364051
195	6.004841992504406
196	5.912412425168561
197	6.389061658208055
198	6.201690916648081
199	6.13143481724402
200	5.957253184279855
201	6.182940294276857
202	6.071973379911485
203	6.209015027317094
204	5.975293518313677
205	5.9566911361759995
206	6.14592349061974
207	5.939603161699306
208	6.000036716986162
209	5.618620161513775
210	5.974648088670759
211	6.161628991179228
212	6.249253880760337
213	6.21030413400149
214	5.948575224039172
215	6.076751192209235
216	6.159454620099809
217	5.9674650816305075
218	5.451923166485115
219	5.939138795287336
220	6.076164789065811
221	6.4675934724370014
222	6.047230123083056
223	6.298875886716027
224	6.314024639322085
225	6.130397154281117
226	5.961078030986185
227	5.911388074905854
228	5.702962307830365
229	5.741829828489143
230	5.826509512062116
231	6.031574729313495
232	6.025882557624384
233	5.526845841179503
234	6.426015803325364
235	6.086115943702851
236	6.409666271044818
237	5.825874145683053
238	5.073191202724633
239	5.627471858477812
240	6.192822214243821
241	5.868219556805121
242	5.955906176254983
243	5.613463071433081
244	5.841564329203781
245	5.530465402455829
246	6.231829400569176
247	6.097204847212877
248	6.062161059274438
249	5.911327500187575
250	6.020000145441693
251	5.925003422904749
252	5.395575019277086
253	6.061426216078014
254	6.153239236629566
255	5.981728326969657
256	6.332302872682825
257	6.147761341963174
258	5.80724312589448
259	6.265260807529003
260	5.80103509352955
261	6.396494159263966
262	6.166200332652527
263	6.189783281498239
264	6.474792032431065
265	5.772370827685819
266	5.792841319862794
267	6.363041533223548
268	5.834828716249976
269	6.093579790322587
270	5.796816047228486
271	6.131158025686587
272	5.930615425012193
273	5.821979227800122
274	5.7513282769642675
275	6.464698676743799
276	6.370861276333604
277	5.9891878060433275
278	6.112940327912968
279	5.947697210100606
280	6.285178707307205
281	5.996946077430155
282	5.96407246598
283	5.843770552277205
284	6.089638990500822
285	6.440937822988089
286	6.130445030886998
287	6.0396888192823965
288	6.466797293500747
289	5.696707590426964
290	6.252816676328262
291	6.413656828317991
292	5.718681285810966
293	5.736331819486071
294	5.783867766292171
295	6.039491172812996
296	6.268628765798013
297	6.414970432872785
298	6.125036267717331
299	6.037698334999262
300	5.7765714119768745
301	5.6147594676256665
302	6.483963096363004
303	5.90011142213103
304	5.90088956267168
305	5.774608695786048
306	6.0020282024428635
307	6.214237406870056
308	5.991567476439134
309	5.468412931961604
310	5.98066198652072
311	6.039631581735112
312	5.620685673638258
313	6.5225562366974
314	6.061246679300654
315	5.654637970354539
316	6.0195603199292655
317	5.774307425475854
318	6.044203604822381
319	6.016982358584011
320	5.843969648804515
321	6.129966766220948
322	5.630851827954873
323	6.286242547112253
324	5.512999645310879
325	6.071055707140943
326	5.905844510016446
327	5.941980535257262
328	6.1872396011288515
329	5.943007642121116
330	5.78540753380952
331	5.9441451080995655
332	6.464070424612146
333	6.329545802480927
334	6.35690883249006
335	5.816574276269567
336	5.743099548428858
337	5.749651584468448
338	5.9214683579172105
339	5.757375833578878
340	6.2030398762131185
341	5.836799865182767
342	5.950166848693311
343	5.793708244124095
344	6.120203199682273
345	5.973580882245109
346	6.319781049293126
347	5.630462425512477
348	5.5688522237723745
349	6.142527675693712
350	6.102001796336845
351	6.355143908103249
352	6.013269053890908
353	5.76498414774881
354	5.943597198302746
355	5.988039686884031
356	6.25583290022055
357	6.049847284059992
358	6.006910533775123
359	5.7370232192142865
360	5.784155358146462
361	6.000367820285261
362	6.682589465842284
363	6.16818093070599
364	5.635676529131862
365	6.049127920729786
366	6.217811973387999
367	6.202591791222445
368	6.136904362429839
369	6.1312108055054075
370	5.497851592769298
371	6.145412049936301
372	6.320200356676345
373	5.50548747457068
374	6.270169313284925
375	6.264771682575706
376	6.314208359524981
377	5.8247128205196725
378	5.689184749933547
379	5.788118986883984
380	6.176423212671135
381	5.999872077182273
382	5.733690999169915
383	6.283102624553037
384	6.140394656864927
385	6.139234354643203
386	6.034037122979671
387	5.886689815072694
388	6.313125245194924
389	5.4738384183853395
390	6.310292408835569
391	6.361828398528422
392	5.70411450797016
393	6.173568734367109
394	6.352343989851689
395	6.433759459060215
396	5.972078986637978
397	6.011366663422727
398	5.725113081216209
399	5.994184138053685
400	6.387451578196811
401	5.880888663788835
402	6.3375459399979865
403	5.833474755588355
404	6.014195799135211
405	5.92093153885423
406	6.095473073381737
407	5.526100284782813
408	5.873239094257587
409	6.010514682596372
410	6.526038195442306
411	6.119769443887796
412	6.221783892881588
413	5.900939315050437
414	5.33059001907446
415	6.114521654583412
416	6.382702012132705
417	6.112448108647499
418	6.294971232089983
419	6.121846183961556
420	5.459314367560322
421	6.161807840603659
422	5.989631158172881
423	6.410649608493259
424	5.860105696019197
425	5.705393812526615
426	5.955306174189756
427	5.752959015716098
428	5.788970901426305
429	6.135685150154866
430	5.983663380584867
431	5.933027087943232
432	6.281623573219721
433	5.733397870091215
434	6.583092818630763
435	6.309854317040715
436	6.563346631924522
437	6.194365640281898
438	5.723431279120456
439	6.161386243007214
440	5.963229043687825
441	5.705009937185794
442	5.57488422771803
443	5.946153116450295
444	5.462517643741676
445	6.2784060228494525
446	6.0710480481988665
447	6.5252923318729605
448	6.191180009389444
449	6.28793853117235
450	5.942380351391861
451	6.392183735004669
452	6.1061898935644425
453	6.21664542947493
454	5.9258229395389606
455	5.645102591092
456	5.78748603699899
457	5.891025048673674
458	5.803338466807327
459	6.091427881687395
460	5.69210357192663
461	5.909351606888466
462	6.006266293741273
463	5.998179070907188
464	6.307921222532675
465	5.642546735411945
466	6.235203514378214
467	6.004891276985634
468	5.589262487103352
469	5.768201484387182
470	6.113074236194185
471	5.961148566401486
472	6.143792299922943
473	5.880989597925393
474	6.133878756358865
475	6.0630102311632745
476	5.68466373384755
477	6.314855027009077
478	5.472089521939807
479	5.988686106024119
480	6.02156744625015
481	5.485974977681338
482	5.519829455749931
483	6.373528054280604
484	6.1948684042679485
485	6.1314890197424115
486	5.774813970625434
487	5.732030603678201
488	6.014212016125323
489	5.9568797882410225
490	6.440687363083332
491	6.024008024815081
492	5.813022422652368
493	5.965015566804615
494	6.099104884879765
495	6.354845605055438
496	6.170226515272302
497	6.407985060331287
498	5.831590732340682
499	5.929516312573845
500	5.772488006635775
501	5.631548626202569
502	6.087306985457916
503	5.924677207746374
504	6.1988235433617875
505	6.0620930717521455
506	5.864726459680897
507	5.622229103688473
508	5.914127869607009
509	5.833801727831867
510	5.991503323766857
511	5.810717507226884
512	5.958934199333666
513	6.155346975691652
514	6.065691913990933
515	5.909954341077901
516	6.509278667163573
517	5.917537867359857
518	5.724342978600851
519	6.145409511790976
520	6.018719574706098
521	6.242637285380624
522	5.702988809967191
523	5.944801919457258
524	5.9370636337342955
525	6.010385839430934
526	5.437766197627606
527	5.804205510925609
528	5.901294632838705
529	5.945725845249503
530	6.502426325457867
531	5.630266860093495
532	6.373053778026952
533	5.745862700156327
534	6.118284542249997
535	5.947452208111197
536	5.913965259022856
537	6.054105448286106
538	6.55923312058323
539	5.978544080522048
540	6.294299850209562
541	5.773452836138456
542	6.0882815982186
543	6.15916770050371
544	5.845821358870294
545	5.826661696227449
546	6.2164924618920265
547	6.515840692501688
548	6.181108377636879
549	6.266939300419433
550	5.855035164486782
551	5.988500771537979
552	6.088091675913892
553	5.6158631548325975
554	5.996976678941391
555	5.987431541383673
556	5.9202259986881
557	6.318402378868797
558	6.237436394609176
559	5.529900394468314
560	6.30116311857118
561	5.712844839066656
562	5.942618166430459
563	6.2159209359679926
564	5.981925963570604
565	5.9330534721315225
566	6.060047727984576
567	6.076564967194089
568	6.164409937108124
569	6.060740253671359
570	6.306632569547616
571	5.987619563419276
572	6.20830756322427
573	5.693780657810848
574	5.771002815982197
575	5.717355562642167
576	5.9475976982786225
577	5.851284092976015
578	5.94580001700474
579	5.779633446874776
580	6.240242373003908
581	5.899100218880449
582	6.3187453057263046
583	5.480453226235583
584	6.125726236481569
585	6.1009571968086025
586	6.236525801664702
587	6.106531441254034
588	5.8041722396523445
589	5.551833899922106
590	5.431383618811908
591	5.695503444716326
592	5.936672537158891
593	5.8262976245849165
594	6.182296291531987
595	6.177173345361266
596	6.05054462309116
597	5.834046322933544
598	6.017276523806552
599	6.296151737025606
600	5.767388190830473
601	5.812788229737733
602	6.1840876117449906
603	6.41765699652347
604	5.882053868019614
605	5.516027133512852
606	5.665631033062848
607	5.918038432537465
608	5.840458834281089
609	6.152635995397201
610	5.858276835695573
611	6.151179924794835
612	6.2590575631068095
613	5.911096568909707
614	6.483937013249341
615	6.465950447772238
616	6.159333993735559
617	6.287978475500032
618	6.056579766708637
619	6.005400448784241
620	5.919711426657159
621	6.030978335635488
622	5.815870337180968
623	6.042264110799116
624	6.029975376082542
625	6.009414249198223
626	5.934120709820669
627	6.1703805182347535
628	6.1675627516491005
629	6.450444732724681
630	5.957092173881053
631	5.894564346640837
632	6.010713553937693
633	5.831247363743695
634	5.5946818249668775
635	5.860872450410186
636	6.194622586047604
637	5.985754402835474
638	6.508224477160409
639	5.963242962759127
640	6.004916513043169
641	5.720121066785499
642	6.400706199527718
643	5.938707168120699
644	6.06405330198686
645	5.780693253899309
646	5.702443412076848
647	6.019273803822925
648	5.740815963029868
649	5.7538550595574955
650	6.0526743573907265
651	5.529801813363856
652	5.913616168178403
653	6.019207920501895
654	6.14707603926858
655	5.917867764360948
656	6.225457528270623
657	6.151037360505201
658	5.892442468082441
659	6.0280782155876125
660	5.968073817186466
661	6.102202009646539
662	5.826730844710953
663	6.1480822058802005
664	6.2313530528512535
665	5.970450658761409
666	5.928391196743539
667	6.172208765232153
668	5.786085049481553
669	6.428141257391432
670	5.8701881639143405
671	6.148625664560574
672	6.008820098885335
673	6.267328765796859
674	5.838226246976065
675	6.425547646210014
676	6.550389201637807
677	6.15588226687934
678	5.948342963867298
679	5.8616399148739795
680	5.761580085244907
681	6.220575128297684
682	5.552555753177491
683	5.7188457451087
684	5.902575667175309
685	5.8365149587599765
686	5.691892242011373
687	6.101631090239844
688	6.31696387818642
689	6.645644665499157
690	6.391800751258796
691	6.205532130321781
692	5.850897350151596
693	6.0206310047445095
694	6.229274112904179
695	5.845603430754223
696	6.245637524885573
697	6.170872374981991
698	6.195120705895198
699	5.991006164675064
700	5.688467256503383
701	6.139434917882219
702	6.067649401144039
703	5.6195035311936055
704	5.786654140760022
705	6.1733452809950045
706	6.04883783209035
707	5.688417837902142
708	6.199546734421836
709	6.196541433862876
710	5.97785912268299
711	6.347016071483387
712	6.11376404883601
713	6.4107433916547345
714	5.698544619555928
715	5.545976701265564
716	6.445179901080115
717	5.423068817480871
718	6.173244794544336
719	6.1238963941751905
720	5.953352346491911
721	6.234766026313326
722	6.206754019069773
723	6.465348593486909
724	5.521291325070841
725	6.221241481447718
726	5.539756208021292
727	5.846448190126211
728	6.153378150729211
729	5.895635630872587
730	5.478220401417751
731	5.774105437536491
732	6.038539664038759
733	5.94600435817896
734	5.986883964021092
735	5.786609361528491
736	6.349428126182014
737	5.421514363143383
738	5.830392031061828
739	6.061677139149821
740	5.853020556094663
741	5.780144337348648
742	5.929928692158054
743	6.006633598462122
744	5.982524908978181
745	6.052672887291592
746	5.66153187620081
747	5.9841685701557275
748	6.076227264792036
749	6.192941330187885
750	5.314260596613696
751	5.948660489102622
752	6.085952260135855
753	6.353726664641543
754	5.9035398100326795
755	5.96428722570476
756	6.156438120183045
757	6.262640931366458
758	6.19423671552338
759	5.713907198828416
760	6.006961427415406
761	6.014910810067834
762	6.049233043160683
763	5.910724126126739
764	6.184870968609787
765	6.196589518969631
766	6.0767590027186085
767	6.348337170934954
768	5.792161876526837
769	6.332818809042677
770	6.15542229018545
771	5.714654868226857
772	6.202689433906926
773	5.937137746428651
774	5.685979129560921
775	5.893481544080449
776	6.163380927492177
777	5.924027612421791
778	6.003148030617922
779	5.921706822797812
780	5.796136941858697
781	5.667369731305371
782	6.267747953710103
783	5.933945080479989
784	5.889885422226219
785	5.950334888715262
786	6.5015198324326775
787	6.2326096775260815
788	5.597752130553165
789	6.161073870810497
790	6.1794740205038
791	6.039783587913036
792	6.211723135622083
793	5.7583233273820955
794	6.145967942240193
795	5.642851561560613
796	6.135002389992364
797	6.235935832304526
798	6.0642048814258525
799	5.5407543813379725
800	6.331200791367043
801	6.178999320002428
802	5.706390122114068
803	6.241016792539529
804	5.735172725110183
805	5.686769822856877
806	6.394664510334009
807	6.308088998577628
808	6.212238888531034
809	6.086581289353418
810	5.601908192507673
811	5.487174786018706
812	6.33850526790524
813	6.574778490860195
814	6.232825338904714
815	6.032263181222965
816	5.95264568208177
817	6.093850987905686
818	5.9690257715727615
819	6.099262764277023
820	5.735919712904603
821	6.44019149106977
822	5.960733214069645
823	5.9607480630287135
824	5.81107953335273
825	6.2651183624757785
826	6.123851488378901
827	5.210701945480948
828	5.9428832286273865
829	5.944378748093928
830	5.661388693846762
831	6.352762398198201
832	5.700279668571859
833	5.582208389280837
834	6.071660404763661
835	6.1062728934114485
836	5.556539349994222
837	6.018392976569502
838	6.023507642376376
839	5.844526458543357
840	6.133181595192378
841	6.023410446641197
842	5.5185058919103955
843	6.08640665103911
844	5.913574503360154
845	5.960575501160747
846	5.918041840257391
847	6.353969735613808
848	5.801574105752765
849	6.308167958503291
850	5.3206003286217785
851	6.205245357257602
852	5.932318822775968
853	6.29858994521223
854	6.446189610606525
855	6.223648258602153
856	5.92227050295409
857	6.043736282688068
858	5.970604274829384
859	6.038706934244796
860	6.312363909941736
861	5.997408752677774
862	6.144288499664447
863	5.6119082358502785
864	6.029180355416787
865	6.493236125388648
866	5.6782135065731065
867	6.25167417897228
868	6.097671578344392
869	6.012290981288383
870	6.2266442420914885
871	5.71409489503755
872	5.534843110707183
873	5.92107031192558
874	5.904870833964957
875	5.615461491052351
876	6.059213102966743
877	6.192255335510708
878	6.2394099924743225
879	5.674784686893594
880	5.86943778377359
881	6.566303733457401
882	6.033552385214214
883	6.4139412361387675
884	5.986270582510585
885	6.091089717876885
886	6.131271639481428
887	5.920275167174354
888	5.869814678337978
889	5.933227804378938
890	6.1745685723468995
891	5.870422378079429
892	5.384145579973964
893	5.9267556905618
894	5.771815684760222
895	6.232707067518883
896	6.32558971138882
897	5.867525184867698
898	6.0578719876008105
899	6.193083510228704
900	5.921155867193231
901	5.99978856129133
902	5.919109524919934
903	5.762803286539755
904	5.185149929479424
905	5.958826933120189
906	6.577517393318936
907	5.666529907258572
908	5.964167981396455
909	6.443835701822536
910	5.8560218165497275
911	5.807987232193617
912	5.357529791789905
913	6.996928258521482
914	6.6973222767076965
915	5.65957225331206
916	6.471911404799059
917	5.729580969175523
918	6.054008082451996
919	5.818334389064493
920	6.235108780595133
921	5.9046526542653615
922	6.189263534640694
923	5.689347617942358
924	5.9477929886295495
925	5.53888705200434
926	5.570206863914107
927	6.006502778498333
928	6.508908859875877
929	5.851647499421265
930	5.72742156512849
931	5.86707249769352
932	5.970294798469094
933	6.152303983364442
934	6.259405537451077
935	6.3896606017931425
936	5.94285047959365
937	5.826232971478321
938	5.88162327576995
939	6.235626259651198
940	5.507873736693291
941	6.2221264650433055
942	5.912036414491013
943	6.288444168793227
944	6.031173973572206
945	5.7970341499810365
946	5.828974585638273
947	6.570927063624648
948	6.291994582781954
949	5.543934304967437
950	5.990183658506721
951	5.746094453159838
952	6.407871134482899
953	6.055580904072894
954	5.694549507568202
955	6.232758560716994
956	5.988918514148256
957	5.696406961295573
958	6.305668895104307
959	6.173896266639406
960	6.1401262193265005
961	6.208990165310707
962	6.257028755052645
963	5.61787941984922
964	6.430602777273135
965	5.995618634863705
966	5.501952691476367
967	5.771694117174836
968	5.946357829600247
969	6.166575888732041
970	5.757851712733159
971	5.724583305547161
972	5.893682246505305
973	5.283121811998584
974	5.997920881940323
975	5.531887973210417
976	5.876472786813811
977	5.8492624249242215
978	6.282122215543605
979	5.921066117427674
980	6.213520419742912
981	5.683637101349252
982	6.20134014994324
983	5.671787347436612
984	6.17991697434714
985	5.731878868213648
986	5.681222587903108
987	5.513762419868202
988	6.171031704427959
989	6.271836767014574
990	5.156483228243964
991	5.868386237122802
992	5.65133056474361
993	6.1367043594763455
994	6.113389423566707
995	6.273822872025907
996	6.0862227976024155
997	6.138067160808482
998	6.149347508460637
999	5.772585202856955
1000	5.494361522521025
1001	6.033619167486904
1002	5.716747844874187
1003	6.118486182765104
1004	5.192952858623837
1005	6.057511078464495
1006	6.17300219109997
1007	5.748920852586627
1008	5.79138567069734
1009	6.468059587984628
1010	5.93346567217887
1011	6.267856339099047
1012	6.135259924267904
1013	5.7042752149113305
1014	6.241731340152381
1015	5.97867354359256
1016	6.426678977789285
1017	5.825359242055183
1018	5.817160662716042
1019	5.774099086248117
1020	5.638381089981036
1021	6.279022990035833
1022	5.989112121268232
1023	6.058436819977942
1024	5.7196320908206095
1025	6.06070231878006
1026	6.074357043791805
1027	5.765166389247243
1028	5.681221709619664
1029	5.911389761446517
1030	5.703617358599368
1031	6.022899227653397
1032	6.169107106684554
1033	5.723812469562429
1034	6.61983560350351
1035	5.649600527432814
1036	5.733808212204957
1037	6.123090785746241
1038	5.99935911445775
1039	6.002058581510842
1040	6.1621384710050755
1041	6.105445699737651
1042	5.8435451890676
1043	5.963883319269339
1044	6.002989569489728
1045	5.646073644723662
1046	5.8774436714415925
1047	5.989998011704065
1048	6.282759633977234
1049	6.057918311891866
1050	5.997687454337284
1051	6.251490585586117
1052	6.585201122602536
1053	5.985046625723989
1054	6.152037085292877
1055	5.964705576701765
1056	6.711240832120909
1057	6.171951304703458
1058	6.064673702260884
1059	6.3238671224230085
1060	5.569642293069353
1061	5.675203627985774
1062	6.331403799266239
1063	5.896432528581301
1064	6.14263210170829
1065	6.423491416663013
1066	5.938098867203045
1067	6.301260845770305
1068	5.762051477491319
1069	6.073664905175405
1070	5.593349707089076
1071	6.156095705841417
1072	5.8214440043834115
1073	6.117645311989866
1074	6.175122146060208
1075	5.870671089008195
1076	5.9064174210021
1077	6.1836527787900275
1078	5.715033130456791
1079	6.556496854045517
1080	6.023397616909865
1081	5.790513483457221
1082	5.5697571671974
1083	6.017771873243637
1084	5.801998251128446
1085	6.040947164596693
1086	6.283288625770829
1087	5.9854894268009655
1088	5.934179547417443
1089	6.22485079533723
1090	5.995014682280949
1091	5.637761091234405
1092	6.102539219360506
1093	6.265292700620489
1094	6.020237180835101
1095	6.064961190595069
1096	6.3385171867810035
1097	6.482163619250059
1098	5.937920847149775
1099	6.205438958206815
1100	6.072191219078377
1101	6.2064774553796695
1102	5.714644591774375
1103	6.04617532853752
1104	5.376411979505792
1105	6.1285306831559865
1106	5.975214454973392
1107	5.732731827311447
1108	5.845623051081108
1109	6.359903033425818
1110	5.75688225897591
1111	6.153991984432274
1112	5.876156276724207
1113	6.056082836814004
1114	5.771560662831062
1115	5.883949520301218
1116	6.105963834829516
1117	5.838053961668198
1118	6.1318944580084205
1119	6.191087696791193
1120	6.935038664153156
1121	5.7643750559538605
1122	5.86967267174773
1123	5.863316778413308
1124	6.208193576249427
1125	5.722763051002853
1126	6.180744745155089
1127	5.556787183134665
1128	5.967159625360376
1129	6.139401821356986
1130	6.132398203951824
1131	5.932019426510288
1132	5.827648046569886
1133	6.372235302755625
1134	5.6745018764144275
1135	5.677705307926935
1136	5.932214040377931
1137	6.01827962288633
1138	6.039464210945446
1139	5.862582119065337
1140	6.0315377033882696
1141	6.209418781632478
1142	6.107298998369515
1143	6.488627059699407
1144	5.8868899662525225
1145	6.021470433078884
1146	6.357682845138479
1147	5.856491886350655
1148	5.945350543493987
1149	5.883454034480603
1150	6.4738351849411915
1151	6.523823106954241
1152	5.9092477826883885
1153	5.918954883847386
1154	5.9866887638438495
1155	5.608905959538289
1156	5.743141054041916
1157	5.695378778888027
1158	6.183177555397822
1159	5.617593305249667
1160	6.332111047069951
1161	6.0896139468489725
1162	5.6492034712772785
1163	5.920509155010663
1164	5.585162993561476
1165	5.936695330100038
1166	5.6131520111403805
1167	6.242467023575955
1168	6.043587932734379
1169	6.108912515170822
1170	6.021513054170027
1171	5.825052685214905
1172	6.180842333091423
1173	6.569879026969217
1174	5.997635186843541
1175	5.932927200081363
1176	5.909362344371832
1177	6.016464559932636
1178	5.862109936961891
1179	6.239031115064662
1180	5.553249614054321
1181	5.897712884738029
1182	6.178290051472787
1183	5.699827297187478
1184	6.269369391722291
1185	6.1128603247549
1186	5.848799046448409
1187	6.302706060547347
1188	5.345588727303088
1189	6.474120196848302
1190	5.897978945393884
1191	6.015590414552207
1192	5.8028558424586185
1193	5.916906129191252
1194	5.8080453049713885
1195	5.991300073130672
1196	6.587037456439301
1197	6.215100709377809
1198	6.028893318460476
1199	5.732754575347321
1200	5.763360220546989
1201	5.769087265343842
1202	5.7793275811135585
1203	5.970684958130587
1204	6.35826597301405
1205	5.947380689381212
1206	6.008614881997928
1207	6.25031721518982
1208	5.948669816953917
1209	5.95994068628327
1210	5.922663977167623
1211	5.913981848667486
1212	6.1827380002321055
1213	5.48330759144021
1214	5.7435632278470115
1215	6.309315166875927
1216	5.975550709849166
1217	6.3127164922579855
1218	6.2231617104627714
1219	6.2747309558908455
1220	5.8276257591075336
1221	5.893711928604171
1222	6.132651340554108
1223	5.9949089063863665
1224	6.1679229109543945
1225	5.497083227827812
1226	5.6220181643234
1227	5.929890671212195
1228	5.864283876922586
1229	5.775665098799407
1230	6.042561091785759
1231	6.040967426961288
1232	6.034247115224552
1233	6.113123840921057
1234	5.929426370142028
1235	5.783191579794424
1236	6.2526039657729635
1237	6.0908906461731736
1238	6.175560745393688
1239	5.470817473200926
1240	5.9389675155506225
1241	5.7325218441232
1242	5.675195796388047
1243	6.413436903327703
1244	5.923923575537883
1245	6.255027313638412
1246	6.351106408903112
1247	5.656086066144281
1248	6.260877799339917
1249	6.376916309236549
1250	5.802380781810386
1251	5.755916189780244
1252	6.016431029735455
1253	5.622044759109401
1254	6.19782708712146
1255	6.086352177921926
1256	5.809033541742406
1257	5.8212232599109415
1258	5.886414717319457
1259	5.450320930313319
1260	5.8134783023672005
1261	5.862686455516447
1262	6.560656644523496
1263	5.871562683181764
1264	6.265206511854408
1265	5.592876739886065
1266	5.926174013875425
1267	6.28819255384459
1268	6.063390884025111
1269	5.291934308132058
1270	6.4863763133663745
1271	5.846676376699987
1272	5.747365140107011
1273	6.0792134566572855
1274	6.363632926926553
1275	5.879383782415676
1276	6.2770910656522485
1277	6.227711263297741
1278	5.916567318500919
1279	5.970730117018966
1280	6.49098887573546
1281	6.169624795339553
1282	5.954468111735904
1283	5.699420774684122
1284	5.746818510072009
1285	6.06194003402185
1286	5.886442483299955
1287	6.288441892908329
1288	5.760754981861157
1289	6.064889048042364
1290	5.4960146205164495
1291	5.551763873589447
1292	6.1203543567544525
1293	6.370554518932477
1294	5.720133777589663
1295	5.874272663303922
1296	5.6967967692531705
1297	5.983685545899023
1298	5.890112838407979
1299	5.877750135346242
1300	6.583655734265892
1301	5.947739310130211
1302	5.814615944398439
1303	5.761422677099768
1304	5.877483400418881
1305	6.153745820736871
1306	6.243866582302592
1307	6.141912522103387
1308	5.761216585622951
1309	6.177416336454829
1310	6.246992130839902
1311	5.556203146965812
1312	5.946948995575723
1313	6.062326046666356
1314	5.675780377006745
1315	5.96538943237331
1316	5.94622979732408
1317	5.918180030001246
1318	6.331825597404749
1319	6.010714192200963
1320	6.103857162134612
1321	5.892323440691428
1322	6.172947048368062
1323	6.308301369739106
1324	6.076237434333759
1325	5.8768307808382545
1326	6.364981896359443
1327	6.080598423495673
1328	5.841125582701041
1329	6.098608633148124
1330	5.800781276754517
1331	6.117303562587188
1332	5.923857302608908
1333	6.394917236684319
1334	6.024764882030448
1335	6.203515665033671
1336	6.10561395798965
1337	5.985684849914131
1338	6.141409133952456
1339	5.705278991305126
1340	6.039299739925907
1341	6.285591140495463
1342	6.177217728066209
1343	5.769774563401726
1344	6.190805669608155
1345	6.522347772217348
1346	5.962514715337912
1347	5.631662016231496
1348	6.246887265979736
1349	5.981888389818116
1350	6.334681900513426
1351	5.938203730344927
1352	6.143865499076893
1353	5.877290719802576
1354	5.924654019365087
1355	6.011284727596349
1356	5.748626768282573
1357	6.689687793365145
1358	5.814887958953566
1359	6.136797761378007
1360	5.898797141862264
1361	6.086675894297421
1362	5.885446206296844
1363	6.136085429622437
1364	5.888408592710637
1365	5.4181840003812285
1366	5.841614879176512
1367	6.0394366219562166
1368	6.136401407468026
1369	6.283061643794557
1370	5.832847596879491
1371	5.887056752335576
1372	5.611015819877043
1373	5.41983693585705
1374	5.85165446094766
1375	5.742206029081341
1376	6.102029533360407
1377	5.75895372918073
1378	6.077483367460334
1379	5.6950318593701175
1380	5.9696167793711306
1381	6.155628001014702
1382	5.926744848349651
1383	5.485860018088715
1384	6.075686580712805
1385	5.734726246507185
1386	6.304053479053525
1387	5.88388174341318
1388	6.326100654618512
1389	6.093784854934004
1390	6.20892424200771
1391	5.847070939266352
1392	6.141946049753385
1393	6.103664134655182
1394	5.8342289119150905
1395	6.148787109395894
1396	5.61677260860856
1397	6.316464667252492
1398	5.599135343865412
1399	6.197745813044173
1400	6.1400909338019085
1401	5.99299023538873
1402	5.704186174875433
1403	5.758238526569172
1404	6.154949718089544
1405	6.182176084358893
1406	5.871886621291439
1407	6.389738984627523
1408	5.851997274786715
1409	6.1131035237774345
1410	5.686395724943381
1411	5.8141882359613515
1412	5.575984704256701
1413	6.083245169443332
1414	6.055358119175117
1415	5.751238665609777
1416	6.020814831372571
1417	5.671912530018017
1418	5.535950946559783
1419	5.611196036152251
1420	5.9745302835176055
1421	6.354699741359654
1422	6.098409514959292
1423	6.20352590582131
1424	5.8738987200967445
1425	5.650383465370649
1426	5.6207896203005445
1427	5.96117488696969
1428	6.082677126306375
1429	6.26826713816753
1430	5.896572695417411
1431	6.006661573326902
1432	5.933089033302774
1433	6.354013107344129
1434	6.238330475509948
1435	5.927723016470041
1436	5.9679660062656845
1437	6.095363567900759
1438	6.467817766399057
1439	5.530129421433872
1440	5.279827447764638
1441	6.424288322263416
1442	6.104031709642996
1443	6.2220480781457175
1444	5.805469160009774
1445	6.689316595190366
1446	6.106040030906584
1447	5.302347382879816
1448	5.995264194940479
1449	6.078007575897302
1450	5.553977344187673
1451	6.109148442243418
1452	5.957850025793803
1453	6.104415656911442
1454	5.901652545707853
1455	5.7000022856352315
1456	6.420210028237974
1457	5.890774148692218
1458	6.39267333599813
1459	6.386014810738353
1460	6.318302101851215
1461	6.149470993802375
1462	5.935465564786841
1463	6.215303748700535
1464	5.803044592273389
1465	6.02045531060589
1466	5.865550482961011
1467	6.1045706700515145
1468	6.15211066461073
1469	6.332734498596944
1470	6.6820098225608495
1471	5.589774788707594
1472	6.402570770644407
1473	6.064738185570325
1474	5.913433575295356
1475	6.080042005283758
1476	5.589677834842999
1477	6.202984515297401
1478	6.125817896392618
1479	5.877424850514217
1480	5.824164691009378
1481	5.556179720074909
1482	6.0151534648957075
1483	5.857716490777004
1484	5.854403787614921
1485	6.11503154554105
1486	5.775647159085863
1487	5.709684632163511
1488	5.916524736452158
1489	5.989085448415656
1490	6.123364098476079
1491	5.939007124203242
1492	6.341005588896223
1493	6.033795355282265
1494	6.07140837139355
1495	6.039625093185653
1496	5.899912684590423
1497	6.24209045206125
1498	6.167485008869235
1499	6.286825402990993
1500	6.000992124474141
1501	5.6953233351461785
1502	6.041168829405176
1503	6.071282295877897
1504	5.402155766909456
1505	5.662888546472102
1506	6.632701346462515
1507	5.809216776641894
1508	6.3849074697467465
1509	5.553708204991251
1510	5.514889172409192
1511	6.345020797217633
1512	5.833950012659823
1513	6.189752237419678
1514	5.784938705290722
1515	6.1678407315458905
1516	5.929413477726281
1517	5.698754243813455
1518	6.414451612369974
1519	6.107391875365055
1520	6.263721731332638
1521	6.118449096880263
1522	5.831095138747786
1523	5.87116455786163
1524	6.058404995852113
1525	5.977738135662235
1526	6.096450368680375
1527	6.165530570855114
1528	6.237779852907317
1529	5.921720388985705
1530	5.8789985232627995
1531	5.725450615134589
1532	6.088886456754768
1533	5.849987029328848
1534	5.978816926598131
1535	6.371326932036835
1536	6.109648402527119
1537	6.209115561681878
1538	6.191663948212089
1539	6.598660044393604
1540	6.198336282180992
1541	6.094316491129331
1542	6.179687746479918
1543	6.19304443549182
1544	5.76087307004713
1545	5.871347130949945
1546	5.914302288673611
1547	6.371545812983255
1548	6.389288132054692
1549	6.122869301943801
1550	6.423014725169276
1551	6.050967987740499
1552	5.545023991489954
1553	6.044329099516528
1554	6.012961044143594
1555	6.333240300869672
1556	6.169089146306738
1557	5.9147856954792095
1558	5.774577296867002
1559	5.848143187324974
1560	6.044887355182365
1561	6.318942421225934
1562	6.026646653861462
1563	5.889226844923667
1564	6.196642615344261
1565	6.280780689191853
1566	5.962961376309007
1567	6.113152237755167
1568	6.020882923164164
1569	6.066520687575186
1570	6.113823024558157
1571	5.954621215392627
1572	6.155883283610965
1573	5.661688189772246
1574	6.091081938599959
1575	5.681324871985241
1576	5.953382875297393
1577	6.346129331356925
1578	6.465531544712353
1579	5.7849647912224675
1580	5.7083582147672445
1581	6.196994728188071
1582	5.772541779966016
1583	6.1103725922601475
1584	5.7687964584456495
1585	6.015144892898966
1586	5.8343667839196085
1587	6.02727875129835
1588	6.204231819539608
1589	5.568080088129404
1590	6.321540596664328
1591	5.791272878691476
1592	6.118069308392088
1593	6.368265206514693
1594	6.2654714631978745
1595	5.788512331641351
1596	5.932558588268286
1597	6.481977379788995
1598	6.488301383995417
1599	5.776472872639499
1600	6.066219625929888
1601	6.381941537926572
1602	5.838757819614301
1603	6.228863342045979
1604	6.0609072632147765
1605	6.010694998865
1606	6.113964108155675
1607	5.9462555609502346
1608	6.298852179440603
1609	5.932473019840322
1610	5.572519438623983
1611	5.719783031618655
1612	6.165417344144802
1613	5.84118564693816
1614	6.227422096639355
1615	6.485965488550657
1616	5.560795151615085
1617	5.471965509955355
1618	5.615299795681494
1619	6.194459188619762
1620	6.112517556195443
1621	5.930980994168758
1622	6.028252261517775
1623	5.731784040903997
1624	6.475882865840662
1625	6.0751223496800115
1626	5.771439370161045
1627	5.958580348755016
1628	5.749556452912975
1629	6.008126617724954
1630	5.4730882526935725
1631	5.4610116679138105
1632	6.054901901485088
1633	6.081738413938534
1634	5.961305274052263
1635	5.735919475854503
1636	5.65109522164339
1637	6.340549135076192
1638	6.180783588137079
1639	6.151205647765444
1640	6.375696913493224
1641	5.916536194726262
1642	5.989121018563273
1643	6.15808486375183
1644	6.057909629943873
1645	6.069751056609675
1646	5.677249950895874
1647	6.059594788581802
1648	5.882357629473876
1649	6.231815218247807
1650	6.008257078728638
1651	6.4318551869294955
1652	5.926259497334452
1653	6.07153811784062
1654	5.9471203993108155
1655	5.805860535968982
1656	6.036958256268639
1657	6.638873425323753
1658	6.059702374429789
1659	5.968740063978833
1660	6.095016135460036
1661	6.283191687538055
1662	5.92519890470618
1663	6.003778648040433
1664	6.115387113205632
1665	6.213298415254329
1666	5.519684022134503
1667	6.406483146251719
1668	5.632276410561791
1669	6.15905417368561
1670	6.396042649054222
1671	6.587470471995125
1672	5.960718917620338
1673	5.787934874746083
1674	6.015053130996724
1675	6.2360718489835865
1676	6.165534227670703
1677	5.870112002790235
1678	6.27739558235128
1679	6.02516367005873
1680	6.4465633094692345
1681	5.740956026152943
1682	6.412094071314375
1683	6.042681237340079
1684	6.078459665257417
1685	5.968613455128246
1686	5.91769350373761
1687	6.1151252886606
1688	6.300001643656852
1689	6.032349051543861
1690	5.863378846363172
1691	5.923426301998232
1692	6.273765506805823
1693	5.790402172225285
1694	5.914506851799331
1695	5.673375075966444
1696	5.796481373756039
1697	6.120643976740453
1698	6.105963096038128
1699	6.079892219826706
1700	5.965003755025996
1701	6.242744689330805
1702	5.909718450276358
1703	6.030420778248906
1704	5.9049283172331615
1705	6.063645535405391
1706	5.709650083656084
1707	6.078740210900373
1708	6.549948970813339
1709	6.25045083211163
1710	6.160105366926465
1711	5.994225325233856
1712	5.80969765700118
1713	6.154369563328132
1714	6.113408008117552
1715	5.814274644279292
1716	6.054995080832102
1717	5.722129796391412
1718	5.849535944471299
1719	5.6051547075385315
1720	5.878983422444638
1721	5.682368233177328
1722	6.092241304188545
1723	6.154683553206269
1724	6.003767700814563
1725	6.345126792024014
1726	6.706311083898002
1727	6.0657839110606195
1728	5.958419638959801
1729	6.38793059677273
1730	5.743892759606165
1731	6.088557731924857
1732	5.940943985086993
1733	6.011731442754103
1734	6.041407573038742
1735	5.926048806332342
1736	5.57874692556098
1737	6.171565048939859
1738	5.46530968908725
1739	6.09262774185556
1740	6.161177656651047
1741	5.821423972748871
1742	5.502721201059103
1743	5.801808704245979
1744	5.875640736097613
1745	5.825393950467697
1746	5.878576395597876
1747	5.725645722156693
1748	6.157821409010812
1749	5.786335446935131
1750	5.8511633634033355
1751	6.137142437938364
1752	6.049028722026075
1753	5.5632521447453955
1754	5.855017808287543
1755	5.924318548513973
1756	5.958562757685837
1757	5.765185853802702
1758	6.3497041663949325
1759	6.473025639109963
1760	5.9387420055533005
1761	5.801106044170178
1762	5.704315055287742
1763	5.709323570736461
1764	5.931155860489525
1765	6.297267091601751
1766	6.238383805890586
1767	5.665986995332731
1768	5.907717849316541
1769	5.8071834532022635
1770	5.955779271978946
1771	5.6704603562861475
1772	6.826216020993522
1773	5.550877614446287
1774	6.228983631471172
1775	5.7267424693730264
1776	5.793672705932774
1777	5.69524386272854
1778	6.031421271538748
1779	6.263897077997432
1780	6.123762086005961
1781	6.005132103692649
1782	6.067433464969356
1783	5.480581481871984
1784	5.9604484776635305
1785	5.882012861694004
1786	6.099098676945856
1787	6.5106898111355775
1788	5.821560046467098
1789	5.936722315027905
1790	5.865056970832116
1791	5.8913019222762575
1792	5.918800179628707
1793	6.070751698384352
1794	5.822359200285748
1795	6.11613112946211
1796	5.734192514226941
1797	5.8597696174963225
1798	5.9358575056750675
1799	5.978068547632376
1800	6.259195710403909
1801	5.743290946807247
1802	5.641118593222362
1803	5.885282424257065
1804	5.721801709903251
1805	6.4024980875017885
1806	5.729748928357798
1807	5.751150986358213
1808	6.2230999554190785
1809	5.6662496508181315
1810	5.973877782341562
1811	5.838355381412646
1812	5.978513294637236
1813	6.259981893966647
1814	6.410785938067236
1815	6.054670698332681
1816	6.184444970613446
1817	5.850510138699094
1818	6.077309303600188
1819	6.330737319799534
1820	6.430082722012108
1821	5.601468114978483
1822	5.768169813628854
1823	5.82796476800637
1824	5.93909131202541
1825	6.089821575666845
1826	6.103125161696774
1827	6.143848933844019
1828	5.802456198884741
1829	5.337117588919188
1830	6.065192700109343
1831	5.939719214593492
1832	5.765747220670916
1833	5.9321371898481035
1834	5.949594252654036
1835	5.912441394251675
1836	5.725528501945644
1837	6.026856652955247
1838	6.052255292841513
1839	5.652509125407725
1840	6.111095272580761
1841	6.414959745660711
1842	5.835150976168314
1843	6.164981687097284
1844	6.186187693585331
1845	6.302327370900902
1846	5.838898261620262
1847	6.168667819408632
1848	5.923180762454868
1849	6.230223432154162
1850	6.970552141081443
1851	6.074519187380345
1852	6.144749285386573
1853	5.671739540773809
1854	6.350839409801056
1855	6.253670942427591
1856	6.213967232315458
1857	6.095279652897284
1858	6.265566569827639
1859	6.034205737457212
1860	5.506427288444775
1861	5.879151456332807
1862	5.616058627743337
1863	5.988328099793353
1864	6.120919805510881
1865	5.548248232799178
1866	5.9214604511095486
1867	6.017103275346259
1868	6.218817641668021
1869	6.31709708805787
1870	6.005394379056892
1871	6.175014548750338
1872	5.8095863135318115
1873	6.021924954843065
1874	6.1102250426919165
1875	5.9177165985408955
1876	5.774221591442287
1877	6.369559700822458
1878	5.842475429956062
1879	6.020908511560494
1880	6.137628190782077
1881	5.750402199156367
1882	6.149573146610886
1883	6.293656129765758
1884	5.9523694409281305
1885	6.275858824555796
1886	6.030858574044676
1887	5.843162570044039
1888	5.559093642815122
1889	6.120903784334484
1890	5.925013424481311
1891	6.223161128206967
1892	5.585407828675428
1893	5.669054001080206
1894	6.135569502945944
1895	5.9679170755692565
1896	6.43705040599522
1897	5.958294410775416
1898	6.16040523110038
1899	5.700719830614776
1900	6.32128957032587
1901	6.171288857462683
1902	5.925643533931951
1903	5.446867950945772
1904	5.7352223705267535
1905	5.99506452172529
1906	6.314657822909067
1907	6.317577654461003
1908	5.419297568562727
1909	5.455286153224542
1910	5.578130080702249
1911	5.944797775987536
1912	6.775881882048421
1913	6.037328379197667
1914	5.926744902675802
1915	6.0355738000925925
1916	6.0621705345638315
1917	5.9867487179020555
1918	5.736274261870507
1919	6.05242225963921
1920	6.197546066312119
1921	6.467546262990006
1922	5.780783260520548
1923	5.566751540632827
1924	5.99353274020056
1925	5.789382590659206
1926	6.190852457155829
1927	6.199106366319868
1928	6.044390095943384
1929	5.7315851334735335
1930	6.051953630552357
1931	6.116570252065318
1932	6.150659808738264
1933	6.025390197023037
1934	6.14711835920778
1935	5.812006501428966
1936	6.4795394501993195
1937	5.950539147295058
1938	6.1700471668956665
1939	5.910856755120073
1940	6.1573051026757435
1941	6.180502811743699
1942	6.509934786291207
1943	6.4231154406228015
1944	5.774176780245866
1945	5.977473485310339
1946	6.5215756298676135
1947	6.601321145575575
1948	5.694385447727798
1949	6.467850185756671
1950	6.1873150668504975
1951	6.0341979889008295
1952	5.894496570144134
1953	6.4934142859046
1954	5.742342089338967
1955	5.762826988996922
1956	6.077047122697293
1957	5.7447970873293865
1958	5.666578186591061
1959	6.291973751395471
1960	6.0232327654677515
1961	5.898125858306214
1962	5.978093391527858
1963	5.673181486327667
1964	5.934126952778501
1965	5.86386866541387
1966	5.875858331656206
1967	6.409495641878259
1968	6.318450973456725
1969	6.037228240489997
1970	6.167307676109583
1971	5.880257995124945
1972	5.74557324860217
1973	5.653435329971835
1974	6.028017142369305
1975	5.847000139160803
1976	6.568659395253538
1977	6.011955095827198
1978	6.376419817776927
1979	6.006121912695975
1980	5.871995177675182
1981	5.95794911258121
1982	6.285002495019073
1983	5.641309356822549
1984	5.9636972370638475
1985	5.764949247595991
1986	6.506029955076103
1987	5.922235386649147
1988	6.067668693322533
1989	6.030204083747798
1990	6.309601505190134
1991	5.967562413913408
1992	6.153139138990871
1993	6.203888644997278
1994	5.845309263478372
1995	5.407233026053291
1996	5.93695984265137
1997	5.9474737048354
1998	5.717668492863052
1999	5.612972618409378
2000	5.9289316173470645
2001	5.751059790426222
2002	5.84103600143948
2003	5.925361209863218
2004	5.825108837815775
2005	5.9601129896172065
2006	5.8657933080353395
2007	6.361183350221581
2008	5.820132974814624
2009	5.9090310966626545
2010	5.944056126346839
2011	6.206666204812821
2012	6.3575233453038065
2013	5.798445397892201
2014	6.070548054985314
2015	6.23040461616269
2016	5.998169428124393
2017	6.1859152930687165
2018	5.803379479418423
2019	6.252761600104891
2020	5.945159422460064
2021	6.044625822997962
2022	6.126392288460848
2023	6.224462201252479
2024	6.10413651033181
2025	5.790245888718628
2026	6.20147172269674
2027	5.646756668379696
2028	6.036158423802061
2029	6.437316743665091
2030	6.185131809888325
2031	5.757369493851783
2032	6.828325000678115
2033	5.688971486142171
2034	5.828619025418859
2035	6.342855155868456
2036	5.848900581319947
2037	6.218725501826924
2038	5.8898374071743875
2039	5.986769707325846
2040	5.700293366394748
2041	5.989170212483456
2042	5.924144083208109
2043	6.518897954171054
2044	5.5827219214979555
2045	6.100429527643913
2046	6.319029009929669
2047	5.8431689382362855
2048	5.79985149430271
2049	6.481144332906399
2050	6.09523099973668
2051	6.080892114051229
2052	6.223171730515304
2053	5.737936726467684
2054	5.8138005574938
2055	5.555694470791856
2056	5.893845635422622
2057	5.844121442399109
2058	6.446564883141456
2059	6.133827703757561
2060	5.809814795275071
2061	5.7159067857635
2062	5.846582929639576
2063	5.892547743839466
2064	6.249253904233007
2065	6.369066004504267
2066	6.031565484966939
2067	6.084184261884928
2068	5.881340129716395
2069	6.059877614903278
2070	6.375868406023502
2071	6.289776271287953
2072	6.408379342549987
2073	6.0487424952368585
2074	6.670361484067702
2075	6.291626637142534
2076	6.021396673401848
2077	5.8897753208510775
2078	6.064245819977117
2079	6.064925451306268
2080	5.9006622852984725
2081	5.819002556078055
2082	6.214666033538297
2083	5.906659450523875
2084	5.236361154565846
2085	6.277356749062701
2086	5.840386888271408
2087	6.120760258934192
2088	5.887094155397347
2089	5.494757235960358
2090	6.17511830987595
2091	6.03085330942985
2092	5.949616994924035
2093	5.715121183885328
2094	6.370131380119045
2095	5.951999103295553
2096	6.211276801182918
2097	6.1853139978064995
2098	6.201861361882038
2099	5.837479436635756
2100	6.09742517558545
2101	5.980074848372327
2102	6.572397668376504
2103	6.225954120446529
2104	6.175775444922259
2105	5.493774172016664
2106	6.474561408185795
2107	6.038245425111659
2108	5.899436307654807
2109	6.126665183527092
2110	5.956283873871255
2111	5.9106963106527415
2112	5.931032676635576
2113	6.148931180141748
2114	6.0710039785364645
2115	5.536955163442777
2116	5.687382464364556
2117	6.170028130989522
2118	6.231856560262923
2119	5.6454442229186155
2120	6.072036455685245
2121	6.406704527001828
2122	5.745288068072542
2123	5.833137055384685
2124	5.6397599517406265
2125	5.812779175356215
2126	6.21901897931259
2127	6.132331369894867
2128	5.763584778279877
2129	5.990140448320881
2130	5.960686470137819
2131	5.515496725821867
2132	6.456371642747002
2133	6.259617759487466
2134	6.143445099071371
2135	6.041579345864574
2136	6.013273418277023
2137	5.9815735930907605
2138	5.905830668987619
2139	5.9981284089674185
2140	6.473381624708214
2141	5.585223405177612
2142	5.836281449254602
2143	6.015276105796764
2144	5.800581412834175
2145	5.558192043585113
2146	6.109356152234545
2147	5.782437037911266
2148	5.599202121588717
2149	6.065340709180022
2150	6.0407594810513885
2151	5.7075800124417855
2152	6.133254800353346
2153	5.8852354609407485
2154	6.260199965346449
2155	5.677217120053651
2156	5.629558866163311
2157	5.765010990008402
2158	6.120535823234985
2159	6.436743385268767
2160	5.647499358773873
2161	5.4865725307463435
2162	6.160616695600736
2163	5.516955975905148
2164	5.8536830855329995
2165	5.709153107668019
2166	6.38632520979873
2167	5.788676091761921
2168	5.724613295311718
2169	5.560268112070237
2170	6.152560684007015
2171	6.124564482730107
2172	5.678534759890713
2173	6.1128268586073675
2174	6.169785999079486
2175	6.048451014511287
2176	5.943594375610814
2177	5.902969637785253
2178	6.043690892290044
2179	6.168739748984441
2180	6.200124294395474
2181	5.686106009311043
2182	5.4944127305608355
2183	5.517856689199369
2184	5.766710773735583
2185	6.238567416287383
2186	5.754471732033678
2187	5.939394622301783
2188	6.075688428302174
2189	6.335338528701023
2190	5.9833676644824445
2191	5.9169266108046505
2192	6.156618916795945
2193	6.358558709271576
2194	5.504595303373343
2195	5.733490594480342
2196	6.18850797489722
2197	5.913531907403267
2198	6.062266562664476
2199	5.9184226890553395
2200	5.667721853287208
2201	6.232878172467093
2202	5.689508106717507
2203	5.327213251166261
2204	6.186743794118657
2205	5.88451620041936
2206	6.281971704367548
2207	5.990638556487858
2208	6.23681995393632
2209	5.566076772506623
2210	6.15566810824722
2211	5.682167565988619
2212	5.53416627782843
2213	5.803278136136941
2214	6.047542856029693
2215	5.841895215631605
2216	6.0178931381255385
2217	6.268488520838122
2218	6.042117848372749
2219	6.074692709104819
2220	5.612644472166779
2221	5.744324638207371
2222	5.996764702086701
2223	5.799298116476322
2224	5.7466284151935625
2225	6.046121750026941
2226	5.863182113116044
2227	6.257035935820962
2228	5.991459804777564
2229	5.998305544078903
2230	5.765732625951531
2231	5.945165889050501
2232	5.483371126947644
2233	6.199383655141493
2234	6.409397462889227
2235	6.062449779977361
2236	5.991685450123268
2237	6.4229122680176784
2238	5.871964415591051
2239	6.188189205476793
2240	6.499759972474612
2241	5.8043259655965045
2242	6.09971683302236
2243	5.593390956643799
2244	5.921638753718441
2245	5.948791867783293
2246	5.950473752757919
2247	6.183966924622655
2248	5.856212199007523
2249	6.073444004362339
2250	5.786655859233023
2251	5.929689447939462
2252	6.176646347040111
2253	6.011818924356096
2254	6.172788476661685
2255	6.389763068658176
2256	6.097616516073923
2257	5.751095156451421
2258	6.191065383969896
2259	6.622765694521837
2260	6.120008557469451
2261	6.386298778667033
2262	5.784988486812901
2263	6.643155223768204
2264	5.837175245804762
2265	5.991325586891834
2266	5.764364960421353
2267	5.940708612144941
2268	6.330206332840927
2269	5.979469099942595
2270	6.242644740842041
2271	5.787146578393364
2272	6.247362323708832
2273	5.479521452394725
2274	5.912958498411172
2275	5.794718913902018
2276	6.3522880947859885
2277	6.382517403390227
2278	6.309652724557302
2279	6.243053269057002
2280	6.141523961667118
2281	6.306120243616311
2282	6.255166158605572
2283	5.697989826625961
2284	5.69424135434634
2285	6.181590585608036
2286	6.228636667826785
2287	6.000041912421729
2288	5.876641443238256
2289	6.139531900189468
2290	5.976228333834491
2291	6.020348083108831
2292	5.892326105994647
2293	5.88104445345523
2294	6.2115682194978
2295	5.8783620257900715
2296	5.78843985107411
2297	5.924883174528368
2298	5.858403121432984
2299	5.9324316622223705
2300	6.312532753283449
2301	6.038411404061931
2302	6.287119372835699
2303	6.154463749089454
2304	6.136063882207964
2305	6.521048109251845
2306	6.145729171360532
2307	6.099997066926245
2308	5.746132497423303
2309	6.0748751952355216
2310	5.965407623878369
2311	5.91044175438178
2312	5.287710499395193
2313	6.392818163575619
2314	6.223640289857898
2315	5.7320557628535544
2316	6.1173590059834915
2317	5.644995806001437
2318	5.977193308023389
2319	5.831275767372811
2320	5.9314556930814
2321	6.606363582149656
2322	5.816336910369703
2323	5.604702717526571
2324	5.990584803056609
2325	6.465343582586178
2326	5.818344542654936
2327	6.195037648189813
2328	5.8785375200609185
2329	6.209817413823836
2330	6.114721583257051
2331	6.41177137274141
2332	5.573432213779478
2333	6.001060602905485
2334	5.822223607564552
2335	6.1682478860891035
2336	6.007930718296305
2337	6.403956399473827
2338	6.3537437002121555
2339	5.844436372068055
2340	6.50621393001562
2341	5.898480347295919
2342	5.989170990046114
2343	6.281205413858751
2344	6.461351397102827
2345	5.778525939776079
2346	6.3368500816105895
2347	6.517689924543867
2348	6.427115530800075
2349	6.1229810413982095
2350	5.934863363337403
2351	6.30623037307165
2352	6.444971214476973
2353	6.057581667651368
2354	6.046921080741145
2355	5.80439520906657
2356	6.172660177674455
2357	6.349987055862618
2358	6.077632234626535
2359	5.80421518522863
2360	5.623058294696533
2361	6.24371941070522
2362	5.911363013948385
2363	6.385491872514206
2364	6.05419033216382
2365	5.762983352402225
2366	5.858186601615556
2367	5.884922747047052
2368	5.890489477635354
2369	5.950970044892887
2370	5.864944113336538
2371	5.988799984667304
2372	6.263448210533809
2373	5.843765341170022
2374	6.348124536006737
2375	5.967186858259334
2376	6.205878161238431
2377	6.186858922435296
2378	6.176545188105332
2379	5.576618328126435
2380	5.977220439203774
2381	6.1516826506451405
2382	6.074962792778786
2383	6.206772001847625
2384	6.456171280901611
2385	5.901687951089862
2386	6.1913319579110695
2387	5.633500592245792
2388	6.409357800678003
2389	5.6925002730348995
2390	5.995859127258882
2391	6.055350602316834
2392	5.87035906864657
2393	5.522585409480443
2394	6.572872845209243
2395	6.005097700214688
2396	6.034365569536642
2397	6.276127922882694
2398	6.4376694768146026
2399	5.977582302565376
2400	5.815356057998018
2401	5.8084888725716155
2402	6.010782238518343
2403	5.6531623955710995
2404	6.177208689444732
2405	5.985382008925081
2406	5.839280878677248
2407	6.432713097062156
2408	6.016040844565704
2409	5.911168061491611
2410	5.932932733749641
2411	6.514517520689556
2412	5.852832139751531
2413	5.885890021164002
2414	5.789158349958953
2415	5.997289698134184
2416	5.589445672718015
2417	5.62909596984353
2418	5.988436114663879
2419	5.847966320989203
2420	5.998740192396445
2421	5.782047230368241
2422	5.681787820423155
2423	5.425981923955044
2424	5.981713121736488
2425	6.647755188314911
2426	5.848293212394969
2427	5.66648469158337
2428	6.391854507237707
2429	5.908090993527125
2430	5.404657625673281
2431	6.052218055421273
2432	5.95425490193118
2433	5.94274571928382
2434	5.968916349273175
2435	6.032928365613401
2436	6.174608838383053
2437	6.126724773470778
2438	6.014245070291624
2439	6.312606505592362
2440	6.36559672318981
2441	5.898569659227506
2442	6.240638565125042
2443	5.454519228217307
2444	5.919109503167771
2445	6.377344194589102
2446	5.707338036716227
2447	5.754031495871388
2448	6.371883251223471
2449	6.051369347098588
2450	5.907673929689255
2451	5.7572682390064
2452	5.996693706714913
2453	6.52991670795725
2454	5.902653738887826
2455	5.788837959989905
2456	5.822452628929446
2457	6.000808296912862
2458	5.840041773423793
2459	5.626956966172363
2460	5.822376207051717
2461	5.816720810500687
2462	5.949394107910694
2463	6.045719329958722
2464	5.966105078236337
2465	6.141996904708445
2466	5.980620998649969
2467	5.822317787991005
2468	6.429234802542927
2469	6.269218171878321
2470	6.007592147703028
2471	5.89105870433237
2472	5.82269200991998
2473	5.938700975013489
2474	5.69947462985217
2475	5.663475376870879
2476	6.351973516087561
2477	6.047998878626166
2478	6.50987426153084
2479	5.962325064909899
2480	6.4458303254921265
2481	6.135263028606887
2482	6.146801177734653
2483	5.687143238080251
2484	5.8063765662312825
2485	6.00399543817548
2486	6.491333399094025
2487	5.616938214843809
2488	5.96937786249612
2489	6.478556325044131
2490	6.152351389621833
2491	5.456650158484318
2492	6.00667148154061
2493	5.719207733561883
2494	5.649759208991946
2495	5.906630817948409
2496	5.6880486204318
2497	5.987633407426377
2498	5.918769144326827
2499	5.889447361945681
2500	5.985166528128573
2501	5.652832103498055
2502	5.83958980248406
2503	5.710552650717561
2504	5.812402582132361
2505	5.871891386988436
2506	5.731507422577537
2507	6.196011573608937
2508	5.74590132297962
2509	6.106272044959803
2510	6.031014671792712
2511	6.323751835926106
2512	5.998444975069837
2513	5.775147816491161
2514	5.617759435201415
2515	6.010558808749345
2516	6.0540881162339995
2517	6.051484197475172
2518	6.055698008164356
2519	6.110497174459989
2520	5.873231249055752
2521	6.299645608090911
2522	5.92005924876139
2523	5.8951639373072195
2524	6.047652033589318
2525	6.239705849249059
2526	6.061111829738108
2527	6.375468638416271
2528	5.771694247107347
2529	5.463778472594024
2530	6.205539684348061
2531	5.668950168791882
2532	6.282541678885797
2533	5.818346217953304
2534	5.590770480946357
2535	6.168667224126265
2536	5.578785864738521
2537	6.218842793561396
2538	6.000179351415485
2539	6.332439850482983
2540	6.13710418783594
2541	5.918586786801168
2542	6.049759104947692
2543	5.648450428401323
2544	5.974598303902894
2545	6.079489119594487
2546	5.900048172395039
2547	5.883813979451617
2548	6.302352146062857
2549	5.805200225130956
2550	5.992805121998113
2551	6.055111622570881
2552	5.869312962736073
2553	6.0840152887557855
2554	6.0095909809257595
2555	6.0579701345811925
2556	5.977193412241404
2557	6.005288698458414
2558	5.897537885196876
2559	6.067514185659173
2560	6.425336059819286
2561	6.592349840239782
2562	6.186203460655331
2563	5.724266929272562
2564	6.254144983195543
2565	6.164081456994108
2566	5.793799904866942
2567	5.811456359532942
2568	5.875644164364215
2569	6.3902467454754515
2570	6.071793423829756
2571	5.981312909759423
2572	6.0744584910761645
2573	6.508896036492326
2574	5.681575196184218
2575	6.043718566221362
2576	6.186368698149919
2577	6.0892414145428795
2578	6.0203875388625425
2579	5.895167417695135
2580	6.0123564270798555
2581	6.391973392227485
2582	5.6319562046010105
2583	5.6613384231126735
2584	6.131029127903569
2585	5.901954888726391
2586	5.679935065420744
2587	6.400175813845975
2588	5.782072239802672
2589	5.946454635001999
2590	6.876237873582741
2591	6.402484899237606
2592	6.262698186860514
2593	5.38817570140554
2594	6.221772360430707
2595	6.03985611849019
2596	5.964442798759435
2597	5.6587328889746535
2598	6.310073792887063
2599	5.839561766298074
2600	6.1554577418674645
2601	5.70726757698382
2602	6.306690383509354
2603	6.047363615413965
2604	5.7405438487042195
2605	5.585370525150307
2606	5.776755622273678
2607	6.528150130597311
2608	6.077883354316799
2609	6.168845717752507
2610	6.206774755439255
2611	5.735075017573455
2612	5.975835080350941
2613	6.026746507611517
2614	5.942642875533583
2615	6.308584991467091
2616	6.083283371033824
2617	6.243296395626613
2618	6.274386149567916
2619	5.823585787863839
2620	5.994285302648607
2621	6.16887487602372
2622	6.380821183448591
2623	5.725456103584259
2624	5.497326208291122
2625	5.707569216861743
2626	5.830432191531974
2627	5.956885846925345
2628	5.998999155265394
2629	5.9468340166720886
2630	5.817098843660205
2631	5.822329494456017
2632	5.7986064223562375
2633	6.2824816655367615
2634	5.960553429242223
2635	5.6107162694231825
2636	5.865800260064134
2637	6.168826092682455
2638	6.087179913928681
2639	5.911142667606786
2640	5.700451056907108
2641	5.672176500381497
2642	5.748584561135718
2643	6.489403506821913
2644	6.167202869895846
2645	6.017589981957163
2646	6.087549149359833
2647	6.063371451344341
2648	6.607948130893344
2649	6.348315388027929
2650	6.153615712489933
2651	6.453402540776069
2652	6.222256371056691
2653	6.104998353049658
2654	6.059384101893399
2655	5.941230260426047
2656	5.653971361199473
2657	5.911171165100018
2658	6.425183060520794
2659	5.889380317144392
2660	5.8412214258906285
2661	5.960415749852213
2662	6.445056436263751
2663	5.989560236385797
2664	5.923571299377043
2665	6.0875564844140575
2666	5.885963707856874
2667	6.099356476499959
2668	6.130143987963145
2669	6.07779251690954
2670	5.495513951694516
2671	6.237982263405381
2672	6.124112742936759
2673	5.897717351205927
2674	6.1755150952074604
2675	6.3785010379747495
2676	5.8152683257866755
2677	5.725808967008757
2678	6.350235800002307
2679	5.966242441910949
2680	6.127801289235129
2681	6.18555996970584
2682	6.152846923690257
2683	5.599173023190377
2684	5.609178807654092
2685	5.885450460201622
2686	6.214718658782876
2687	6.060917894039303
2688	6.586005956600248
2689	5.808479796090036
2690	5.612063857596367
2691	5.950331123882708
2692	6.050109300707878
2693	5.982382220896949
2694	6.197167936318193
2695	6.024930469600722
2696	6.2847711076028645
2697	5.403693073580303
2698	5.860887013286044
2699	6.091387404053802
2700	6.225700874364648
2701	6.020242079769054
2702	5.756926437812674
2703	5.7189799006175726
2704	6.264193167310614
2705	5.926460385919199
2706	6.000889838588842
2707	5.889047934317633
2708	6.4528469125324595
2709	5.554661781400474
2710	5.721436584665019
2711	6.146239628679016
2712	5.798138651566115
2713	6.234581426865308
2714	6.231747038667666
2715	6.425558484628681
2716	6.031646025358458
2717	6.519225245562235
2718	5.885377203981073
2719	6.016712152191238
2720	5.432189472892787
2721	5.87550044648678
2722	5.8592761845751244
2723	5.616203045359022
2724	6.384219984471145
2725	6.288127973519057
2726	6.144468039963087
2727	6.351377724372155
2728	5.974536420205229
2729	6.263269892876485
2730	5.654697721816774
2731	6.535282693756017
2732	5.82138405727633
2733	5.977546839500029
2734	6.21357851451164
2735	6.246792420895921
2736	6.041827649873261
2737	5.708835105376696
2738	5.919935581469608
2739	5.359889638182622
2740	6.348625695466589
2741	6.447541322485036
2742	6.007090771809047
2743	6.008025136428
2744	6.340531439652209
2745	6.12496594994321
2746	6.069392487313598
2747	5.57740913480759
2748	6.247979317665906
2749	6.131394220678698
2750	6.436818525141132
2751	5.653495433735086
2752	5.727180292930229
2753	6.186334747906067
2754	6.151123052489223
2755	5.577599224160263
2756	6.1963983255694
2757	6.24135947559825
2758	6.042733233691432
2759	6.508318749081312
2760	5.943095525903875
2761	5.602897374838105
2762	5.937405153583255
2763	6.397266780264675
2764	6.016357867943034
2765	6.109118338660407
2766	6.158951945196753
2767	5.447533700528349
2768	6.289090356116907
2769	6.250846933985826
2770	5.70696709001629
2771	5.813607723683025
2772	5.964131786475634
2773	6.066242083791912
2774	5.81630216839537
2775	5.590921949217925
2776	5.766256772110878
2777	5.857990741215255
2778	6.054164853903202
2779	6.168378285153045
2780	6.296326381283934
2781	6.051394729692997
2782	6.0766919898559095
2783	6.077882958937541
2784	5.998703436836143
2785	6.218566326257617
2786	5.9696210939551655
2787	6.340510198440498
2788	5.752026244553678
2789	6.174032623098378
2790	5.683161395975227
2791	6.148788053012039
2792	6.377640986088209
2793	6.0581280204250705
2794	6.552919996136768
2795	5.515904362681077
2796	5.953719318322028
2797	5.456740846954996
2798	6.38712959498873
2799	6.161431138636544
2800	5.220148489712301
2801	6.0013588054487546
2802	5.823798626465462
2803	5.522221337530821
2804	6.136227508216958
2805	6.010155108528182
2806	5.578090070568578
2807	6.295147162698032
2808	6.242665510239418
2809	6.050042994451467
2810	5.598252880966888
2811	6.34812535026811
2812	5.686782931951899
2813	5.735025325264576
2814	6.2831727056918005
2815	6.203283577109687
2816	6.140819632833251
2817	5.890416691327862
2818	5.444519519488412
2819	6.04704319272469
2820	5.665468157084402
2821	5.995116843969414
2822	5.780947612351156
2823	5.827116151669008
2824	6.052739374190569
2825	5.419383061227991
2826	6.076471870649525
2827	6.296403519390621
2828	5.641042964257376
2829	6.397460084408522
2830	5.9607823035265834
2831	5.820212628650531
2832	5.965556879486475
2833	6.348576067878372
2834	5.68665746790622
2835	6.217480890037647
2836	6.079213012622572
2837	5.57551303759859
2838	5.948736827351599
2839	6.702199077791755
2840	5.6309946184993676
2841	6.087239545932429
2842	6.502862691378975
2843	6.082803161959779
2844	5.938626482213262
2845	6.963962207176732
2846	6.392133153531108
2847	5.920805432991455
2848	6.144214385565694
2849	6.17817714561085
2850	5.847709703470035
2851	6.641350439877406
2852	5.790657591796661
2853	5.983889870607771
2854	6.0221779618300495
2855	5.946677740688756
2856	6.04887703312644
2857	6.048129108737685
2858	6.078146032252105
2859	5.793320716936486
2860	5.583985957060546
2861	5.7740076163613665
2862	6.020654000578808
2863	5.940894723659694
2864	6.003474972503306
2865	6.532899501841582
2866	6.356232354244025
2867	5.844297682213568
2868	5.8142289930527715
2869	6.26726070979772
2870	6.460191635808979
2871	6.041644834793572
2872	6.204580972548574
2873	6.070576027341901
2874	5.856585661961657
2875	6.091476346644741
2876	6.76110109128058
2877	6.303835512742046
2878	5.794015812876149
2879	6.103584385857069
2880	5.804422493100676
2881	5.903107861250565
2882	6.190275985131545
2883	6.203476822935045
2884	5.488748152453453
2885	5.8195305478393236
2886	5.705295388332161
2887	5.86327604765949
2888	6.016597662710099
2889	6.468599927578723
2890	6.189335502820106
2891	5.904820646061887
2892	5.561139561402767
2893	5.237096060264028
2894	6.128841311456887
2895	5.876144288806245
2896	5.936569382582387
2897	5.668251463097631
2898	5.809481726599518
2899	5.708853643410647
2900	5.582158505108964
2901	6.07567423169682
2902	6.323505472685945
2903	6.033547247219498
2904	5.814464403706235
2905	5.8924938530128985
2906	6.090283694499008
2907	6.236063815884322
2908	5.960081434980404
2909	6.076589753696074
2910	5.853645300665605
2911	5.452538925012642
2912	6.011876774732164
2913	6.2950294306541545
2914	5.7599402828809785
2915	5.877567871671635
2916	5.639263237602193
2917	6.119409835919214
2918	5.986395827323421
2919	5.874200050486252
2920	5.773810185664506
2921	5.885584986397483
2922	5.675247931623744
2923	6.291996617750185
2924	5.518694474993167
2925	6.216569796497151
2926	6.1688399140686885
2927	6.572431400364551
2928	6.516109297336783
2929	6.123261694894022
2930	6.02907328734764
2931	5.793791210003872
2932	5.977163831462365
2933	6.156682308546431
2934	5.941753871206727
2935	5.93502816912069
2936	5.697209066073704
2937	5.5906039377846195
2938	6.2007916200881095
2939	6.395204076785236
2940	6.00137023453135
2941	5.929526286904833
2942	5.695109015779553
2943	5.770101781363337
2944	5.8876085803584335
2945	6.242899286279152
2946	5.9010116859989346
2947	5.517017732005722
2948	5.5177092622956785
2949	5.795394350247654
2950	5.84723222354809
2951	5.80821654893471
2952	6.04392263698999
2953	5.9975863805099445
2954	5.904538607662859
2955	6.237200411251531
2956	6.051892774206769
2957	6.096236977082624
2958	5.913677292680107
2959	6.479351879664414
2960	6.050841522892603
2961	5.84249302598099
2962	5.850703085718643
2963	5.700695047189516
2964	6.384716618521025
2965	6.390855960503383
2966	5.583560478971015
2967	5.830992358014524
2968	6.132611903381583
2969	5.721715003579146
2970	5.846746362345456
2971	5.828643760698683
2972	5.32990293526514
2973	6.269124554122978
2974	6.056957218354234
2975	6.062531141545008
2976	6.368137483600464
2977	5.909491651428484
2978	6.042104086825099
2979	5.61745879873794
2980	6.043724087724352
2981	5.952428075947092
2982	5.877829942386597
2983	6.155737918996627
2984	5.496619056148681
2985	5.858906120758533
2986	6.002298164594555
2987	6.331652207089901
2988	5.820818705900679
2989	5.939499699430201
2990	5.61011890917665
2991	6.165230857686395
2992	6.368587422675001
2993	5.7684767643026635
2994	6.285321014355226
2995	6.144672066138517
2996	5.982801366539206
2997	6.285307704074662
2998	6.05647333230341
2999	6.09788115282676
3000	5.551165606670138
3001	5.8343323382224686
3002	5.909840417188444
3003	5.7052893822722766
3004	5.718310590916297
3005	6.019190782909924
3006	5.84052285831759
3007	5.893704080093733
3008	5.7575684415373525
3009	6.056102325504456
3010	6.15244763573719
3011	6.0299468350937016
3012	6.240522785624489
3013	6.4139706927443125
3014	6.175096528113299
3015	5.482113016683978
3016	6.20101993422033
3017	5.7848163239551
3018	6.065141644046749
3019	5.9066979759923095
3020	5.892677019971113
3021	6.078832830313775
3022	5.577315784785581
3023	6.075834401037951
3024	5.947792283807681
3025	5.489897966497054
3026	6.197271635377547
3027	6.508293255858959
3028	5.80678853950516
3029	6.0146443447066025
3030	6.216948089059115
3031	6.431200545136817
3032	5.587134570023784
3033	5.553630774158984
3034	6.014069455980869
3035	5.6114209772923624
3036	6.112031665126878
3037	6.465412373337582
3038	6.237875912559072
3039	5.849832522374591
3040	5.920889965398237
3041	6.4479462054614975
3042	5.929031423521939
3043	6.075278251536656
3044	5.8876810351179705
3045	5.803716400287777
3046	5.564124278366566
3047	6.13391879992968
3048	5.737161160046465
3049	5.62060787041134
3050	6.041850204071215
3051	6.19029557624452
3052	5.659533221051097
3053	6.039780185925304
3054	5.816229057570421
3055	5.792144488987957
3056	5.566584564496096
3057	5.81200107440384
3058	5.909682848600342
3059	6.359130861376649
3060	5.607509428406289
3061	6.180978706007375
3062	6.184980207934566
3063	6.103943864776132
3064	6.255805588414878
3065	5.7428308720084695
3066	5.850865167050252
3067	5.856601372138936
3068	5.739011759908968
3069	5.8308241296681045
3070	5.749227689388632
3071	5.886628012282704
3072	6.031728052525459
3073	6.2946253248436514
3074	6.114266897120231
3075	6.119008589742495
3076	5.83738869450323
3077	6.087787798225977
3078	6.46405260477458
3079	5.8616297324331335
3080	5.575305185972317
3081	5.9893876752049655
3082	6.002569296531442
3083	5.794401777693014
3084	5.422993166253138
3085	5.526119954624357
3086	5.9260666454864435
3087	5.899330005735943
3088	6.184881698939949
3089	6.311903650944375
3090	5.800470389909326
3091	6.101065855543716
3092	6.172802358892901
3093	5.829455725548112
3094	6.231364311768659
3095	6.227158596268338
3096	5.695641679398715
3097	5.619065696807128
3098	5.815196901068768
3099	5.863711377936379
3100	6.193712490035757
3101	5.44135127642497
3102	5.762245320429159
3103	5.979676477314394
3104	6.273500038607946
3105	6.334790419380639
3106	5.603303239779086
3107	5.457306025676397
3108	6.654735504658365
3109	6.015619514500197
3110	5.829013263671789
3111	5.885937928142193
3112	6.482356201875377
3113	5.897098431935367
3114	6.0939805255028885
3115	6.080201633172692
3116	5.927078639646257
3117	5.81136845103465
3118	6.274317575883026
3119	5.5575986640004995
3120	6.034910954858946
3121	6.340827626746614
3122	6.142135618019961
3123	5.847510722588356
3124	6.184372810734452
3125	5.603917181802292
3126	5.9922877732810305
3127	5.880111374527864
3128	5.427796967179242
3129	5.7675779904495545
3130	5.675482745009378
3131	5.892849222957515
3132	5.8394712407080425
3133	6.304676680134074
3134	5.693367731349113
3135	6.152610206818384
3136	6.447761874322679
3137	5.969176915072804
3138	6.162866643763673
3139	5.998088328783469
3140	6.357835357605446
3141	6.075531539362573
3142	6.03056227933715
3143	6.184096858023712
3144	6.007103060964178
3145	5.895753629720555
3146	5.794816057052707
3147	5.628879826626409
3148	6.36898010916927
3149	6.140786936366931
3150	5.930443118669295
3151	5.957607860975671
3152	6.0893930832706396
3153	6.208791603516279
3154	5.769250077067637
3155	5.657813211188699
3156	5.770571930470931
3157	6.182902246366675
3158	5.571741155152845
3159	5.761281741057922
3160	6.235778606078756
3161	6.329578525035388
3162	5.94731605871051
3163	6.2095078178970216
3164	6.298112139336567
3165	5.970840630624443
3166	5.894161900306785
3167	6.10623487655794
3168	5.944771540738391
3169	5.83889891418915
3170	6.20812759232193
3171	6.194683169832035
3172	6.5261519706173035
3173	6.168446259590349
3174	6.101273873085291
3175	5.945166127283521
3176	6.107779958214248
3177	5.828024886106861
3178	6.190473580714165
3179	5.952347470505629
3180	6.1516893469637495
3181	6.155990440619031
3182	5.594132132349077
3183	6.010752079756155
3184	5.733355923227538
3185	5.689659992261141
3186	5.928291242514685
3187	6.06364095912331
3188	6.305347754579363
3189	5.653353982775783
3190	6.248513977251087
3191	6.283808149769007
3192	6.293714307714254
3193	5.908964895108361
3194	5.519148932335021
3195	5.64400997397133
3196	6.02540403181179
3197	5.929750619855899
3198	5.925285540879604
3199	5.799677648570206
3200	6.195018929641639
3201	6.074330885437177
3202	6.296650721208479
3203	5.971229468335754
3204	6.157977521277802
3205	6.420887317726022
3206	6.240064864414895
3207	6.151261785402432
3208	6.0468077962360685
3209	6.243396834631811
3210	6.058512462434383
3211	5.7942874468901175
3212	5.797109758682388
3213	5.915720206100084
3214	6.024661455267914
3215	5.896945545482852
3216	5.632279850576073
3217	6.178426332271507
3218	5.822363112961603
3219	6.0210299093579485
3220	6.229842876309469
3221	6.070679934878941
3222	5.851845421443101
3223	5.678559426871587
3224	5.916172133208337
3225	6.50670495243824
3226	5.866763438695026
3227	6.308332696573242
3228	6.2499377346589915
3229	5.776090717701608
3230	5.65449306346749
3231	5.503338389134123
3232	5.756282281950611
3233	5.418083645203266
3234	6.040725598086578
3235	6.217296135503799
3236	6.313545765809625
3237	5.835047282851375
3238	5.736838551234022
3239	5.978483064795404
3240	5.69962967200151
3241	6.15278643797057
3242	5.657680757101808
3243	6.380949993906715
3244	6.544121106113572
3245	5.7304476374384326
3246	6.143472729569853
3247	5.900069838687941
3248	6.354550621034738
3249	6.352395878141137
3250	6.216056162085479
3251	6.403665339557879
3252	6.41968513532685
3253	5.446058270410772
3254	5.836208511976006
3255	6.042313638825102
3256	5.978498938101753
3257	5.950962579703475
3258	6.170200266025961
3259	6.400530728186352
3260	6.1373741589743265
3261	6.496985185007361
3262	6.156802937792934
3263	6.424400504449185
3264	5.912275165055269
3265	6.141372148118139
3266	5.728960541930078
3267	6.274123563547619
3268	6.139021924310909
3269	5.632088961757462
3270	6.3089687114604
3271	6.022553175084009
3272	5.97729247166509
3273	5.749521831242693
3274	6.198278503401614
3275	5.898556279058578
3276	5.633095092790743
3277	5.953443924869618
3278	5.994400182911232
3279	6.273655059006573
3280	6.118260204140886
3281	6.086622250006757
3282	6.212724128786052
3283	6.025846663404632
3284	5.747759871944147
3285	6.084559873078639
3286	6.0591640929092785
3287	5.768950830205627
3288	6.3987392317895
3289	5.982649358466637
3290	6.388632823651549
3291	6.012515479673311
3292	5.8629068692335515
3293	6.132285051296801
3294	6.188112568555038
3295	6.367370580099831
3296	5.953329436048599
3297	6.213919208153895
3298	5.910680168158496
3299	6.08673793395318
3300	6.145323868604574
3301	6.408716383026208
3302	6.709460796375248
3303	6.471613773010608
3304	5.3763067530163156
3305	6.324541192985218
3306	6.733738185198639
3307	6.1983266341673255
3308	6.330978195963061
3309	6.19786599651384
3310	6.148374390543904
3311	6.1633151529768355
3312	6.093922800694902
3313	5.8669929972165225
3314	6.390051940225338
3315	5.680823168665585
3316	6.127518507270586
3317	6.329955915117446
3318	6.013696868230389
3319	6.330301834789456
3320	6.368709490578963
3321	5.950313093002602
3322	6.253436463565806
3323	6.098065449601501
3324	5.774100433488969
3325	6.2856611665293505
3326	5.952722451070279
3327	5.88442033968988
3328	5.439013069134776
3329	5.877208808685088
3330	6.352312489380885
3331	5.509508597876942
3332	6.134752399275093
3333	6.418462382906
3334	6.113547054226552
3335	5.4248888214020345
3336	6.203196470267213
3337	5.820456523151524
3338	6.019847786390131
3339	5.5643665710921155
3340	5.659084594556464
3341	5.973558197252882
3342	6.043615424572893
3343	6.293353248735984
3344	6.051155285546229
3345	5.897045817009126
3346	5.509404463629023
3347	6.148822114078535
3348	6.018281596203587
3349	5.739453473009169
3350	6.186971312802215
3351	6.079379053044955
3352	6.179624312249611
3353	5.312027832811198
3354	6.033717257693704
3355	6.331254349423883
3356	6.220133813080163
3357	5.8234954939886805
3358	5.543038073717616
3359	6.356153898058444
3360	6.161801780147464
3361	5.813403089649378
3362	5.820819592560782
3363	6.186626917799003
3364	6.151627863569482
3365	5.759261113931627
3366	5.927879950531166
3367	6.03611816657644
3368	5.713279195040007
3369	5.7911976385252695
3370	6.658046281776361
3371	5.86128085473371
3372	5.889997056076148
3373	5.707354481297652
3374	6.161074350199331
3375	6.017763955883371
3376	5.884870759667338
3377	6.317953593822378
3378	6.124221228109253
3379	5.561870259328446
3380	6.1147829164442875
3381	6.179913049068199
3382	5.676650886801033
3383	6.207487286842914
3384	6.24809452101374
3385	5.8880020043148695
3386	6.348840350210395
3387	5.994550554179262
3388	5.819256504870282
3389	5.986831736147886
3390	5.897122260740149
3391	5.94489976137117
3392	5.831542652182942
3393	6.224774381700903
3394	5.811266245241177
3395	6.023858952578794
3396	5.5031379004249175
3397	6.414920524451574
3398	5.947114561387725
3399	5.821603699631443
3400	5.841075555723161
3401	6.190193463943057
3402	5.997275661566834
3403	6.438124949254059
3404	6.047790027987915
3405	5.630915600587972
3406	5.996960323605248
3407	6.224130883564806
3408	5.885172957691202
3409	5.8006522086227665
3410	6.141361799446763
3411	5.719303241018356
3412	5.8763412770287715
3413	6.0601994134898804
3414	6.14646252893805
3415	6.410326204828395
3416	5.587783702601821
3417	6.000168406881762
3418	6.08409845091116
3419	6.100650404746595
3420	5.553306755715642
3421	5.922055469129677
3422	5.5803128984531
3423	6.529349506282969
3424	5.998459603088215
3425	6.142964385243665
3426	5.808840652343771
3427	5.869472948194489
3428	5.50568727189675
3429	5.909267336266884
3430	6.241730584993685
3431	5.7632732696824664
3432	5.767686701179525
3433	6.05979570263021
3434	6.205206769276593
3435	6.53568779140964
3436	6.600703523037772
3437	6.257300427618419
3438	6.530677551574384
3439	6.306627852737062
3440	5.860939200738953
3441	5.935403178526149
3442	5.91273006233478
3443	6.042222517374046
3444	6.165503051456843
3445	5.911898115112841
3446	5.946651500682718
3447	6.508390973756967
3448	6.359576850985301
3449	5.772644584259439
3450	5.846453481225763
3451	5.6981439370724525
3452	6.22969272952749
3453	6.200829018658557
3454	6.085791180299625
3455	6.3884651463603905
3456	5.785931206840994
3457	6.400395603999183
3458	6.009032453240996
3459	5.789767252010378
3460	6.435134782859709
3461	6.011664170239653
3462	5.85568400443111
3463	6.086394950611962
3464	5.731785815496551
3465	6.263387048286973
3466	5.633828818744629
3467	5.48752932361282
3468	5.582532623901143
3469	5.881417848939157
3470	6.032225220063788
3471	5.981259273805727
3472	5.916211231295532
3473	5.916785418816289
3474	5.83384843845674
3475	5.98870373123612
3476	5.459698231003131
3477	6.1645423330256115
3478	6.230160655355768
3479	5.96785477798403
3480	6.132726642269907
3481	6.116586857047848
3482	6.251172705054249
3483	6.1746723179395
3484	5.7496686903915055
3485	5.837025374696468
3486	5.827831139425456
3487	5.927930339593594
3488	6.079809865249055
3489	6.257351203121357
3490	6.0118764014488075
3491	5.722550230850786
3492	5.982932800907069
3493	5.997374373092685
3494	5.799692050018925
3495	6.1711352724877715
3496	5.857853913290914
3497	5.584654467789611
3498	5.92062211890057
3499	5.838247693220237
3500	6.080152119958542
3501	5.865544081984886
3502	6.227331606521537
3503	6.2556323508123075
3504	6.175013719994224
3505	6.1080508234138176
3506	5.999819433037955
3507	5.793529447046045
3508	6.111783575120443
3509	5.941396300544644
3510	6.299630686501041
3511	6.225122849588403
3512	6.166754416801268
3513	6.186386405094118
3514	5.863320112097681
3515	5.998485386521434
3516	5.962130807251448
3517	5.434039224885404
3518	5.864615979025186
3519	5.987703893105408
3520	5.957870512572823
3521	6.1334311602792395
3522	6.47071087919693
3523	5.944317248132932
3524	6.044922386446053
3525	5.777333357038775
3526	6.158330689490642
3527	6.014025163930692
3528	5.927625788258271
3529	6.072780485402631
3530	5.492307863302163
3531	6.223094636958671
3532	5.810318649935151
3533	5.570926746397373
3534	6.3506786717800425
3535	5.750011262328674
3536	6.092543034938836
3537	6.015551407348706
3538	5.990926949791245
3539	5.624224711214146
3540	6.002893574233514
3541	5.94339687982979
3542	6.138524753267481
3543	6.073473970556127
3544	6.505704289387673
3545	5.941222639140054
3546	5.806269796504746
3547	6.244032165994091
3548	5.65889946321672
3549	5.7861370983587
3550	6.049215234215335
3551	6.315156774970913
3552	5.999320684502331
3553	6.23872560171488
3554	6.302873035314523
3555	6.003705516539048
3556	5.716335078899375
3557	6.20368851100405
3558	6.203231205435512
3559	5.623959212724003
3560	6.308045356601423
3561	6.251656678666265
3562	6.014546456793793
3563	6.064848186237657
3564	5.982481918528548
3565	5.914848029314994
3566	6.028421161463484
3567	5.647250073557523
3568	5.897622165316716
3569	5.749709674126414
3570	5.853811560698316
3571	6.147515945895869
3572	6.252155990545483
3573	6.109091541468561
3574	5.253187623068454
3575	5.912438889925501
3576	5.59942889340767
3577	6.133561139235715
3578	5.4644316218572815
3579	5.532655594100316
3580	6.360468886206
3581	5.941258002284581
3582	5.854094649747233
3583	5.9803342443566185
3584	5.970420116074383
3585	6.320296145547685
3586	5.876411207775105
3587	5.706588980802228
3588	6.228586145359831
3589	5.958820706893706
3590	6.189827183742318
3591	6.401391190006152
3592	5.503544266112618
3593	5.882217426614269
3594	5.817590062539175
3595	5.993558236504352
3596	5.489787447746381
3597	5.526129064087133
3598	5.9940178621236395
3599	6.021451606101698
3600	5.718485756027936
3601	5.853877095592414
3602	5.6301217820468565
3603	5.697351342102943
3604	5.845812054074211
3605	6.512075283008684
3606	6.352160374686122
3607	6.146770063813041
3608	6.354870737224285
3609	5.8102432579640295
3610	5.984053592601987
3611	6.074672815467541
3612	5.80744068824505
3613	5.752537270577452
3614	6.065305930549617
3615	5.549999751434054
3616	6.281040924104253
3617	6.146715162348726
3618	6.381290938170273
3619	6.184848133893683
3620	5.906063308582816
3621	5.916889210423089
3622	5.858858298293238
3623	5.912154698042229
3624	6.035497218515689
3625	6.055963442412516
3626	5.81989201669358
3627	5.772266351597627
3628	5.737772552440751
3629	6.394286585133523
3630	6.377340887177074
3631	5.544072311229842
3632	6.060219226515896
3633	5.922824297851713
3634	5.919100634630939
3635	6.004955990545066
3636	5.822818659978367
3637	5.984343670091896
3638	6.114172561063983
3639	6.150295076059114
3640	6.046741388467156
3641	5.973641986440503
3642	6.201161883208191
3643	6.667970594807318
3644	6.169666770917847
3645	6.272982351180604
3646	6.1107294585445295
3647	6.129399742007765
3648	6.165812944158769
3649	6.250217278022319
3650	5.751985154757907
3651	6.127432208200512
3652	6.398827723818322
3653	6.1496278534510305
3654	5.736871751120652
3655	6.097431730694224
3656	5.870879129197657
3657	5.743818758261739
3658	6.251952873238878
3659	6.182123314818008
3660	6.3582854531267845
3661	6.25057490080004
3662	6.090221893167365
3663	5.71194703951548
3664	5.838810622197081
3665	5.787286903106104
3666	6.008451020265588
3667	6.112127393450588
3668	6.006502356824126
3669	6.087070304408635
3670	6.538909128200263
3671	6.584883295563294
3672	6.197145893566565
3673	5.544178130979148
3674	6.219419184338664
3675	5.673173594041525
3676	6.000357638379829
3677	5.854747849671791
3678	5.619124109784775
3679	5.948736941687975
3680	5.456848555514589
3681	6.084420127292665
3682	6.194486032304322
3683	6.13996195740765
3684	6.085674682456367
3685	6.74132965195791
3686	6.061117503333442
3687	5.689472936692515
3688	6.054180927062407
3689	5.961362928079748
3690	6.157155713589306
3691	5.801791794187474
3692	5.953919266775381
3693	5.87013022633964
3694	6.137302991342178
3695	6.090548862316745
3696	5.9871581805470795
3697	5.762110177345608
3698	5.988400569449611
3699	6.0903981735981585
3700	5.9009740887440545
3701	5.801442683912905
3702	5.832405052360564
3703	6.047111630018027
3704	5.653101750925751
3705	5.834695501551032
3706	6.019370710554131
3707	5.856544547095956
3708	5.940343333296632
3709	6.016890010861163
3710	5.664197273137688
3711	5.757305015797686
3712	5.797548656431572
3713	6.19289865049844
3714	6.118725543019302
3715	5.337623199529864
3716	6.220619201867816
3717	5.514032188608226
3718	5.924674846661469
3719	5.809967371825636
3720	6.183078609370098
3721	5.604023329154909
3722	6.113189662213631
3723	5.983098869041826
3724	6.0520762485071
3725	5.986958291712933
3726	6.168122350753954
3727	6.074891719643857
3728	6.222051268003881
3729	5.968147781087152
3730	5.731495281429331
3731	5.863764800212459
3732	6.286202357879149
3733	6.188343173257196
3734	5.844678499327987
3735	5.8876366096781565
3736	6.150149217778319
3737	5.655995571908231
3738	6.093887856525336
3739	5.916728883001953
3740	5.6813545401716885
3741	6.0961914316093155
3742	6.180272773620398
3743	6.215894147172839
3744	5.867090474362954
3745	6.147022440625733
3746	6.079943476201567
3747	6.270434666217559
3748	5.879601227741984
3749	6.134414592953233
3750	6.257534011620252
3751	5.788198414666594
3752	5.916705810153128
3753	6.066393883522876
3754	6.022331560711161
3755	6.248388689719448
3756	5.425817497648057
3757	6.308729212407747
3758	5.955008958041182
3759	5.802513084763912
3760	5.961331087600609
3761	5.785838482079491
3762	5.639574019451452
3763	6.162351048323234
3764	6.184692250660905
3765	6.001080219974925
3766	5.864006583222553
3767	6.465717176481121
3768	6.211501638005215
3769	5.7240405672267585
3770	6.418142855733081
3771	5.862817409769968
3772	5.842108346593495
3773	5.905576291742687
3774	6.452682081471525
3775	6.260622324053908
3776	5.458653513063616
3777	5.5199891809461406
3778	6.36202555893127
3779	6.188807799894777
3780	5.932425295929886
3781	6.025575096573448
3782	5.9044293133690955
3783	5.922468826649711
3784	6.1791648231040215
3785	5.895021582581103
3786	6.025985064532827
3787	5.954256859254993
3788	5.5529953013411015
3789	5.708711803485075
3790	5.730437690614384
3791	5.552249551937748
3792	5.53269106362859
3793	5.9154214319548215
3794	5.61843451174597
3795	6.533349590591917
3796	6.263844138699878
3797	5.707669502059403
3798	6.115258189765653
3799	5.856857623071449
3800	5.9670509883655685
3801	6.1119451031778365
3802	5.9478152298316775
3803	6.176402053411231
3804	6.1378738443294525
3805	6.012648489078386
3806	6.178498699348545
3807	5.7029945505018445
3808	5.492613881295316
3809	6.120699783090563
3810	5.915839079600305
3811	5.7352535598350824
3812	5.8987856694341945
3813	5.858180491868588
3814	6.471140148978906
3815	5.9517054533571905
3816	5.900432207617968
3817	5.964984222970335
3818	5.981404651770353
3819	6.17422283779154
3820	5.9164812294918985
3821	5.906877586160433
3822	6.1841062359308125
3823	6.123203040063381
3824	6.724595360298981
3825	6.4943578375369
3826	5.422987017898046
3827	6.159548740979284
3828	5.803638923633019
3829	5.705231837303484
3830	6.210154707827606
3831	6.12971912666333
3832	5.871355393553447
3833	5.83851486183994
3834	5.620809043550657
3835	5.683124430112642
3836	6.06390975655246
3837	5.969548479846428
3838	6.243300284460026
3839	6.359500704468264
3840	5.4399638053108115
3841	5.641355655700164
3842	5.714345212488507
3843	6.1494310917125805
3844	6.12852008415288
3845	6.167391186094669
3846	5.561345632400781
3847	6.071756584336981
3848	6.144264907590255
3849	6.190513139463961
3850	6.371832118714408
3851	6.571266302264121
3852	5.8779605632760275
3853	6.4511408667825165
3854	6.018171474447145
3855	5.866311212655348
3856	5.742102127198485
3857	6.132648691725266
3858	5.847322035422954
3859	5.886395144531042
3860	5.856054678752732
3861	6.352414170400042
3862	6.365402564469688
3863	6.290765975680398
3864	5.973020023269497
3865	6.313958341784945
3866	6.435797793329232
3867	5.938276473369721
3868	6.207116615237962
3869	6.483883131303269
3870	6.1314865232187525
3871	6.358351587684888
3872	5.974121637425797
3873	5.82129417906817
3874	6.002962796736509
3875	6.1367659858133425
3876	6.334724271060189
3877	5.675629257933576
3878	6.257843761186561
3879	6.145505482605057
3880	6.0134372680000965
3881	6.410085843357536
3882	5.732778514964593
3883	6.182098000967064
3884	6.171138275430625
3885	6.095827198748992
3886	6.15809022099711
3887	6.210409275887834
3888	6.136065380189568
3889	5.730375513145777
3890	5.871652522670297
3891	6.192075691069476
3892	6.099588036081706
3893	5.983944235134472
3894	5.784711818160065
3895	6.320373999596872
3896	5.861524420804486
3897	6.06138734968772
3898	6.476928907119705
3899	5.926174078988931
3900	5.910218349102164
3901	5.579729762527572
3902	5.949001342806722
3903	6.436591785209154
3904	6.090464985052157
3905	5.838581656662656
3906	6.400128845422182
3907	6.137024146949757
3908	6.181076459036987
3909	5.65111859278394
3910	6.1488687237259
3911	6.048276208551051
3912	5.7430362690798935
3913	5.791397914791367
3914	5.9133634774561425
3915	6.34095960883108
3916	5.922235840254871
3917	5.66018213918515
3918	6.181375990057183
3919	6.331193781027398
3920	6.0483091192168965
3921	5.916601646379805
3922	5.959633831365499
3923	6.078577666418981
3924	5.859680007902595
3925	5.988343930492799
3926	6.091401935156918
3927	6.211198452150538
3928	5.850749403881353
3929	5.845424371616294
3930	5.611848056325879
3931	5.783880809472552
3932	6.295654704423337
3933	6.034773410499618
3934	5.9937757090166475
3935	6.206794131217541
3936	6.075823170297286
3937	5.754856628585812
3938	6.232216119447625
3939	6.328024361257641
3940	6.401230746384607
3941	6.240554394603178
3942	6.351616750897041
3943	6.024557178632225
3944	5.863966819666849
3945	6.045645689362309
3946	6.279193787622561
3947	6.0801249076185435
3948	6.066032343164086
3949	5.69652348625132
3950	5.47347685657793
3951	5.895716826864189
3952	6.009674551212811
3953	5.970911073175791
3954	6.277579187403801
3955	6.043430206638732
3956	6.059291386568903
3957	6.1973571428097785
3958	6.1002349959574635
3959	5.677492347317403
3960	5.883553845491002
3961	5.991877638843264
3962	6.089589812643542
3963	5.618940717218952
3964	6.5408851825673
3965	5.897369720460534
3966	6.560379855126943
3967	5.955335142420206
3968	6.228518210482434
3969	6.421128113357554
3970	6.7686506919608025
3971	6.098186481404244
3972	5.663706097609669
3973	6.336182014118614
3974	5.928584087125169
3975	6.2146163798875715
3976	6.05723802332597
3977	5.721978891277359
3978	5.852639220820983
3979	5.733977540657641
3980	6.677825554115698
3981	6.439888455957174
3982	6.317968532282609
3983	5.36575520376307
3984	6.191060326764217
3985	5.55369889476215
3986	5.993343461852055
3987	6.024196536470205
3988	6.142862636358822
3989	6.532931984550769
3990	5.729029848726223
3991	5.689981486683868
3992	6.38332247447907
3993	6.031318403328596
3994	5.782655546301524
3995	5.902971942418518
3996	5.883082980093354
3997	5.952268800683669
3998	6.0048490006942306
3999	5.827252450563013
